107.712012
113.521197
114.602481
123.562781
125.763124
127.319251
128.836102
140.464929
146.949375
147.707613
147.958871
148.467309
149.009525
149.383526
155.195111
155.553692
160.936777
171.388553
171.872348
171.872708
172.709
172.74819
172.85505
173.292084
173.472623
173.899614
174.140066
174.560244
174.605788
174.776828
175.230395
175.304353
175.339306
175.346671
175.393331
175.700342
176.231136
176.297496
176.311313
176.416189
176.60668
176.667718
176.675231
176.70604
176.967532
177.039615
177.502079
177.646257
177.662721
177.706326
178.034752
178.12595
178.204818
178.299753
178.319256
178.476816
178.624283
178.678343
178.679205
178.751716
178.769792
178.989538
179.074315
179.242013
179.279017
179.380818
179.510252
179.688239
179.845488
179.974597
179.978632
180.207617
180.228346
180.318456
180.331805
180.351505
180.357957
180.3834
180.39116
180.467336
180.63097
180.706955
180.712521
180.795844
180.810866
180.829315
180.855557
181.037321
181.086883
181.155161
181.209444
181.342388
181.350846
181.357406
181.381674
181.463786
181.628624
181.629269
181.632643
181.735977
181.833441
181.840817
181.973678
182.054973
182.06081
182.157206
182.166745
182.292069
182.306329
182.335722
182.352273
182.432414
182.473833
182.537883
182.550883
182.553074
182.557842
182.595187
182.605548
182.695362
182.720575
182.766442
182.841222
182.841692
182.844231
182.873731
182.976998
182.989094
183.031618
183.033148
183.069634
183.071719
183.073769
183.080235
183.124335
183.162849
183.186878
183.196406
183.21017
183.277862
183.324645
183.34443
183.346047
183.398205
183.398349
183.420612
183.473943
183.510006
183.517791
183.520803
183.545769
183.547492
183.559786
183.590631
183.590929
183.593286
183.697474
183.706617
183.709504
183.730077
183.733298
183.81457
183.816565
183.822944
183.831653
183.864057
183.887987
183.904619
183.913304
183.922369
183.946579
184.008887
184.013931
184.036067
184.039523
184.054168
184.061224
184.092414
184.100169
184.178803
184.200899
184.219732
184.244496
184.257493
184.302718
184.317762
184.331598
184.335396
184.348623
184.365227
184.381386
184.38808
184.412542
184.421773
184.500003
184.501625
184.514269
184.546597
184.585164
184.630222
184.735363
184.739886
184.769764
184.78632
184.81471
184.827424
184.829743
184.861668
184.862614
184.867375
184.910009
184.911124
184.950162
185.000297
185.00456
185.010721
185.012709
185.020157
185.089037
185.091174
185.121802
185.130253
185.138386
185.139135
185.153314
185.208666
185.235911
185.258784
185.269332
185.278896
185.285799
185.31781
185.325066
185.363633
185.477181
185.509472
185.538491
185.548377
185.576346
185.576619
185.576933
185.582728
185.600774
185.612924
185.615279
185.676234
185.68739
185.692684
185.711401
185.717825
185.74445
185.780835
185.802967
185.829276
185.832755
185.878616
185.973953
185.982075
185.983557
185.985963
186.027576
186.060424
186.074379
186.074741
186.100004
186.125694
186.129529
186.15541
186.165466
186.168579
186.189159
186.201279
186.203602
186.216394
186.269169
186.291471
186.292598
186.297716
186.327622
186.347753
186.379399
186.381523
186.398183
186.438733
186.439816
186.452411
186.46138
186.47063
186.487364
186.511686
186.546355
186.565247
186.584058
186.592665
186.617318
186.63426
186.638344
186.673258
186.679347
186.679822
186.707341
186.707355
186.710932
186.717565
186.719892
186.731731
186.733229
186.751991
186.753581
186.773857
186.781775
186.821382
186.855921
186.862798
186.867709
186.872469
186.881399
186.885649
186.894989
186.897773
186.927779
186.953314
186.957898
186.972371
186.998356
187.003344
187.024472
187.036374
187.037613
187.043402
187.059103
187.060383
187.078408
187.093625
187.111279
187.129558
187.133942
187.13852
187.143327
187.162098
187.178035
187.181302
187.223609
187.240187
187.242476
187.260525
187.261639
187.270033
187.310164
187.318028
187.324479
187.33452
187.3576
187.364229
187.368654
187.382894
187.402348
187.405392
187.419412
187.429694
187.456538
187.458555
187.463248
187.490305
187.502565
187.515007
187.525289
187.57289
187.59292
187.62065
187.6228
187.630817
187.652192
187.659475
187.672441
187.673619
187.683323
187.696878
187.700718
187.70727
187.712838
187.721719
187.732911
187.752237
187.76993
187.778171
187.77822
187.790263
187.811555
187.823236
187.830255
187.8358
187.846017
187.846462
187.862072
187.894338
187.901594
187.909852
187.946023
187.950377
187.95968
187.96713
187.987604
188.005228
188.065168
188.096307
188.104239
188.109303
188.127424
188.147864
188.169477
188.17488
188.178108
188.183209
188.191156
188.192311
188.193299
188.220257
188.221409
188.223065
188.225403
188.229633
188.240936
188.263324
188.26436
188.265398
188.281918
188.293283
188.298116
188.299931
188.311289
188.319743
188.338775
188.369013
188.374122
188.38956
188.38991
188.402302
188.406846
188.416722
188.448238
188.448712
188.478778
188.482998
188.521468
188.52198
188.527991
188.530591
188.533182
188.539903
188.539971
188.560185
188.567769
188.576194
188.593903
188.606911
188.621883
188.62284
188.624875
188.629012
188.635217
188.63854
188.652452
188.654196
188.662302
188.669362
188.694022
188.696121
188.701359
188.705187
188.712421
188.715298
188.726515
188.733952
188.761489
188.764485
188.777944
188.781115
188.784348
188.797607
188.807111
188.814908
188.821244
188.840407
188.843835
188.854111
188.874022
188.886764
188.891655
188.895787
188.90282
188.904345
188.907972
188.91983
188.926775
188.945873
188.958141
188.967308
188.976825
188.982848
188.985418
188.986161
188.987002
189.01492
189.024144
189.024316
189.027858
189.029189
189.033837
189.036131
189.036835
189.039887
189.063134
189.065454
189.077317
189.097814
189.10901
189.121034
189.12563
189.127462
189.131072
189.169743
189.180147
189.200497
189.213793
189.225911
189.265601
189.277359
189.337885
189.341479
189.349192
189.353073
189.355597
189.36127
189.361716
189.364868
189.365264
189.370243
189.371484
189.386501
189.388356
189.430277
189.434279
189.434293
189.434548
189.457209
189.459608
189.465962
189.479125
189.487324
189.488981
189.496171
189.496452
189.499228
189.514797
189.534653
189.535016
189.536521
189.537783
189.560987
189.582186
189.602892
189.608734
189.633168
189.644368
189.659075
189.664825
189.666692
189.668237
189.677066
189.706929
189.715176
189.717449
189.735824
189.745802
189.774359
189.778736
189.792003
189.794377
189.806228
189.807958
189.824295
189.828868
189.843045
189.847122
189.851983
189.873279
189.903856
189.90896
189.913351
189.926651
189.931372
189.950171
189.955744
189.956013
189.963929
189.988578
189.992398
189.997406
190.005015
190.012431
190.029425
190.036719
190.052423
190.054988
190.081119
190.084965
190.087631
190.087924
190.098425
190.099768
190.100891
190.104763
190.11206
190.136497
190.14323
190.153684
190.159981
190.177229
190.199833
190.210069
190.229596
190.231554
190.24234
190.247001
190.247899
190.248904
190.254938
190.255423
190.263636
190.274995
190.286131
190.292296
190.327224
190.342579
190.346836
190.350863
190.357376
190.360492
190.365574
190.36577
190.382289
190.386494
190.401772
190.402311
190.414303
190.4338
190.447902
190.450988
190.49681
190.497087
190.498379
190.499143
190.520289
190.529929
190.531846
190.534074
190.542946
190.543776
190.549013
190.558765
190.561348
190.562818
190.564971
190.579318
190.58586
190.599745
190.603593
190.605436
190.619689
190.631488
190.648523
190.654261
190.666761
190.679589
190.682192
190.693814
190.694163
190.712684
190.713791
190.720412
190.720494
190.720949
190.724463
190.729962
190.739577
190.753622
190.753721
190.758055
190.764412
190.782646
190.805468
190.811342
190.821538
190.822995
190.828547
190.833951
190.845745
190.850183
190.861327
190.870656
190.897651
190.899585
190.90368
190.911613
190.912874
190.917
190.931768
190.953173
190.953895
190.958396
190.962854
190.963593
190.96944
190.976186
190.979763
190.990726
191.007795
191.014593
191.0167
191.020073
191.03466
191.050826
191.054401
191.07426
191.082039
191.091503
191.111211
191.115612
191.120766
191.134346
191.147946
191.161848
191.176959
191.198078
191.198581
191.214264
191.245595
191.252103
191.254652
191.284676
191.291203
191.293478
191.29645
191.302512
191.307803
191.311268
191.31864
191.323816
191.33232
191.338479
191.358511
191.368812
191.369768
191.376609
191.377906
191.383464
191.389186
191.392328
191.392553
191.405617
191.410211
191.413007
191.439915
191.461823
191.462357
191.46292
191.473168
191.483299
191.48341
191.483754
191.485598
191.501549
191.520489
191.523774
191.528055
191.551782
191.552669
191.562556
191.563839
191.595858
191.598133
191.605303
191.605464
191.621054
191.627683
191.636141
191.643772
191.664021
191.66584
191.66986
191.686519
191.698742
191.716559
191.730544
191.734361
191.737607
191.75055
191.75144
191.752294
191.77028
191.772578
191.782614
191.784494
191.786783
191.788953
191.801237
191.816131
191.82436
191.825719
191.834875
191.839791
191.846279
191.851798
191.85333
191.8612
191.868352
191.878547
191.887139
191.908058
191.914232
191.914437
191.915161
191.920752
191.921161
191.925111
191.932052
191.934785
191.935399
191.950083
191.954889
191.955826
191.972688
191.978402
191.986401
192.002221
192.023327
192.039268
192.041526
192.052595
192.065926
192.089623
192.118511
192.125342
192.139119
192.152353
192.154995
192.165841
192.171555
192.178349
192.178941
192.209903
192.232116
192.233549
192.245146
192.255383
192.261407
192.26955
192.271842
192.281458
192.30332
192.319974
192.32983
192.333682
192.335005
192.355412
192.370396
192.390926
192.391534
192.405662
192.423037
192.427848
192.437664
192.443335
192.445879
192.45163
192.463822
192.468066
192.472821
192.487811
192.491274
192.502959
192.5273
192.543708
192.544979
192.558671
192.565197
192.565675
192.56938
192.576882
192.580426
192.588109
192.598438
192.598789
192.600808
192.605669
192.609936
192.61194
192.615231
192.633072
192.639055
192.649388
192.653317
192.654676
192.661054
192.663977
192.666609
192.673391
192.674983
192.682166
192.68326
192.683518
192.706447
192.712332
192.713982
192.714528
192.745145
192.746137
192.753748
192.766632
192.783287
192.784855
192.799435
192.802102
192.809345
192.812903
192.82371
192.825932
192.827029
192.829775
192.844056
192.846743
192.852089
192.853885
192.878313
192.893419
192.922134
192.924201
192.928275
192.929444
192.932162
192.937522
192.943187
192.955735
192.960207
192.964037
192.964079
192.996428
193.008098
193.018177
193.031049
193.03409
193.045882
193.04702
193.047755
193.055517
193.059665
193.060233
193.065622
193.073892
193.093558
193.096877
193.113652
193.124815
193.130205
193.134215
193.140834
193.142141
193.162187
193.175806
193.176506
193.182631
193.185387
193.195182
193.19595
193.199628
193.20341
193.205068
193.21436
193.215819
193.236512
193.240326
193.247153
193.249498
193.24957
193.251787
193.253496
193.263835
193.26892
193.269668
193.283036
193.293277
193.306814
193.315467
193.315709
193.322173
193.32294
193.323765
193.339406
193.343642
193.354956
193.376577
193.385315
193.393382
193.396926
193.400004
193.402277
193.406358
193.410277
193.415704
193.418107
193.425975
193.43405
193.450445
193.461288
193.463702
193.465226
193.467584
193.469768
193.492087
193.495648
193.506235
193.506334
193.552458
193.563659
193.564817
193.569219
193.619276
193.623101
193.635596
193.649441
193.651226
193.652441
193.657472
193.664636
193.678402
193.679489
193.691418
193.696306
193.706397
193.712358
193.712974
193.713607
193.714005
193.721495
193.75262
193.764054
193.767488
193.773542
193.776985
193.792164
193.792852
193.806795
193.807514
193.808737
193.81226
193.817844
193.818255
193.818948
193.82073
193.837901
193.841596
193.842295
193.842866
193.847393
193.848674
193.854814
193.855536
193.857359
193.857537
193.867791
193.869417
193.870703
193.87992
193.881283
193.883396
193.885383
193.88656
193.887868
193.888445
193.895368
193.903089
193.910305
193.926758
193.938652
193.946557
193.955968
193.960028
193.963776
193.967682
193.968363
193.968854
193.97601
193.98994
193.993037
194.01074
194.023789
194.038248
194.041891
194.042102
194.04992
194.073107
194.074034
194.086699
194.090311
194.091448
194.09334
194.102288
194.110826
194.111352
194.11207
194.113337
194.115044
194.11767
194.119934
194.121636
194.131394
194.136805
194.137117
194.145102
194.153079
194.18456
194.195873
194.199709
194.203121
194.218707
194.229472
194.232663
194.233926
194.251013
194.253867
194.25549
194.260904
194.262105
194.271677
194.282814
194.301142
194.301557
194.306272
194.310152
194.315595
194.319678
194.331508
194.335304
194.346328
194.348858
194.349651
194.35882
194.359986
194.362389
194.37171
194.377268
194.379489
194.380689
194.381773
194.39567
194.402624
194.409911
194.434691
194.435553
194.439741
194.443272
194.446617
194.448989
194.449123
194.450388
194.45265
194.461665
194.462433
194.482916
194.494971
194.496254
194.502157
194.505909
194.510409
194.510477
194.510885
194.515661
194.518367
194.523475
194.524116
194.526362
194.531603
194.542086
194.549274
194.556138
194.557773
194.563728
194.568464
194.577189
194.578124
194.579
194.579987
194.585457
194.585633
194.586694
194.599768
194.603601
194.608841
194.619016
194.625462
194.632025
194.63367
194.634422
194.634745
194.65
194.663123
194.669591
194.679432
194.681701
194.682622
194.683549
194.689929
194.69382
194.701458
194.709979
194.719009
194.719363
194.720795
194.721733
194.723238
194.728123
194.73955
194.744875
194.746875
194.747113
194.757603
194.78068
194.786887
194.800408
194.80869
194.82948
194.83124
194.837657
194.85142
194.854487
194.860009
194.869111
194.872934
194.883921
194.891591
194.899071
194.900284
194.90167
194.904668
194.906478
194.913998
194.925872
194.928072
194.931308
194.932535
194.936842
194.94417
194.944646
194.952677
194.959535
194.962508
194.965387
194.993446
194.997602
195.003997
195.017327
195.027942
195.029564
195.035136
195.054467
195.055885
195.058053
195.066623
195.076744
195.088794
195.094056
195.122817
195.124178
195.125226
195.131436
195.137746
195.141039
195.141264
195.151146
195.151774
195.15406
195.15889
195.169974
195.181329
195.193907
195.195149
195.19942
195.202215
195.205419
195.207716
195.225551
195.227538
195.22823
195.230121
195.23593
195.257269
195.258365
195.269144
195.272116
195.275581
195.27899
195.281911
195.288313
195.289001
195.290534
195.294772
195.297298
195.303137
195.304107
195.308927
195.311671
195.314786
195.319904
195.326987
195.333867
195.343046
195.348785
195.356507
195.359132
195.360697
195.362606
195.36658
195.373723
195.374087
195.386023
195.390832
195.396652
195.39908
195.402993
195.40581
195.409508
195.410957
195.413947
195.417921
195.419593
195.42166
195.427368
195.428073
195.431206
195.43406
195.444301
195.452009
195.452805
195.454169
195.458367
195.465848
195.466203
195.469637
195.478952
195.479728
195.518512
195.523324
195.523881
195.530886
195.534536
195.538234
195.541811
195.542083
195.546087
195.559133
195.564641
195.571201
195.58611
195.58951
195.591259
195.591613
195.596338
195.598594
195.598603
195.599771
195.607059
195.615646
195.6162
195.620547
195.625241
195.62554
195.626797
195.63072
195.63166
195.63743
195.63777
195.63902
195.646981
195.658368
195.659359
195.660302
195.673562
195.673813
195.678615
195.679094
195.692164
195.698802
195.699709
195.7084
195.71611
195.71998
195.727424
195.736377
195.743823
195.761872
195.765254
195.774988
195.791266
195.792564
195.798652
195.809918
195.810938
195.814877
195.839524
195.841799
195.844972
195.847489
195.851066
195.854898
195.856971
195.85921
195.870544
195.873549
195.874398
195.885211
195.885495
195.888715
195.897731
195.93176
195.93925
195.941115
195.944936
195.944969
195.948418
195.954684
195.961773
195.978775
195.984519
195.985819
195.989038
196.006012
196.018813
196.022987
196.025841
196.026106
196.029625
196.031177
196.035039
196.035722
196.0369
196.038877
196.052522
196.053033
196.055442
196.057274
196.072236
196.072759
196.082954
196.094475
196.094852
196.0961
196.096806
196.102674
196.107795
196.10946
196.119312
196.122026
196.122977
196.130527
196.131822
196.135764
196.143903
196.148537
196.164064
196.17576
196.177348
196.188725
196.215987
196.216916
196.217749
196.246055
196.249998
196.267345
196.267925
196.269593
196.279272
196.280138
196.283201
196.28596
196.28844
196.296035
196.298657
196.319113
196.321045
196.323989
196.324554
196.330102
196.338406
196.339519
196.341285
196.362291
196.363831
196.365817
196.382137
196.388833
196.393152
196.40593
196.423129
196.439428
196.43967
196.443207
196.446252
196.452656
196.454599
196.462874
196.464568
196.466021
196.470812
196.471376
196.472814
196.47604
196.483128
196.494367
196.494481
196.510475
196.512069
196.521245
196.538732
196.541728
196.543481
196.547912
196.548747
196.5498
196.551423
196.555628
196.562184
196.566495
196.594486
196.607501
196.607652
196.615149
196.619056
196.619304
196.621806
196.631644
196.632305
196.633476
196.634967
196.636032
196.64211
196.659678
196.661057
196.668938
196.688161
196.689271
196.69666
196.700544
196.702233
196.70387
196.705893
196.706569
196.719261
196.722054
196.72272
196.729354
196.731447
196.744098
196.747006
196.74877
196.757186
196.764216
196.764448
196.765724
196.770945
196.775808
196.776804
196.777365
196.785685
196.799606
196.803113
196.80597
196.826073
196.830438
196.84035
196.847454
196.847796
196.867701
196.87174
196.880536
196.883048
196.888308
196.920125
196.921888
196.928958
196.932454
196.943518
196.951696
196.952246
196.958973
196.960251
196.980204
196.985162
196.995483
197.001501
197.008822
197.011622
197.012
197.018675
197.018861
197.022772
197.034169
197.035217
197.040152
197.044802
197.045805
197.046799
197.051142
197.061929
197.066544
197.070917
197.07716
197.077574
197.079052
197.082366
197.082876
197.083545
197.087423
197.094294
197.100661
197.103439
197.109338
197.109476
197.109796
197.116992
197.119841
197.127063
197.143092
197.144942
197.148444
197.149435
197.158182
197.15836
197.164622
197.166589
197.175116
197.175807
197.196586
197.205401
197.217699
197.233229
197.23948
197.251868
197.253059
197.256555
197.256782
197.258582
197.268861
197.273895
197.285503
197.292446
197.295246
197.297633
197.339337
197.343255
197.344817
197.345316
197.353471
197.358521
197.373821
197.379294
197.383945
197.384115
197.386459
197.39826
197.398784
197.401047
197.407589
197.426245
197.427199
197.427578
197.427718
197.428464
197.437191
197.437852
197.443826
197.448944
197.460526
197.466534
197.469893
197.478246
197.47848
197.490321
197.503683
197.505626
197.509723
197.513926
197.520115
197.521125
197.524416
197.528373
197.546248
197.553882
197.566464
197.573035
197.576913
197.579645
197.580614
197.583402
197.585824
197.590953
197.597309
197.609958
197.62207
197.635047
197.661425
197.671153
197.702132
197.706189
197.708211
197.714308
197.714357
197.714816
197.715417
197.716168
197.720988
197.721597
197.721714
197.724308
197.725171
197.734192
197.739066
197.749191
197.74957
197.752264
197.753084
197.774495
197.781781
197.79838
197.805663
197.810401
197.810974
197.81461
197.823005
197.832228
197.837082
197.847914
197.848606
197.848707
197.852371
197.862184
197.876084
197.876143
197.880355
197.883234
197.885853
197.89483
197.899236
197.900775
197.908088
197.910171
197.914073
197.918073
197.923363
197.92388
197.92449
197.927002
197.930584
197.957338
197.963487
197.963543
197.965241
197.966128
197.967333
197.986607
197.990863
197.991546
197.991962
197.992794
197.997314
197.999509
198.00592
198.013315
198.027929
198.032645
198.045632
198.051167
198.06254
198.065698
198.06734
198.098407
198.105111
198.10915
198.116697
198.118943
198.122301
198.125116
198.140455
198.145758
198.147706
198.156001
198.158117
198.168587
198.17
198.178835
198.185021
198.186539
198.190192
198.205665
198.211322
198.212991
198.218582
198.223357
198.224201
198.227177
198.228133
198.250816
198.260399
198.26063
198.26296
198.268454
198.270699
198.282559
198.284549
198.285168
198.28778
198.28815
198.288419
198.292703
198.2976
198.304487
198.309005
198.319701
198.324048
198.327577
198.329512
198.333316
198.334658
198.335356
198.337612
198.354905
198.382905
198.394039
198.394869
198.395992
198.403676
198.405613
198.410451
198.416706
198.417218
198.421847
198.441288
198.443521
198.451153
198.452687
198.459413
198.461794
198.470553
198.474843
198.482358
198.491312
198.501501
198.510812
198.533682
198.534488
198.534661
198.537995
198.545017
198.551369
198.560395
198.565094
198.568279
198.580728
198.581451
198.58736
198.587606
198.595872
198.625773
198.640077
198.647829
198.668559
198.66913
198.670013
198.673885
198.692968
198.710392
198.711999
198.712895
198.718629
198.720648
198.725956
198.727281
198.751145
198.772077
198.774473
198.783151
198.826196
198.827163
198.832152
198.846213
198.848392
198.849647
198.861189
198.862137
198.864583
198.86795
198.875058
198.877884
198.880168
198.882475
198.889454
198.889552
198.890432
198.895226
198.896789
198.911231
198.911457
198.911761
198.946335
198.958601
198.958915
198.978262
198.982564
198.98278
199.013405
199.01627
199.024433
199.035707
199.049962
199.050392
199.05171
199.067805
199.071351
199.073832
199.083539
199.083751
199.111906
199.113361
199.117915
199.120169
199.122056
199.138747
199.151448
199.153745
199.164278
199.165546
199.171267
199.17302
199.175945
199.178882
199.187665
199.204999
199.220295
199.228654
199.233127
199.235936
199.250588
199.253617
199.259405
199.266905
199.270867
199.289642
199.290322
199.29175
199.291816
199.29391
199.308198
199.312263
199.313216
199.316951
199.318122
199.327269
199.32743
199.331563
199.333518
199.338042
199.344083
199.344595
199.354615
199.365876
199.37989
199.38763
199.390287
199.400534
199.405333
199.406988
199.418849
199.420283
199.433528
199.433847
199.441251
199.457345
199.481385
199.483062
199.49434
199.495358
199.507953
199.518894
199.520374
199.520714
199.521779
199.534383
199.537673
199.550926
199.556679
199.565223
199.570629
199.573533
199.574931
199.592754
199.601282
199.613295
199.616598
199.616709
199.61761
199.638999
199.656907
199.670046
199.670066
199.683811
199.684087
199.684153
199.68974
199.698492
199.706133
199.716825
199.717785
199.72328
199.749332
199.751591
199.761696
199.765841
199.766276
199.768041
199.781583
199.799553
199.80389
199.810448
199.827042
199.839492
199.841634
199.854858
199.867934
199.875008
199.877945
199.878052
199.892274
199.893432
199.907546
199.910012
199.910072
199.913208
199.937012
199.950732
199.955702
199.969861
199.971835
199.974681
199.976758
199.992674
199.992841
199.997068
200.002487
200.023747
200.026835
200.042562
200.048645
200.055067
200.057814
200.065968
200.090069
200.096098
200.103296
200.129073
200.14065
200.149343
200.149482
200.156714
200.16669
200.166908
200.19163
200.215251
200.217931
200.225217
200.240349
200.243828
200.246535
200.261809
200.270839
200.296225
200.301207
200.303633
200.309091
200.315167
200.324932
200.326795
200.326946
200.327364
200.336575
200.336719
200.33862
200.341058
200.343912
200.350549
200.355776
200.37512
200.378545
200.389193
200.394928
200.405941
200.427404
200.430312
200.432326
200.436558
200.437756
200.441899
200.446751
200.45472
200.456638
200.457715
200.466533
200.47056
200.484428
200.48969
200.493954
200.499808
200.500697
200.514844
200.516213
200.527131
200.535098
200.535232
200.554853
200.555227
200.581014
200.58861
200.593743
200.601962
200.604323
200.608926
200.617941
200.620823
200.621967
200.644038
200.663008
200.668666
200.66972
200.671718
200.674936
200.681673
200.689498
200.68969
200.692722
200.700366
200.71808
200.724362
200.731653
200.738385
200.743915
200.744253
200.752732
200.760112
200.785113
200.793531
200.795497
200.800156
200.801851
200.812252
200.829266
200.831704
200.833349
200.839796
200.858769
200.872736
200.878388
200.884917
200.887902
200.893883
200.896374
200.902016
200.904388
200.90987
200.914462
200.917638
200.9193
200.930195
200.933496
200.950431
200.956759
200.956823
200.963832
200.966506
200.987251
200.995766
201.006869
201.012825
201.028445
201.031231
201.034357
201.042919
201.057442
201.058404
201.06638
201.070166
201.071115
201.074745
201.091009
201.092412
201.114279
201.122869
201.14386
201.144714
201.14491
201.148002
201.195016
201.19717
201.202762
201.213285
201.22901
201.230283
201.230288
201.238461
201.244447
201.247156
201.26082
201.268751
201.269081
201.276092
201.300611
201.301472
201.302039
201.304259
201.324296
201.333446
201.340033
201.345702
201.349199
201.350689
201.381788
201.397783
201.398304
201.408576
201.419711
201.446072
201.455048
201.458182
201.461146
201.480659
201.485281
201.506306
201.518796
201.519857
201.531796
201.536849
201.542745
201.55286
201.555372
201.563826
201.571192
201.572777
201.577742
201.578736
201.592813
201.603702
201.61447
201.626191
201.633551
201.634806
201.643346
201.643909
201.645155
201.649707
201.651917
201.664026
201.666847
201.667168
201.680525
201.691539
201.695764
201.699603
201.712512
201.715505
201.72633
201.729427
201.74026
201.757618
201.762192
201.766483
201.771702
201.776225
201.789562
201.80076
201.844235
201.855687
201.862152
201.862453
201.87093
201.881315
201.892189
201.892851
201.899388
201.900947
201.907153
201.911829
201.918355
201.938731
201.942617
201.944411
201.951382
201.955509
201.968858
201.970749
201.97175
201.984319
202.024186
202.03934
202.040693
202.054504
202.05634
202.059423
202.07165
202.080405
202.091502
202.095086
202.125624
202.127703
202.148951
202.155431
202.158359
202.16534
202.173263
202.17466
202.178178
202.182732
202.236161
202.237911
202.244384
202.246879
202.249866
202.257351
202.263419
202.287342
202.305904
202.318112
202.322349
202.334436
202.336423
202.339225
202.341289
202.341693
202.364203
202.366339
202.375364
202.377038
202.395206
202.397192
202.401662
202.411821
202.459567
202.470667
202.474327
202.489953
202.492146
202.502202
202.534082
202.540934
202.546209
202.548151
202.549804
202.550911
202.564582
202.610422
202.618591
202.623576
202.650382
202.661032
202.663014
202.675696
202.678568
202.699066
202.744246
202.747929
202.759129
202.778047
202.778974
202.779971
202.781908
202.786047
202.788007
202.799228
202.800059
202.80034
202.812162
202.826753
202.834204
202.875051
202.875556
202.880846
202.891264
202.903357
202.919585
202.933525
202.953233
202.954722
202.960345
202.967512
202.996517
203.004602
203.023722
203.028414
203.032525
203.03288
203.033395
203.046011
203.061723
203.066593
203.07531
203.118702
203.122387
203.123435
203.157146
203.157978
203.162117
203.181286
203.198201
203.201791
203.206416
203.214253
203.241995
203.28507
203.285636
203.286793
203.298371
203.308469
203.314109
203.320283
203.328243
203.378501
203.414005
203.427136
203.428563
203.438351
203.445396
203.45889
203.460383
203.472936
203.523773
203.528376
203.532094
203.560074
203.564022
203.578732
203.608255
203.613319
203.615138
203.623653
203.629328
203.633134
203.634769
203.636668
203.642059
203.643771
203.648036
203.671131
203.698478
203.707773
203.71927
203.749704
203.754718
203.756253
203.75878
203.795055
203.809184
203.812845
203.82258
203.897588
203.905071
203.930441
203.93144
203.959175
203.997165
204.036166
204.039472
204.044905
204.048721
204.086872
204.124912
204.13943
204.15182
204.217926
204.220236
204.235166
204.25848
204.292832
204.316528
204.351057
204.374087
204.376479
204.388141
204.396235
204.399372
204.405584
204.405676
204.459314
204.462591
204.479308
204.522233
204.538107
204.549117
204.576011
204.578374
204.5888
204.602949
204.631418
204.675207
204.683211
204.683345
204.708187
204.712047
204.716782
204.723833
204.775528
204.806973
204.879759
204.888285
204.910522
204.944375
204.954903
204.970983
204.980631
204.990027
205.011683
205.024492
205.036121
205.04606
205.068114
205.091111
205.109665
205.109981
205.140069
205.141076
205.156956
205.175273
205.199834
205.205394
205.207667
205.228708
205.238533
205.283732
205.300884
205.347192
205.373701
205.407973
205.415935
205.422393
205.429843
205.430058
205.450499
205.46515
205.488429
205.52964
205.590823
205.595592
205.672971
205.684798
205.712755
205.719756
205.724151
205.749754
205.750293
205.780865
205.815462
205.900518
205.901623
205.901944
205.950029
206.101193
206.158774
206.176333
206.213543
206.23681
206.265795
206.268627
206.276234
206.295078
206.370293
206.373137
206.394639
206.403837
206.418837
206.436716
206.465742
206.57609
206.58133
206.615612
206.66322
206.728718
206.737682
206.766231
206.804827
206.823753
206.845974
206.876255
206.891807
206.935732
207.00404
207.007485
207.015282
207.03234
207.050762
207.063787
207.088967
207.10273
207.113739
207.116288
207.140991
207.147597
207.157251
207.220977
207.227733
207.248735
207.279827
207.287571
207.326959
207.348844
207.396888
207.403023
207.409534
207.512329
207.516772
207.547904
207.557946
207.563536
207.579479
207.709576
207.785962
207.796827
207.833086
207.884279
207.886427
207.918316
207.923174
208.049064
208.074845
208.153149
208.195615
208.198374
208.259724
208.271246
208.27851
208.318687
208.372094
208.388068
208.440324
208.447979
208.483622
208.496761
208.514632
208.525822
208.54524
208.656203
208.714127
208.996833
209.028501
209.070644
209.075088
209.118747
209.173532
209.218175
209.223942
209.240145
209.392205
209.611992
209.616738
209.732906
209.775055
209.816577
209.854188
209.944298
209.982532
210.004522
210.08429
210.091512
210.227045
210.410968
210.413123
210.523677
210.75183
210.784076
210.817707
210.818599
210.881312
210.943535
211.030608
211.075559
211.136364
211.33558
211.395978
211.474325
211.718617
211.79455
211.797587
211.941552
211.97133
212.025123
212.15728
212.15912
212.268807
212.32225
212.480692
212.602309
212.661265
212.789203
212.813211
212.923955
212.927112
212.961116
213.043107
213.246977
213.443399
213.564762
214.096336
214.118063
214.206808
214.223605
214.300531
214.49465
215.393295
215.489012
215.537951
215.776128
215.814355
215.849546
216.489224
217.022946
217.225218
217.338902
217.691013
217.771008
217.812088
218.074372
219.138485
219.276573
219.889332
220.358456
220.440465
220.698067
222.031043
223.704727
224.705856
225.72369
226.409806
226.468904
227.876345
228.241746
230.709075
231.746451
232.135955
235.475576
236.472152
238.233035
239.31857
243.336284
247.247025
251.813771
255.363859
264.809856
271.780162
291.29058
373.070959
374.724479
383.552227
401.535987
425.933454
443.363544
448.741965
596.47322
620.706256
638.821625
805.661944
923.640708
1178.654946
