1.472683
1.522876
1.553583
7.325215
7.337992
7.416163
7.583203
7.602261
7.9025
7.922284
7.980391
8.098187
8.30988
8.468544
8.585129
8.942835
8.963815
8.994399
9.549164
9.663717
9.958974
9.988702
10.001339
10.349003
10.672388
10.881321
10.963033
11.089064
11.103252
11.196993
11.254301
11.402482
11.421131
11.512341
11.517678
11.66646
11.744783
11.786036
11.84831
11.872045
12.152322
12.195678
12.373767
12.387841
12.425334
12.468409
12.481841
12.52023
12.738558
12.755018
12.758222
12.766723
12.832047
12.905755
12.932486
12.985712
13.015283
13.072452
13.085839
13.39592
13.42473
13.576676
13.835549
13.917305
13.955448
14.012324
14.156645
14.221227
14.326612
14.372302
14.384092
14.691944
14.699293
14.738783
14.848464
14.856134
14.947949
15.010308
15.011647
15.05406
15.078485
15.21178
15.246728
15.390566
15.443237
15.520341
15.559733
15.934047
16.002578
16.118419
16.249432
16.268148
16.286378
16.435973
16.605219
16.891238
17.596517
17.618726
17.626712
17.72043
17.99326
18.118159
18.170448
18.261458
18.350586
18.367358
18.58835
18.652707
18.919634
19.271233
19.381676
19.652221
19.879818
19.978
19.9975
20.089685
20.187242
20.375014
20.579695
20.900801
20.937207
21.054001
21.056356
21.177558
21.644355
21.680446
21.864216
22.043193
22.084765
22.170518
22.253192
22.277473
23.042565
23.272447
23.849526
23.870122
23.873338
23.909638
23.97326
24.630279
25.206162
25.44035
25.538528
25.732146
26.293855
26.776184
26.89904
26.915589
30.394934
31.267237
32.313948
32.4929
33.581778
37.894611
38.141465
39.548383
39.592136
40.014586
40.91469
41.019569
41.150178
41.726748
41.904049
43.871293
43.978284
44.256915
44.860923
45.218055
45.31107
47.881239
48.178252
48.216572
48.363657
49.508358
52.084953
55.120782
55.197692
57.776346
61.838106
62.252382
66.3658
72.909999
73.370512
78.428103
80.128457
81.069616
83.141935
84.870338
86.480879
94.192509
97.832012
100.753676
104.244942
104.277047
105.816737
106.021219
108.308181
110.334535
111.857591
112.692225
112.93069
113.226368
114.126596
115.126278
116.37374
117.263606
117.845205
118.227793
120.181821
120.226301
120.354934
121.609116
121.627135
121.783221
122.102047
122.520709
122.881464
123.057946
123.318379
123.653331
123.749199
123.800988
124.080421
124.151291
124.244395
124.610617
124.616413
124.941493
124.952872
125.387775
125.439148
125.510054
125.545634
125.690719
125.874231
126.02751
126.231117
126.361166
127.07828
127.211554
127.285915
127.429523
127.653158
127.704691
127.715235
127.78766
127.971372
128.048124
128.051484
128.289712
128.309533
128.417424
128.654921
128.702744
129.195568
129.229479
129.305146
129.918482
129.946275
130.241698
130.486851
130.950131
131.474788
131.511011
131.98319
132.013178
132.076503
132.113117
132.136694
132.274053
132.744526
133.070359
133.248404
133.298888
133.405868
133.414198
133.449274
133.668617
133.931018
133.963067
134.0376
134.083945
134.385481
134.70313
134.875774
134.931465
136.397993
136.518855
136.680618
136.920143
137.704749
137.778061
137.933189
137.939937
138.507532
138.559283
138.621493
138.872937
139.17719
139.380385
139.85235
139.911104
140.135907
140.344728
140.457864
140.469858
140.645168
140.835102
140.916547
140.969359
141.054361
141.084678
141.907792
142.018459
142.144767
142.196011
143.496856
143.634929
143.665712
143.888675
143.956348
144.274024
144.813174
144.959585
145.410028
145.572772
145.635096
145.878339
146.313933
146.829187
146.832575
147.069912
147.221574
147.270543
147.937444
148.028438
148.248704
148.904538
149.103893
150.419487
150.921644
151.218832
151.23847
151.586523
151.675341
152.332881
152.511661
152.602348
153.045587
153.588612
153.717599
153.839765
153.894422
154.130277
154.251151
154.38714
154.629058
154.645508
154.689683
154.790986
155.425094
155.619123
155.651149
155.804004
155.813402
156.300459
156.587783
156.688665
156.932803
157.446279
157.886295
158.039105
158.54061
158.557621
158.671613
158.751075
159.119864
159.382651
159.47112
159.523785
159.527529
159.73225
159.951532
160.011052
160.016948
160.018941
160.253467
160.428308
160.544673
160.580242
160.980591
161.290788
161.906702
161.914646
162.121276
162.14134
162.165899
162.167038
162.317255
162.560789
162.684332
162.902031
162.987487
163.084445
163.469915
163.496913
163.534952
163.678037
163.774787
163.96666
164.196223
164.24072
164.58932
164.932237
165.532413
165.746733
166.040942
166.209634
166.261314
166.332186
166.333383
166.543508
166.631461
166.647215
166.93267
166.997918
167.012931
167.52561
167.719761
167.959573
168.783032
169.470473
170.160188
170.588664
170.606214
170.759617
170.79769
170.919598
171.106786
171.110042
171.154726
171.310571
171.310862
171.447923
171.814585
172.650429
172.866297
172.898687
173.176353
173.323163
173.506607
174.104167
174.320629
174.61098
174.64886
174.700108
174.970292
174.976808
175.033983
175.056815
175.414575
175.543687
175.577217
175.613259
175.6931
175.852245
175.933471
176.191837
176.24457
176.309729
176.367058
176.461215
176.479303
176.626308
176.62852
176.743008
176.785813
177.033863
177.096884
177.117475
177.190952
177.230285
177.234485
177.251182
177.301742
177.314227
177.333493
177.400294
177.440413
177.711483
177.755539
177.931773
178.022595
178.159793
178.347926
178.573815
178.713457
178.900462
178.978871
179.242799
179.29062
179.290757
179.331362
179.376079
179.46174
179.822349
179.890574
179.963384
180.204613
180.225712
180.531791
180.551309
180.670512
180.797627
180.927578
180.934641
181.209337
181.297441
181.396864
181.6564
181.674827
181.779836
182.241989
182.267517
182.373169
182.408624
182.41723
182.515219
182.741478
182.833172
182.88213
182.93627
182.977878
182.978567
183.032887
183.064297
183.082639
183.321012
183.323158
183.355785
183.395301
183.432001
183.516243
183.582791
183.629179
183.775173
183.921924
183.923446
183.936564
184.131586
184.19162
184.200754
184.237908
184.25747
184.414759
184.541255
184.639858
184.723962
184.933238
184.965997
185.164996
185.23369
185.291644
185.320232
185.412737
185.921375
185.986362
186.066662
186.207267
186.314334
186.357471
186.382478
186.50641
186.580935
186.645138
186.679373
186.725275
186.881746
186.946443
187.055814
187.169976
187.247983
187.316342
187.390519
187.435461
187.512324
187.605838
187.916016
188.125165
188.220845
188.345376
188.469197
188.529599
188.551408
188.663796
188.718255
188.75816
188.783327
188.940864
188.973811
189.04273
189.081992
189.499239
189.57406
189.706754
189.913276
189.937031
190.095789
190.412404
190.455029
190.712863
190.938837
191.42731
191.450706
191.575718
191.635328
191.67461
191.751735
191.755637
191.765946
191.898
192.636852
192.922638
193.100243
193.611453
193.81854
193.940438
194.014923
194.145602
194.706479
194.954466
195.865071
196.055504
196.056057
196.083474
196.942335
197.103955
197.113763
197.148955
197.657289
197.699412
197.940347
198.091867
198.440959
198.926219
199.317463
199.712666
200.358238
204.131312
204.235319
204.917089
206.527456
211.254687
211.608979
212.146574
214.25246
214.971731
217.625464
219.766706
222.45611
229.489326
235.434384
235.599932
238.768153
244.444621
245.199773
246.180401
251.803045
258.541868
269.155361
277.24994
279.084037
279.186152
284.423522
288.285467
303.065239
343.85371
1181.977663
6570.314939
