350.05227
351.873279
426.780751
430.174168
450.678773
452.08265
456.720303
457.343895
457.413319
458.726508
470.554907
471.482645
473.006753
474.125058
474.866743
476.747688
479.023984
485.360539
486.0399
486.616035
491.329654
503.180243
511.173168
511.439872
512.539688
516.628944
518.076674
520.701012
521.277676
522.131143
522.285778
522.580774
523.602239
523.657054
523.659128
523.843504
524.202461
524.306635
524.48282
524.54998
524.856387
525.017821
525.062368
525.250999
525.372071
526.193805
526.518517
526.586912
527.318482
527.791096
528.044775
528.96638
528.992608
529.382315
529.643628
529.683012
530.085984
530.108869
530.141033
530.241882
530.450485
530.720622
530.856318
530.92036
530.922016
531.125784
531.305097
531.344877
531.50922
531.719432
531.852022
531.980387
532.064588
532.167222
532.333695
532.554227
532.65666
532.740591
532.786508
532.959103
533.285183
533.31359
533.370338
533.383567
533.449541
533.449594
534.112519
534.601316
534.611929
534.626509
534.848002
534.855321
535.226394
535.250225
535.366961
535.488177
535.496759
535.59019
535.604156
535.754617
535.862785
535.882347
535.916748
536.29758
536.34514
536.428334
536.447945
536.546975
536.558085
536.826799
536.942571
536.986009
537.014675
537.119567
537.209681
537.230987
537.320526
537.506451
537.522553
537.594904
537.714792
537.769581
537.822405
537.85756
537.87282
537.888909
537.929317
537.975823
538.059626
538.085976
538.203276
538.231669
538.578692
538.608219
538.66614
538.695693
538.740951
538.908666
538.948164
538.974048
539.098897
539.368531
539.545595
539.647406
539.653616
539.777175
540.009241
540.022795
540.078931
540.217405
540.369452
540.372085
540.396344
540.455621
540.515666
540.643807
540.771743
540.785329
540.896681
540.941294
540.954646
541.227781
541.281956
541.348
541.375947
541.468787
541.492999
541.612457
541.620002
541.66157
541.737712
542.200924
542.344066
542.357377
542.375206
542.488484
542.558264
542.601406
542.722263
542.732311
542.756546
543.003985
543.004469
543.026275
543.138807
543.243426
543.279956
543.292301
543.327121
543.367963
543.378882
543.449018
543.590628
543.626168
543.726955
543.800397
543.872354
543.936207
543.980227
544.028199
544.036285
544.157927
544.165496
544.169216
544.194394
544.326111
544.344095
544.552803
544.597781
544.702383
544.793484
544.816426
544.854047
544.862725
544.903571
545.264408
545.275773
545.300128
545.373874
545.826016
545.95168
546.112203
546.319951
546.345729
546.41903
546.475437
546.490512
546.662264
546.682248
546.691825
546.720929
546.912319
546.912836
547.027621
547.16563
547.18575
547.279929
547.29453
547.308624
547.324547
547.399195
547.561784
547.602393
547.705655
547.84034
547.853609
547.901838
547.927924
548.014247
548.107982
548.225168
548.235653
548.348334
548.437203
548.452046
548.693366
548.776189
548.844417
548.871785
548.902281
548.990781
549.058142
549.182315
549.268623
549.297144
549.353742
549.393288
549.45275
549.481386
549.599669
549.689865
549.72131
549.782398
549.839171
549.869317
549.951805
549.991788
550.095412
550.115359
550.16992
550.213664
550.478914
550.612001
550.628494
550.63471
550.667509
550.753749
550.76585
550.899316
550.957116
551.315635
551.343344
551.395838
551.542522
551.576098
551.945638
552.00327
552.04668
552.139378
552.178766
552.255639
552.437865
552.521255
552.88161
553.158821
553.274256
553.311686
553.489631
553.650407
553.690907
553.761575
553.77067
553.826287
553.874712
553.882751
553.885939
553.946095
553.948375
554.413598
554.446626
554.480464
554.52689
554.548175
554.734875
554.831108
554.835096
554.853325
554.904108
555.129189
555.226592
555.24518
555.337857
555.466739
555.846706
555.872006
556.007923
556.027752
556.173859
556.19354
556.257438
556.273838
556.44225
556.565543
556.852101
556.964332
557.222152
557.276025
557.408859
557.433247
557.446092
557.503758
557.65489
557.750508
557.774323
558.032317
558.307877
558.338985
558.398601
558.504063
558.554706
558.573654
558.687099
558.881199
558.885424
558.905993
558.973865
559.146612
559.495174
559.505666
559.573322
559.577914
559.621229
559.63478
559.813116
559.831486
559.933456
560.022111
560.057921
560.181895
560.216162
560.610578
560.690744
560.899297
561.124896
561.268271
561.536353
561.690441
561.767978
561.857105
561.866468
562.014852
562.054211
562.204116
562.221805
562.227761
562.229516
562.36019
562.504896
562.556835
562.832496
562.953875
563.151596
563.495078
563.628959
563.93666
564.006169
564.055481
564.654609
564.691129
564.733286
564.781223
564.807251
565.024333
565.108654
565.342529
565.734051
566.155739
566.24644
566.294394
566.427169
566.583902
566.890179
566.992429
567.324141
567.346403
567.372663
567.896152
567.994956
568.005619
568.237348
568.428391
568.527561
568.610173
569.260904
569.378204
569.616123
570.00055
570.117983
570.248422
570.386942
570.432241
570.595319
570.600885
570.673625
570.781975
570.857664
570.970531
571.092762
571.137526
571.21756
571.316148
571.325076
571.527616
571.637467
571.968258
572.021831
572.071385
572.194738
572.255797
572.275822
572.538589
572.545328
572.636919
572.885881
572.892931
573.150805
574.08524
574.592605
574.664064
575.29862
576.061026
576.261992
576.677408
576.751422
578.409217
578.545627
578.925156
579.682669
579.828232
580.087152
580.429423
580.569599
580.698223
580.919214
581.188266
581.507573
582.864071
582.999449
583.103411
585.791994
586.906213
587.851296
587.887555
588.580995
588.590981
589.145967
590.287737
590.498917
591.39365
592.285341
594.423015
595.367256
595.859093
596.105373
596.207441
597.534756
598.788716
599.20328
599.549662
599.641153
601.23914
601.679096
602.51877
605.086668
605.110994
605.89027
607.518899
607.910568
608.097233
609.056126
609.864721
612.238628
613.70777
617.572013
618.471641
619.253604
619.277485
620.489636
620.625544
622.146002
623.146586
623.754593
625.45121
628.22399
629.084306
632.054916
634.060144
639.962504
642.380523
643.114453
645.653953
647.550148
655.361516
671.290902
674.158376
709.683911
714.492681
760.131877
760.382067
765.562303
766.729724
769.562135
770.166816
770.627751
773.354464
773.658094
774.685724
775.276642
775.510605
775.672901
776.577372
777.099394
778.05927
778.728151
778.728583
779.788919
780.423805
780.911784
780.963647
780.996275
781.410701
782.056195
782.637045
782.746255
783.013806
784.023279
784.252142
784.62972
784.879597
785.345448
785.53279
785.882728
786.174249
786.391225
786.607345
786.969165
787.380606
787.59403
787.78812
787.854989
787.855281
787.993655
788.168348
788.262572
788.818037
788.930437
789.007468
789.417256
789.494332
789.49921
789.728661
789.841583
789.927416
790.497454
790.559778
790.947706
791.022022
791.084292
791.118583
791.240387
791.280259
791.294944
791.355974
791.405293
791.636945
791.736933
792.051735
792.131046
792.164146
792.301755
792.412246
792.479329
792.578746
792.826625
792.83584
792.885829
793.170717
793.223225
793.383467
793.521708
793.570299
793.779477
794.090902
794.394548
794.408222
794.498122
794.680645
794.791351
794.877625
795.186762
795.250519
795.343172
795.589259
795.608108
795.705556
795.91543
795.918331
796.072467
796.113802
796.287351
796.742963
797.027258
797.115298
797.167546
797.279272
797.304852
797.312965
797.369083
797.54292
797.755989
797.96683
797.998973
798.024164
798.102116
798.151141
798.199279
798.24593
798.278771
798.383406
798.479199
798.574652
798.587378
798.600852
798.671273
798.747078
798.958668
799.121064
799.126947
799.224659
799.369692
799.484467
799.485788
799.504118
799.73387
799.780979
799.834467
799.852602
799.92794
800.049962
800.11583
800.142649
800.309775
800.317514
800.343725
800.684459
800.868044
800.926819
801.180276
801.182498
801.229777
801.279926
801.280122
801.356985
801.359696
801.398225
801.415685
801.823262
801.928038
801.929533
801.991729
802.215736
802.348512
802.508412
802.530117
802.554812
802.58633
802.732659
802.736344
802.816637
802.836253
802.916655
802.942153
803.312202
803.36647
803.430337
803.560591
803.720619
803.7501
803.826791
804.049574
804.148712
804.242509
804.284118
804.30068
804.330523
804.360108
804.388414
804.426567
804.503368
804.5109
804.624599
804.642609
804.66713
804.788632
804.881013
805.103748
805.117638
805.315072
805.45376
805.693393
805.713877
805.714757
805.844684
805.879591
805.903817
805.986879
806.048331
806.048716
806.329182
806.370056
806.496481
806.62056
806.823226
806.860413
807.146562
807.177332
807.227522
807.231873
807.353466
807.462081
807.481724
807.797234
807.819863
807.847023
808.101672
808.181093
808.22822
808.234142
808.326576
808.425733
808.446218
808.590992
808.663256
808.793974
808.848828
808.882687
808.917782
808.950703
808.993668
809.163767
809.164245
809.22409
809.3118
809.493636
809.579346
809.650337
809.660936
809.694601
809.725762
809.769782
809.868058
809.960109
810.072018
810.19764
810.233717
810.304635
810.504534
810.510377
810.561213
810.56812
810.583102
810.593318
810.751782
810.762171
810.88441
811.013773
811.07078
811.144083
811.154656
811.174625
811.260937
811.2755
811.297478
811.320784
811.355929
811.381268
811.44938
811.45998
811.465751
811.665552
811.672325
811.718937
811.722394
811.850743
811.989246
812.034686
812.187516
812.188915
812.246524
812.341556
812.613425
812.717163
812.918941
812.957505
813.02317
813.030456
813.150203
813.18232
813.273187
813.400517
813.443439
813.470516
813.551455
813.761686
813.849658
813.878678
813.981706
814.263911
814.320506
814.363293
814.491938
814.521403
814.532706
814.577926
814.58979
814.603354
814.648397
814.758384
814.791941
814.834376
814.880322
814.898288
814.97654
814.981363
815.084096
815.090325
815.124609
815.154634
815.41646
815.500347
815.503585
815.53392
815.545037
815.609618
815.632762
815.654287
815.76239
815.836468
815.861529
815.884524
815.896105
815.911845
816.089686
816.347305
816.355214
816.506799
816.550804
816.569067
816.600049
816.740624
816.803708
816.843271
816.900191
816.915439
816.918863
816.942754
816.952721
817.030665
817.092055
817.104136
817.158391
817.223527
817.256284
817.285139
817.294929
817.342763
817.365838
817.608568
817.666954
817.672798
817.814236
817.817825
818.049693
818.122672
818.13554
818.202191
818.206826
818.210347
818.213134
818.249833
818.264775
818.384131
818.46647
818.517513
818.537945
818.66487
818.676728
818.834966
818.901225
819.006642
819.00733
819.055126
819.16319
819.221164
819.337405
819.343108
819.379422
819.427569
819.463431
819.519581
819.720266
819.766908
819.823082
819.851718
819.884018
819.975445
820.026561
820.057819
820.073235
820.111876
820.139469
820.161547
820.178368
820.218156
820.268264
820.310582
820.335177
820.339707
820.342731
820.358877
820.422633
820.463415
820.478322
820.513435
820.51953
820.585835
820.603819
820.669166
820.72077
820.73784
820.762421
820.822867
820.854383
820.858335
820.875828
820.883815
820.965572
821.025159
821.065008
821.077151
821.10179
821.125004
821.154231
821.250292
821.269215
821.347986
821.351723
821.393724
821.491176
821.493923
821.657815
821.774668
821.830498
821.849463
822.020838
822.131364
822.217458
822.232903
822.26398
822.422918
822.472221
822.501788
822.567796
822.573555
822.63221
822.697126
822.80313
822.848394
822.869535
822.871789
822.876019
822.886072
822.911148
822.944856
822.974821
823.050441
823.11802
823.128999
823.174745
823.176157
823.201813
823.266047
823.313511
823.324803
823.39396
823.506454
823.508218
823.550043
823.738115
823.73922
823.79186
823.94517
823.956164
824.012066
824.219381
824.225261
824.268083
824.295164
824.305063
824.317819
824.482535
824.689138
824.796369
824.894221
824.903408
825.041478
825.046522
825.055238
825.210095
825.218205
825.242325
825.542664
825.549137
825.696309
825.735791
825.752156
825.803445
825.804231
825.937872
825.939208
825.949793
826.030054
826.08584
826.095123
826.11005
826.19099
826.191582
826.213621
826.219645
826.262628
826.295475
826.442113
826.45223
826.484301
826.52345
826.602772
826.610528
826.613327
826.973315
827.066159
827.075365
827.115941
827.189091
827.313571
827.428726
827.514163
827.542654
827.602187
827.652151
827.652873
827.782894
827.855637
828.008396
828.088154
828.148331
828.23485
828.265717
828.300254
828.317183
828.320326
828.368937
828.644392
828.697316
828.779131
828.82575
828.828175
828.870052
828.934738
829.012055
829.013017
829.081207
829.098521
829.112451
829.17955
829.341262
829.400065
829.439846
829.464632
829.492197
829.61788
829.640491
829.708637
829.810746
829.823247
829.876619
830.048709
830.051877
830.074617
830.11895
830.139244
830.142641
830.17818
830.226997
830.246864
830.267194
830.275083
830.333535
830.394319
830.460989
830.502315
830.507927
830.517265
830.656672
830.658207
830.660516
830.750491
830.805909
830.886724
830.90314
830.910065
830.944966
830.948689
830.969102
831.035188
831.20037
831.24509
831.25496
831.281949
831.282924
831.301829
831.360612
831.371411
831.461223
831.482602
831.506648
831.527411
831.75258
831.786768
831.795261
831.832648
831.840736
831.870586
831.959752
831.978854
832.002404
832.050296
832.077341
832.101598
832.124047
832.163391
832.166095
832.183605
832.228763
832.27971
832.286456
832.462137
832.83953
832.959637
832.999785
833.017286
833.050745
833.088573
833.094814
833.15287
833.206311
833.254895
833.26568
833.265826
833.313843
833.378007
833.37899
833.414566
833.459137
833.493376
833.518299
833.52964
833.671207
833.759514
833.780896
833.781029
833.806031
833.869664
833.907168
834.054496
834.071709
834.133033
834.279401
834.373322
834.379014
834.404282
834.580684
834.719014
834.739023
834.805593
834.809677
834.910265
834.96334
835.057638
835.067981
835.068273
835.08111
835.097946
835.133587
835.3084
835.335486
835.382011
835.389448
835.536824
835.586447
835.62882
835.750437
835.757335
835.760089
835.792525
835.865332
835.89336
835.893505
835.971449
836.000867
836.028218
836.041501
836.063821
836.0909
836.099321
836.112123
836.125313
836.161739
836.176092
836.177587
836.246154
836.294193
836.297378
836.430211
836.46269
836.511342
836.517315
836.61784
836.666259
836.668017
836.670955
836.671441
836.728038
836.739342
836.832214
836.950681
837.00448
837.012497
837.055464
837.174965
837.2411
837.271681
837.35273
837.355613
837.371551
837.583499
837.791688
837.810804
837.860295
837.871553
837.910746
837.918999
837.9762
838.011005
838.030072
838.093569
838.109202
838.124673
838.193369
838.234536
838.260621
838.276116
838.298126
838.412462
838.418178
838.588892
838.608955
838.666056
838.685894
838.740168
838.774325
838.823934
838.841914
838.848835
838.897379
838.960309
838.996768
839.000858
839.039567
839.077886
839.088977
839.122117
839.184038
839.281737
839.2877
839.398642
839.45471
839.55321
839.629983
839.699095
839.809352
839.911558
839.983396
840.002556
840.051007
840.055166
840.126752
840.131545
840.139876
840.143678
840.180385
840.20985
840.222732
840.244119
840.307457
840.315981
840.318513
840.325973
840.329966
840.340511
840.494368
840.615055
840.625221
840.78167
840.836279
840.899045
840.944116
840.989311
841.048419
841.071376
841.102916
841.123339
841.155197
841.188899
841.289635
841.298167
841.355156
841.553825
841.678836
841.725478
841.725936
841.750096
841.757373
841.788719
841.916296
841.966398
842.039635
842.074668
842.11822
842.128201
842.154505
842.285489
842.400151
842.497849
842.518617
842.558967
842.637835
842.672869
842.690127
842.780363
842.786425
842.908486
842.918546
843.016145
843.166891
843.205401
843.20551
843.303942
843.319024
843.410014
843.599113
843.603947
843.606543
843.657243
843.770733
843.798966
843.864796
843.922107
843.925324
844.029089
844.03139
844.121372
844.326781
844.377917
844.422403
844.569277
844.629268
844.665749
844.694453
844.711874
844.784963
844.824932
844.848777
844.854974
844.857073
844.910874
844.91769
844.958624
845.009143
845.087181
845.135605
845.153657
845.455224
845.479203
845.6758
845.685069
845.732534
845.800067
846.020291
846.09387
846.102752
846.116825
846.191663
846.295338
846.324534
846.372167
846.415773
846.554373
846.653542
846.653772
846.680545
846.701629
846.732901
846.735987
846.764893
846.7768
846.851245
846.912734
846.919068
846.928645
847.011312
847.023012
847.048643
847.063259
847.066464
847.131813
847.296701
847.305756
847.362021
847.382466
847.467737
847.489795
847.543509
847.54486
847.548773
847.673772
847.735581
847.785351
847.868411
847.871549
847.898612
847.928025
847.931512
848.019514
848.072039
848.182369
848.183618
848.209494
848.213347
848.224214
848.297119
848.301859
848.346987
848.35965
848.395794
848.418543
848.439798
848.483605
848.682248
848.706871
848.77735
848.791981
848.805376
848.83488
848.980005
848.990102
849.013249
849.02766
849.087741
849.248959
849.262546
849.338906
849.641193
849.695497
849.756059
849.762557
849.799932
849.81821
849.892086
849.983585
850.045979
850.098121
850.124374
850.152582
850.191803
850.239281
850.28
850.370972
850.376388
850.407754
850.607202
850.620695
850.626841
850.683536
850.763043
850.803522
850.92224
850.940169
851.074436
851.113692
851.139206
851.15143
851.198221
851.223824
851.231867
851.332614
851.338088
851.404135
851.459457
851.501296
851.556316
851.620414
851.693324
851.714022
851.758723
851.846406
851.882202
851.917053
851.922717
851.975027
852.147241
852.262415
852.304516
852.338241
852.362281
852.384877
852.470702
852.72713
852.743333
852.795523
852.804534
852.895062
852.906644
853.012024
853.100369
853.199843
853.24507
853.299876
853.32867
853.417402
853.612001
853.788903
853.867772
853.882363
853.899648
854.000402
854.003952
854.065581
854.099921
854.103852
854.119313
854.284351
854.459694
854.518331
854.554139
854.61843
854.637928
854.707177
854.923989
854.97564
854.982888
855.096681
855.222472
855.229415
855.294789
855.400131
855.516798
855.565519
855.698192
855.717498
855.740313
855.752649
855.788107
855.87376
855.906063
855.974613
856.02709
856.033741
856.040947
856.063274
856.136492
856.324249
856.407659
856.428083
856.555967
856.604385
856.605115
856.726798
856.785525
856.815359
856.885416
856.925781
857.108024
857.335694
857.367865
857.40546
857.405793
857.535476
857.581107
857.625596
857.841668
857.91306
857.918759
857.927764
857.966172
858.05532
858.1425
858.192835
858.244237
858.385871
858.417698
858.442659
858.473135
858.733674
858.739176
858.821838
858.841474
858.849754
858.908066
858.914483
859.016625
859.029108
859.175196
859.217824
859.269306
859.270123
859.281036
859.356183
859.440359
859.496042
859.689409
859.792556
859.907983
860.08505
860.215798
860.427198
860.666967
860.858597
860.93006
860.967216
860.977942
861.004611
861.322756
861.385583
861.401209
861.56001
861.625545
861.68558
861.825
861.839539
861.963866
861.976883
861.988222
861.992571
862.031028
862.142878
862.513653
862.567717
862.630643
862.662162
862.924253
863.31947
863.338273
863.358777
863.36753
863.378662
863.501899
863.547424
863.670973
863.673798
863.794641
863.869778
863.941485
863.954341
864.036774
864.120784
864.146824
864.186674
864.372034
864.399045
864.500628
864.552879
864.636529
864.694497
864.78372
864.874155
865.019306
865.10984
865.208663
865.259233
865.288306
865.418303
865.433609
865.547774
865.746974
865.818609
865.951867
866.156769
866.379063
866.402387
866.457552
866.487285
866.568939
866.605838
866.659413
866.94955
866.994741
867.190774
867.246476
867.257016
867.288625
867.306337
867.339325
867.362329
867.482348
867.539999
867.794892
867.8108
868.30831
868.522115
868.791868
868.898082
869.142028
869.145107
869.179301
869.221492
869.260214
869.359409
869.438269
869.443965
869.46391
869.681154
869.684044
869.710283
869.886445
869.899267
870.04612
870.127999
870.32964
870.550757
870.636204
870.66794
870.677956
870.723132
870.756165
870.787231
871.016377
871.058211
871.153848
871.30759
871.476465
871.575488
871.621444
871.770635
871.828648
871.875698
871.980746
872.15123
872.308717
872.511618
872.63203
872.757997
872.923914
872.982695
873.040811
873.043177
873.134247
873.16378
873.210084
873.279672
873.378263
873.392321
873.555482
873.601736
873.700166
873.760406
873.884504
873.966504
873.969862
874.009808
874.242283
874.4867
874.561908
874.659378
875.038462
875.095772
875.111394
875.330373
875.365873
875.519981
875.527601
875.621753
875.631457
875.74488
875.806834
875.98473
876.077626
876.146046
876.152385
876.18389
876.242538
876.480563
876.498367
876.555239
876.635464
876.677998
876.752599
876.865796
877.046366
877.324319
877.60351
877.604705
877.791748
877.830714
877.953971
877.986907
878.086376
878.316513
878.333333
878.369956
878.390137
878.406567
878.466384
878.499014
878.762803
878.982386
879.039706
879.148864
879.409722
879.499787
879.541512
879.74375
879.859751
879.95832
880.010176
880.081197
880.082104
880.11845
880.204327
880.327603
880.439269
880.499829
880.722278
880.806625
880.848369
881.030888
881.032461
881.091259
881.211703
881.215776
881.256431
881.451812
881.493502
881.623314
881.798618
881.916712
881.922835
882.128652
882.332028
882.396961
882.457414
882.500009
882.509199
882.590508
882.716463
882.804882
882.839356
882.936212
883.185749
883.221812
883.373957
883.435986
883.589814
883.672764
883.7102
883.829623
884.098327
884.198118
884.408928
884.438731
884.504282
884.617882
884.656302
884.843645
884.869645
884.889855
884.955117
885.797375
886.079919
886.313656
886.623437
886.915843
887.000576
887.206829
887.223629
887.374016
887.379968
887.989375
888.121149
888.123288
888.568871
888.628319
888.647967
888.783783
888.945637
889.067092
889.172184
889.240709
889.412566
889.501852
889.518094
889.642499
889.783552
889.908177
890.064453
890.153548
890.455885
890.689656
891.060531
891.306261
891.384891
891.420243
891.476404
891.675156
891.739582
891.85304
892.059801
892.094493
892.208517
892.292977
892.336128
892.365059
892.514648
892.652712
893.055032
893.822392
894.60156
895.020607
895.672529
895.853702
895.926294
896.051085
896.055571
896.100196
896.190668
896.197846
896.47989
896.682915
896.74098
896.925379
896.966447
897.362837
897.647802
898.390711
898.474496
898.578455
898.822128
899.05782
899.658958
899.717607
900.058251
900.110484
900.494145
900.968245
901.141522
901.889809
902.003496
902.680802
903.41268
903.432627
903.449045
903.617226
903.649206
903.852607
903.934828
904.007689
904.370427
904.828432
905.237744
905.512144
906.124135
906.213361
906.746535
906.875388
907.145297
907.359519
908.412488
908.481716
908.545187
908.558648
908.678968
909.004921
909.284149
910.05615
910.090844
910.802373
911.423195
911.664979
912.847389
913.676942
914.08978
915.102292
915.434931
915.838844
916.157915
916.322866
917.198298
917.50202
917.543228
918.416136
918.678437
919.133835
919.452483
919.491774
919.747223
919.938474
919.94221
920.294233
921.396575
922.062611
922.710133
922.87723
923.128224
923.381993
923.541609
923.642622
924.175101
925.235951
925.259945
925.476127
926.319027
926.575978
926.644936
926.77198
927.962235
928.206487
929.666223
929.795581
929.884007
930.274618
930.855701
933.396697
933.825846
933.83841
934.500456
934.576223
935.036093
936.201952
936.32879
937.600437
938.818227
939.048869
939.809951
940.050122
940.583654
940.957889
941.044423
943.32552
944.229975
945.09611
946.166138
949.17273
950.463259
953.417577
953.813789
953.83777
954.792704
955.474994
955.669023
956.615372
956.716877
957.091888
957.898729
958.973044
960.121462
961.710162
962.38395
963.92514
964.461574
966.327044
966.549551
966.739712
970.988955
973.168533
973.173714
975.137399
978.134353
978.213451
979.068626
981.365136
981.460582
986.13859
987.509878
988.491934
989.207341
993.666206
994.44435
998.402505
1004.897195
1006.982504
1011.462821
1034.008882
1038.557176
1040.198147
1050.651277
1062.541542
1321.190775
1574.073199
8294.719311
