1.534642
1.54138
1.960778
2.715126
6.253771
6.797935
7.426021
7.453877
7.542652
7.604016
7.606439
8.281116
8.446429
8.580424
9.427636
9.710642
10.081077
10.313448
10.388563
10.714665
10.998714
10.998852
11.05256
11.280905
11.407953
11.424136
11.584468
11.83307
11.927269
12.047653
12.082656
12.22224
12.336532
12.339251
12.367187
12.369122
12.526252
13.200137
13.332559
13.354139
13.442427
13.456928
13.524152
13.605444
13.648037
13.825071
13.890344
13.898198
14.036065
14.242852
14.297651
14.529664
14.625392
14.649804
15.028107
15.10108
15.113975
15.12424
15.148393
15.149143
15.185962
15.371001
15.436056
15.437128
15.512716
15.52633
15.67325
15.721724
15.866971
15.867687
15.915633
15.940386
16.287304
16.774113
17.249464
17.58856
17.820043
17.998655
18.117196
18.350707
18.422718
18.573669
18.647116
18.817142
19.001936
19.257625
19.397351
19.563016
19.739949
19.779109
19.8318
19.971824
20.230629
20.30474
20.320901
20.404961
20.487941
20.943205
21.127875
21.193761
21.218302
21.25528
21.336392
21.501227
21.617267
21.862538
21.987152
22.178111
22.214517
22.241445
22.484841
22.583086
23.979499
24.049404
24.360385
24.820712
25.086806
25.159206
25.286378
25.327739
25.595984
26.597341
27.493178
27.860983
28.364826
28.732045
28.95085
29.131592
30.26971
30.410051
31.646855
32.629375
33.184914
33.372188
34.509983
35.175658
35.816176
36.026269
37.462898
37.835474
38.513505
39.417588
40.826433
41.969818
43.237699
44.097622
45.219097
45.320359
48.048782
48.625019
51.006079
55.193678
55.61665
55.949121
59.326761
64.623537
66.834636
68.394206
70.080769
76.716856
83.13252
86.238385
89.839749
95.585665
112.746487
119.218487
121.295641
123.105226
123.231271
123.697949
123.703456
123.733346
123.743716
124.868894
124.920731
124.943574
124.947533
125.579572
125.787688
125.832994
126.165891
126.520916
126.590024
126.861313
126.87595
126.884729
127.214941
127.393449
127.555941
127.827186
128.40163
128.456407
128.676062
128.875801
129.196059
129.654098
129.790652
129.972354
130.234975
130.244284
131.292608
131.338617
131.820412
132.403493
132.675023
132.773916
133.225228
133.387866
133.447602
133.466022
133.559038
133.827148
134.289085
134.999315
135.125673
135.991928
136.360499
136.931531
137.768494
138.410304
138.983294
139.84578
139.891288
140.214576
140.362895
140.836654
142.221933
142.737644
143.266979
143.376754
143.630935
144.061153
144.465949
144.497842
146.468085
146.595915
146.596302
146.656325
146.761795
146.901015
147.856465
148.206193
148.286407
148.653407
148.793591
149.008444
149.59086
149.933534
150.569186
150.72457
150.989705
151.467707
152.382115
152.717491
153.045894
153.420409
153.632935
153.828541
154.995944
155.886878
156.19032
157.633831
158.845316
159.52401
160.896443
161.1445
161.780665
164.161053
164.263371
166.298436
166.382044
166.468975
168.182987
170.429701
170.851474
170.865456
171.119639
171.762967
172.001145
172.442459
172.469065
172.80427
172.884006
173.266041
173.489344
173.521995
173.534102
173.915527
173.993857
174.140806
174.196977
174.232086
174.386539
174.687039
174.87093
175.130057
175.429359
175.798026
175.871907
176.316049
176.323427
176.671831
176.849817
177.146364
177.189568
177.746643
177.749025
177.827241
177.984806
179.793208
179.935029
180.70107
181.419008
181.759646
181.814331
182.366308
182.67845
183.173934
183.221364
183.67471
183.736164
183.76326
184.273678
184.310079
184.430273
184.523414
185.268227
185.275343
185.600445
185.612423
187.069251
187.205645
187.486879
187.602696
187.736009
188.153927
188.452282
188.575054
188.589029
189.28653
189.305375
189.336628
189.367233
189.502314
189.945431
190.492597
190.570276
190.628314
191.577068
191.669239
191.896967
192.700804
192.903987
193.058085
193.654738
194.101397
194.822984
194.826739
195.430896
195.469254
195.576388
195.603468
195.604197
196.221466
196.58893
197.189277
197.312025
197.641852
197.734555
198.102552
198.317408
198.578018
200.208688
200.365764
201.44127
201.937549
203.067859
203.871568
204.994323
206.13637
206.624762
207.03636
209.912603
210.224012
210.779717
211.123994
212.280234
212.37247
212.421121
214.547021
214.642621
214.726508
214.89094
215.339749
217.374371
218.428668
219.280021
220.349098
220.480444
221.533318
222.588001
223.714111
226.0121
226.084337
226.309179
226.956349
227.275717
227.91428
228.741829
228.831889
230.084108
233.313812
233.481999
233.53525
234.534846
234.766538
235.683747
236.558105
237.496762
238.101064
239.248266
239.687594
239.832443
240.81634
240.878508
241.393648
241.638243
241.707984
242.264347
243.07589
243.333506
244.784905
245.043346
245.340202
247.314881
248.606762
251.276623
252.642367
254.077772
254.775927
254.934057
255.242794
257.106997
259.469255
266.006722
267.196033
267.642717
279.774245
284.328248
304.43976
318.346134
331.5463
393.547733
471.545159
723.697136
3741.013229
3855.62507
6516.324902
10802.123219
