93.196598
193.27211
194.434716
195.675173
197.286621
200.09043
202.463651
214.889141
215.930074
215.991304
218.160038
218.660281
219.815998
219.991274
220.801711
221.520936
221.56093
221.855654
221.921131
222.049903
222.126428
222.128723
222.145016
222.251517
222.430653
222.495419
222.509543
222.649981
222.755626
222.758127
222.782592
222.827177
222.839925
222.888862
223.22385
223.264569
223.306847
223.556439
223.593289
223.723911
223.736665
223.740088
223.740198
223.838691
223.88636
224.027554
224.079569
224.097639
224.262437
224.29473
224.300646
224.310187
224.323666
224.37694
224.39695
224.425442
224.448073
224.454096
224.465206
224.473817
224.825429
224.855445
224.914705
224.979029
225.024596
225.052878
225.056144
225.088359
225.166465
225.402471
225.45334
225.541631
225.551109
225.587486
225.589114
225.632204
225.682626
225.727163
225.755567
225.765916
225.818967
225.851988
225.871066
225.893407
226.057451
226.09603
226.098395
226.100691
226.116363
226.170648
226.198386
226.199092
226.205534
226.278845
226.282169
226.306565
226.34259
226.353066
226.371595
226.387835
226.401801
226.461306
226.502751
226.519083
226.578397
226.583627
226.681339
226.709465
226.745527
226.765338
226.852
226.858744
226.879225
226.920693
227.019473
227.020326
227.165707
227.175993
227.17828
227.191787
227.203226
227.21731
227.219573
227.250818
227.266484
227.269816
227.289014
227.303938
227.304352
227.304626
227.313243
227.343411
227.397959
227.443745
227.463238
227.487249
227.498495
227.558158
227.595532
227.608798
227.613166
227.63487
227.645253
227.651449
227.663118
227.688288
227.68931
227.791706
227.800169
227.831338
227.856183
227.872461
227.875217
227.95062
227.952012
227.969742
228.005017
228.03062
228.037639
228.04992
228.069756
228.076762
228.086698
228.106913
228.109102
228.117446
228.123049
228.169027
228.177609
228.213448
228.232281
228.246273
228.248707
228.260466
228.278976
228.303911
228.325425
228.336707
228.338919
228.361636
228.381851
228.386047
228.390635
228.420259
228.463181
228.513093
228.513283
228.557513
228.586073
228.593402
228.605823
228.620487
228.626265
228.631223
228.673559
228.730143
228.803925
228.839753
228.8417
228.847449
228.866738
228.898563
228.902527
228.906212
228.908839
228.915104
228.920494
228.930371
228.94126
228.988107
228.993648
229.003441
229.084497
229.090027
229.103603
229.118731
229.134626
229.186479
229.194629
229.237702
229.254465
229.267109
229.275697
229.282844
229.316922
229.318884
229.321773
229.331471
229.343262
229.34912
229.361601
229.384763
229.397048
229.414424
229.435348
229.445589
229.456463
229.456984
229.460985
229.495291
229.495949
229.509334
229.516523
229.591131
229.632412
229.634516
229.639381
229.657783
229.668961
229.683188
229.684576
229.718029
229.723538
229.751005
229.758388
229.793956
229.824705
229.82638
229.833022
229.868755
229.883222
229.921041
229.939666
229.950874
229.957494
229.971463
230.000617
230.026944
230.045457
230.109969
230.110165
230.133755
230.144804
230.157975
230.18412
230.190041
230.190821
230.193031
230.229643
230.234246
230.2601
230.268525
230.292287
230.298776
230.303561
230.304994
230.305
230.320751
230.345239
230.349965
230.367182
230.394887
230.405085
230.453737
230.466593
230.484805
230.501903
230.503376
230.51021
230.513854
230.521049
230.53764
230.592149
230.599691
230.622369
230.623034
230.6263
230.62777
230.628858
230.709776
230.722851
230.734832
230.751235
230.787624
230.825084
230.826786
230.85347
230.854824
230.865198
230.875285
230.878983
230.892683
230.911254
230.914016
230.932569
230.94893
230.972023
230.976924
230.979152
230.994468
231.005808
231.013311
231.032356
231.032693
231.040313
231.045931
231.051724
231.076099
231.077438
231.082644
231.098056
231.104127
231.104952
231.124498
231.132168
231.135312
231.14585
231.159069
231.160044
231.177507
231.227875
231.239411
231.24166
231.261094
231.265504
231.268132
231.270163
231.286413
231.295189
231.321852
231.322587
231.323552
231.325588
231.325643
231.336688
231.341152
231.355488
231.361432
231.395013
231.396863
231.430455
231.434764
231.437895
231.444086
231.455255
231.458499
231.481855
231.48715
231.495973
231.49727
231.50252
231.528524
231.532478
231.538306
231.581247
231.592993
231.608626
231.609328
231.609509
231.610078
231.614058
231.624192
231.640419
231.665271
231.674818
231.675838
231.676685
231.70054
231.73773
231.740578
231.760859
231.780183
231.791911
231.805349
231.809407
231.832071
231.854076
231.86933
231.870382
231.882405
231.922016
231.9264
231.936075
231.945495
231.955274
231.973192
231.978236
232.028431
232.040845
232.041638
232.059459
232.061077
232.065273
232.066049
232.071211
232.075433
232.081344
232.096368
232.104844
232.12948
232.132407
232.142802
232.150458
232.259933
232.270136
232.271755
232.277565
232.285397
232.305061
232.313781
232.31976
232.337567
232.354786
232.35641
232.362663
232.363364
232.394329
232.427363
232.437609
232.440932
232.442526
232.442816
232.453637
232.454518
232.483882
232.500031
232.501815
232.507475
232.528169
232.529813
232.542196
232.550335
232.557477
232.561899
232.562984
232.571076
232.583286
232.586345
232.603188
232.611789
232.618663
232.630825
232.643535
232.644259
232.667237
232.670332
232.687532
232.698617
232.699298
232.705835
232.718699
232.723548
232.726366
232.729089
232.751709
232.7552
232.75579
232.758382
232.768027
232.771788
232.774104
232.822038
232.828899
232.839723
232.855851
232.857039
232.87416
232.876864
232.882768
232.89268
232.901439
232.93529
232.942716
232.94664
232.950854
232.952421
232.954487
232.972472
232.981406
232.992877
232.99686
233.014721
233.019545
233.025601
233.026373
233.048834
233.05549
233.06717
233.083975
233.098412
233.103055
233.104781
233.110997
233.122117
233.131747
233.132143
233.144558
233.148378
233.166665
233.175798
233.194441
233.211763
233.235518
233.240522
233.248361
233.251245
233.253609
233.28484
233.285651
233.315165
233.349967
233.351615
233.351663
233.362106
233.378119
233.398999
233.402818
233.433053
233.442262
233.448508
233.479458
233.479548
233.501497
233.505348
233.506075
233.507207
233.533125
233.540478
233.557696
233.560106
233.586189
233.591052
233.603614
233.607741
233.609393
233.612304
233.64323
233.647196
233.664276
233.677191
233.680352
233.684785
233.69984
233.70077
233.723672
233.739721
233.75324
233.758714
233.762515
233.76759
233.769543
233.782383
233.783889
233.801483
233.80718
233.807213
233.825282
233.828714
233.838286
233.847122
233.85268
233.85847
233.859104
233.865106
233.878028
233.886939
233.891487
233.897416
233.903056
233.907958
233.908796
233.910308
233.934232
233.93431
233.937792
233.939401
233.945705
233.960126
233.961438
233.970218
233.972061
233.97738
233.977703
233.981828
233.985374
233.987408
234.008737
234.025988
234.035527
234.039791
234.041284
234.041574
234.054794
234.057007
234.065411
234.071496
234.089022
234.09951
234.101814
234.117319
234.129745
234.15128
234.154728
234.161482
234.173893
234.181506
234.210808
234.211143
234.211862
234.215124
234.229473
234.238805
234.242804
234.24559
234.246184
234.25646
234.257701
234.258515
234.259015
234.259787
234.263035
234.280488
234.280656
234.280935
234.298952
234.299047
234.314628
234.316621
234.32181
234.322972
234.342041
234.367378
234.367867
234.374091
234.383679
234.390196
234.392154
234.40162
234.424874
234.428965
234.429907
234.441135
234.441906
234.451741
234.456608
234.458237
234.47841
234.480512
234.494232
234.494362
234.505652
234.524057
234.532351
234.543748
234.552255
234.581982
234.585013
234.593957
234.600179
234.601108
234.604589
234.610265
234.62152
234.633788
234.640521
234.651525
234.661074
234.661485
234.661562
234.66473
234.676486
234.687638
234.698983
234.711351
234.721786
234.731614
234.73185
234.755295
234.759745
234.783288
234.783341
234.790938
234.79293
234.793152
234.793506
234.800115
234.811769
234.835351
234.842251
234.843902
234.854433
234.856162
234.857153
234.859824
234.873535
234.87886
234.879585
234.90599
234.907144
234.909618
234.91326
234.923045
234.925099
234.92603
234.92649
234.928441
234.941043
234.945368
234.950205
234.967615
234.979846
234.982154
234.984426
234.98447
234.984791
234.990279
234.99374
234.996198
234.996642
234.999229
235.009822
235.026635
235.043103
235.047073
235.052733
235.053271
235.063596
235.064631
235.068365
235.072037
235.086038
235.086167
235.086183
235.086371
235.087456
235.088584
235.094283
235.098504
235.100563
235.100875
235.117144
235.11918
235.128047
235.139077
235.164573
235.167716
235.16937
235.172046
235.177868
235.182358
235.188765
235.189975
235.193461
235.194824
235.200699
235.213999
235.222109
235.224551
235.234555
235.235714
235.235931
235.236885
235.247089
235.251836
235.26694
235.273408
235.27715
235.285063
235.286787
235.289622
235.289641
235.297216
235.300663
235.304069
235.312823
235.314556
235.321192
235.322595
235.324614
235.32843
235.338916
235.343966
235.355425
235.360518
235.375482
235.383474
235.392422
235.40734
235.41775
235.426083
235.432373
235.462197
235.472931
235.476337
235.485695
235.507856
235.515782
235.51602
235.531923
235.535094
235.541451
235.545147
235.546571
235.564104
235.566838
235.570349
235.579228
235.579902
235.583118
235.59377
235.598981
235.601645
235.604311
235.612101
235.61227
235.617431
235.618009
235.624135
235.632217
235.633259
235.639428
235.639809
235.642255
235.643621
235.652423
235.668365
235.672491
235.678128
235.684046
235.684616
235.706728
235.718286
235.720095
235.722075
235.724888
235.72872
235.733971
235.742236
235.747715
235.75035
235.754102
235.760799
235.764172
235.768227
235.773372
235.784525
235.794322
235.802057
235.809124
235.810232
235.810838
235.844674
235.849318
235.850769
235.856078
235.86089
235.875047
235.884827
235.912177
235.923435
235.950849
235.965982
235.982075
235.98218
235.987505
235.987953
235.995457
235.997953
236.013558
236.016122
236.026857
236.031992
236.036764
236.039816
236.056725
236.058064
236.058254
236.06296
236.071278
236.076231
236.076373
236.079326
236.083381
236.084377
236.091257
236.098966
236.112203
236.114795
236.123136
236.123979
236.128039
236.130587
236.151552
236.155056
236.159548
236.169921
236.173267
236.173938
236.17816
236.198905
236.198965
236.20039
236.206815
236.216329
236.216502
236.227686
236.234874
236.244633
236.252689
236.25421
236.270719
236.272501
236.278163
236.290429
236.297796
236.311909
236.312677
236.321816
236.328946
236.330535
236.334268
236.341065
236.352748
236.362294
236.362355
236.369455
236.376073
236.379235
236.385697
236.388175
236.402165
236.414835
236.418184
236.419214
236.421949
236.422834
236.425878
236.427519
236.433198
236.442891
236.44934
236.456462
236.456642
236.458111
236.471605
236.501461
236.511544
236.520573
236.52211
236.531731
236.535645
236.549475
236.552467
236.559181
236.56269
236.566636
236.580333
236.587556
236.588944
236.58895
236.594139
236.604952
236.620953
236.630861
236.640942
236.670187
236.677325
236.677615
236.686079
236.686152
236.687825
236.693562
236.693848
236.695863
236.701749
236.706438
236.708935
236.710139
236.718429
236.727296
236.729994
236.738532
236.759364
236.770287
236.770407
236.773177
236.799751
236.802702
236.813509
236.815609
236.817909
236.820675
236.834552
236.842526
236.848181
236.850527
236.855759
236.856191
236.873799
236.879939
236.885778
236.892123
236.89261
236.895335
236.896121
236.900533
236.902313
236.904177
236.939105
236.944871
236.948111
236.950227
236.956136
236.957328
236.959801
236.960501
236.960834
236.962624
236.96786
236.974465
236.976074
236.982933
236.992857
236.994553
237.001137
237.009273
237.011339
237.014785
237.017061
237.020118
237.03271
237.032728
237.035916
237.049863
237.050408
237.054655
237.056678
237.056767
237.064552
237.065412
237.065619
237.066941
237.074862
237.088028
237.088444
237.088582
237.094927
237.095777
237.11587
237.124588
237.133804
237.143462
237.148145
237.148907
237.152914
237.16
237.162243
237.16897
237.17114
237.183182
237.18891
237.211657
237.217688
237.22434
237.235958
237.239601
237.239644
237.240375
237.241076
237.250012
237.257543
237.259482
237.259885
237.262307
237.266288
237.272731
237.279808
237.279848
237.28107
237.28369
237.291483
237.295114
237.304598
237.308878
237.315124
237.317601
237.321356
237.329648
237.329704
237.331738
237.347806
237.349423
237.368265
237.378344
237.381592
237.391358
237.394083
237.396254
237.398183
237.40547
237.40554
237.406333
237.407834
237.43081
237.43944
237.439762
237.443207
237.456008
237.466462
237.470358
237.4927
237.527956
237.532404
237.541166
237.552256
237.55689
237.556951
237.568143
237.575559
237.582407
237.587457
237.612847
237.637075
237.638966
237.641631
237.641682
237.64231
237.646886
237.655093
237.678815
237.680364
237.681297
237.684398
237.687696
237.707397
237.708191
237.711355
237.713606
237.713938
237.719569
237.72951
237.73062
237.733061
237.741663
237.745614
237.750001
237.752395
237.769368
237.779001
237.784457
237.792663
237.798992
237.801263
237.801886
237.813461
237.819256
237.824308
237.825253
237.840236
237.873596
237.87696
237.883243
237.887292
237.891137
237.894879
237.896905
237.90639
237.910812
237.911731
237.924632
237.973438
238.002522
238.019634
238.023232
238.02852
238.039394
238.042612
238.054524
238.061739
238.068843
238.095674
238.112217
238.120123
238.123088
238.124946
238.136917
238.140255
238.142147
238.148371
238.154794
238.164416
238.168846
238.169222
238.17115
238.174592
238.182278
238.186843
238.192195
238.201555
238.201611
238.204684
238.208768
238.212487
238.218089
238.241221
238.248822
238.257721
238.265085
238.274409
238.27656
238.277415
238.281223
238.281853
238.285101
238.288002
238.293014
238.296788
238.307779
238.317067
238.320628
238.32561
238.340437
238.341445
238.34269
238.342948
238.348994
238.354155
238.355121
238.355462
238.357196
238.372129
238.377407
238.380929
238.39111
238.396552
238.399468
238.409492
238.411174
238.413895
238.416143
238.434518
238.438139
238.445343
238.448154
238.453585
238.459017
238.463641
238.466647
238.475055
238.481348
238.488635
238.491936
238.492333
238.49675
238.497708
238.49934
238.502046
238.519722
238.521137
238.529693
238.530729
238.543474
238.543567
238.544613
238.547546
238.550328
238.568138
238.571111
238.57283
238.575311
238.580944
238.585264
238.594443
238.594571
238.596717
238.598914
238.604748
238.614815
238.627576
238.638377
238.638749
238.640657
238.653098
238.665411
238.666395
238.669321
238.686811
238.69571
238.707646
238.711463
238.713695
238.714133
238.718198
238.721859
238.736035
238.75507
238.755909
238.757397
238.766089
238.783514
238.79213
238.792721
238.820414
238.82625
238.829556
238.844227
238.848096
238.848266
238.852774
238.853498
238.857996
238.867359
238.87927
238.885674
238.885914
238.897324
238.90374
238.915008
238.917739
238.922495
238.923196
238.924294
238.924404
238.932539
238.93466
238.936781
238.941125
238.958442
238.96497
238.970486
238.982491
238.9925
239.000928
239.006328
239.013644
239.01553
239.021621
239.024937
239.025833
239.034453
239.039
239.052439
239.057615
239.064081
239.064427
239.079441
239.079457
239.091517
239.114483
239.117316
239.121803
239.132894
239.136679
239.137402
239.149275
239.149597
239.159132
239.166841
239.187474
239.190788
239.190902
239.197178
239.20017
239.203599
239.205405
239.205643
239.212647
239.214413
239.214665
239.227136
239.24292
239.254503
239.260324
239.276833
239.278404
239.283033
239.293441
239.309091
239.321638
239.326726
239.340363
239.350922
239.361268
239.364057
239.369368
239.37287
239.376361
239.388896
239.39447
239.397897
239.405737
239.409485
239.413075
239.416943
239.429168
239.432284
239.434935
239.44283
239.445518
239.458388
239.463398
239.465724
239.480506
239.482118
239.487018
239.489454
239.495369
239.495473
239.497573
239.510686
239.512178
239.517491
239.531571
239.534415
239.539233
239.544774
239.547535
239.549295
239.553175
239.553259
239.556598
239.563529
239.564539
239.565623
239.574449
239.581764
239.584416
239.596656
239.597096
239.605455
239.623451
239.632037
239.638198
239.642417
239.645809
239.650412
239.650635
239.65538
239.656136
239.66057
239.671867
239.672892
239.675863
239.67685
239.677342
239.678422
239.678899
239.680056
239.680195
239.684706
239.693239
239.694644
239.695409
239.71816
239.721359
239.722103
239.738825
239.739287
239.742795
239.758813
239.76096
239.766953
239.771956
239.774898
239.77619
239.802361
239.803575
239.80933
239.814998
239.828733
239.829974
239.834187
239.836446
239.849993
239.853604
239.85848
239.864684
239.865538
239.866638
239.866891
239.873786
239.890448
239.894352
239.896258
239.909384
239.909472
239.910704
239.911012
239.91454
239.923702
239.926594
239.926936
239.932037
239.934304
239.937582
239.941151
239.941434
239.942881
239.944021
239.950209
239.957121
239.967769
239.968815
239.969067
239.974558
239.978828
239.980266
239.981725
239.992084
239.993062
239.998309
240.007688
240.014301
240.01959
240.027297
240.027748
240.029988
240.032285
240.034156
240.04943
240.054447
240.059775
240.062605
240.080875
240.085725
240.092685
240.096195
240.099699
240.10893
240.113476
240.115591
240.128444
240.129157
240.129497
240.147308
240.147453
240.158743
240.161465
240.161505
240.171487
240.179582
240.179871
240.188028
240.190949
240.194738
240.196971
240.200017
240.202401
240.205392
240.208669
240.215229
240.218939
240.218961
240.222291
240.222529
240.227459
240.243131
240.250002
240.26177
240.271068
240.272722
240.281912
240.29086
240.302303
240.303556
240.304562
240.306049
240.307965
240.316504
240.320666
240.3271
240.351197
240.362269
240.374683
240.387428
240.388355
240.389085
240.389479
240.391877
240.396219
240.397179
240.399746
240.409465
240.413259
240.413829
240.421686
240.441655
240.467778
240.467787
240.469243
240.474468
240.48046
240.484206
240.490142
240.49123
240.513495
240.52441
240.532468
240.532701
240.536825
240.541493
240.553766
240.565941
240.568701
240.574135
240.588158
240.595431
240.595451
240.595988
240.598653
240.613108
240.613194
240.616834
240.61801
240.625101
240.630112
240.65417
240.690126
240.69914
240.716261
240.731028
240.732469
240.736124
240.741513
240.749767
240.760585
240.777788
240.780095
240.78389
240.791338
240.798495
240.801065
240.806731
240.809915
240.817179
240.82006
240.8227
240.824583
240.830825
240.833519
240.837438
240.849205
240.858869
240.869084
240.875118
240.87759
240.887098
240.890063
240.89318
240.894514
240.899465
240.922952
240.923966
240.92917
240.931427
240.942047
240.943143
240.946622
240.94808
240.952112
240.976248
240.976596
240.982934
240.994726
240.9964
240.999022
241.001774
241.025216
241.037343
241.040859
241.042955
241.043738
241.04763
241.06023
241.064409
241.065612
241.08372
241.106249
241.11248
241.120474
241.122749
241.122901
241.12944
241.132764
241.139105
241.147877
241.149394
241.155207
241.157118
241.162837
241.166025
241.174252
241.181394
241.183009
241.184887
241.18952
241.193449
241.196992
241.206982
241.208695
241.210268
241.217837
241.220375
241.22289
241.248472
241.254987
241.259036
241.261674
241.262552
241.266078
241.268383
241.271376
241.276974
241.299074
241.303921
241.317748
241.323413
241.334356
241.346859
241.347506
241.356756
241.377404
241.380267
241.385436
241.386312
241.394268
241.394315
241.395991
241.396222
241.409618
241.412209
241.413507
241.4153
241.426032
241.428346
241.432647
241.441878
241.443862
241.455351
241.457584
241.464778
241.474764
241.482993
241.485003
241.488452
241.496174
241.503449
241.512269
241.536448
241.538417
241.544503
241.544541
241.545837
241.547487
241.548089
241.548505
241.554551
241.562237
241.56974
241.572905
241.573487
241.57715
241.579274
241.583507
241.604036
241.605501
241.610931
241.626861
241.636195
241.643238
241.646858
241.648098
241.652164
241.660935
241.665777
241.66598
241.666235
241.667984
241.6873
241.69378
241.698365
241.705803
241.706751
241.71257
241.712912
241.718733
241.724689
241.724726
241.741472
241.749726
241.75411
241.75461
241.772712
241.773857
241.78909
241.803743
241.80897
241.811224
241.837628
241.843088
241.844245
241.848128
241.849732
241.868263
241.874214
241.87594
241.876383
241.887557
241.891101
241.898541
241.901994
241.916134
241.918769
241.919015
241.921676
241.931149
241.931264
241.939355
241.962961
241.970415
241.983071
241.995915
241.999901
242.003669
242.009983
242.011117
242.012683
242.014008
242.021216
242.031622
242.042829
242.050907
242.056967
242.062965
242.063264
242.069522
242.078729
242.087009
242.093697
242.094705
242.110966
242.111106
242.113623
242.113803
242.121526
242.123746
242.13063
242.133395
242.135299
242.144562
242.151104
242.173897
242.173961
242.196961
242.201974
242.208643
242.213769
242.219245
242.227278
242.228542
242.229722
242.248119
242.253025
242.257837
242.268825
242.273544
242.276814
242.276931
242.282587
242.283586
242.290109
242.301184
242.321161
242.32289
242.326088
242.337483
242.350592
242.354389
242.361269
242.365289
242.366751
242.36955
242.42048
242.426786
242.427355
242.442455
242.446574
242.447326
242.449678
242.461945
242.465628
242.465941
242.467304
242.468256
242.476384
242.50605
242.507132
242.510249
242.513201
242.52201
242.524138
242.530554
242.570626
242.571588
242.574483
242.595431
242.599738
242.602681
242.622118
242.626041
242.637992
242.657809
242.676581
242.68244
242.695575
242.696558
242.699028
242.704114
242.718819
242.720478
242.720653
242.722082
242.724158
242.724502
242.726719
242.737658
242.738261
242.760016
242.765328
242.772364
242.788185
242.790147
242.797286
242.798358
242.816644
242.827618
242.835483
242.83815
242.842172
242.850977
242.87065
242.880937
242.910813
242.915596
242.919674
242.924232
242.933574
242.936376
242.959075
242.964553
242.986811
243.002487
243.007208
243.028267
243.04002
243.049813
243.083914
243.099512
243.114543
243.120204
243.134317
243.135063
243.138065
243.152673
243.152707
243.154084
243.172494
243.183364
243.204769
243.225226
243.23069
243.242119
243.248263
243.256919
243.314016
243.318788
243.321113
243.325015
243.325298
243.325974
243.337335
243.342287
243.346459
243.358848
243.358913
243.359597
243.362065
243.38116
243.386607
243.389178
243.416336
243.446976
243.447097
243.449887
243.451946
243.465479
243.468471
243.477224
243.48459
243.48546
243.492612
243.493626
243.500915
243.521834
243.526018
243.533911
243.53449
243.535528
243.560287
243.560499
243.573329
243.586123
243.586969
243.600454
243.623934
243.62502
243.632214
243.637961
243.638119
243.648995
243.658204
243.668409
243.680506
243.683523
243.692924
243.695286
243.695546
243.719036
243.73235
243.735849
243.751571
243.75197
243.754444
243.76122
243.762467
243.765146
243.774248
243.790317
243.797201
243.841233
243.84471
243.845371
243.846395
243.855064
243.860178
243.866991
243.876619
243.903507
243.905938
243.914682
243.918827
243.920641
243.921018
243.928444
243.932414
243.937729
243.9408
243.945772
243.973328
243.995798
244.001144
244.003366
244.00448
244.01395
244.018405
244.029954
244.031109
244.040605
244.058858
244.065672
244.066372
244.079251
244.080178
244.109636
244.11463
244.121206
244.130408
244.136665
244.146334
244.147529
244.161019
244.174839
244.183283
244.193295
244.210801
244.212847
244.227736
244.23658
244.283743
244.295825
244.307008
244.315515
244.319786
244.337429
244.343185
244.366922
244.382737
244.386113
244.394069
244.399533
244.420765
244.425478
244.446725
244.474043
244.476361
244.481508
244.483007
244.497229
244.505333
244.51412
244.526058
244.554239
244.557829
244.559199
244.580382
244.584736
244.588418
244.58999
244.593757
244.601745
244.604496
244.625204
244.625955
244.630569
244.642501
244.644192
244.664562
244.666747
244.671878
244.672568
244.695308
244.706452
244.719895
244.741158
244.751221
244.777352
244.780567
244.803391
244.825062
244.850105
244.864364
244.865649
244.89035
244.896177
244.92087
244.944282
244.947127
244.951985
244.95277
244.959548
244.972922
244.975247
244.977105
244.98134
244.997525
245.007404
245.022727
245.03315
245.068242
245.081255
245.094659
245.106276
245.115712
245.124182
245.135689
245.136043
245.158599
245.15907
245.171589
245.176945
245.196503
245.204469
245.234964
245.239218
245.249359
245.253471
245.289413
245.290261
245.300129
245.303648
245.30409
245.323485
245.340268
245.352561
245.392699
245.404145
245.420277
245.444794
245.447144
245.461563
245.497722
245.504935
245.509931
245.514444
245.52897
245.535507
245.551316
245.558745
245.576664
245.582713
245.599806
245.621213
245.633911
245.654022
245.677292
245.690777
245.692187
245.696274
245.697023
245.698634
245.70414
245.709904
245.722425
245.764233
245.771392
245.782611
245.78641
245.826491
245.840153
245.846932
245.847381
245.851017
245.860684
245.868834
245.869944
245.875967
245.876701
245.879669
245.916406
245.918784
245.936496
245.937943
245.94018
245.946865
245.970634
245.974508
245.976895
245.982832
245.983528
245.986775
245.991167
245.992303
246.010146
246.015364
246.028036
246.035297
246.059818
246.064283
246.101691
246.128784
246.139731
246.185081
246.189165
246.206649
246.256496
246.279445
246.282137
246.298615
246.305072
246.307403
246.325678
246.331422
246.338456
246.350791
246.363671
246.383376
246.399239
246.432555
246.434343
246.453225
246.45888
246.470012
246.489022
246.499649
246.505604
246.507753
246.516049
246.518068
246.557268
246.558046
246.570091
246.573141
246.577743
246.586932
246.622447
246.628168
246.629031
246.663237
246.664975
246.672051
246.687632
246.694963
246.696859
246.708183
246.730182
246.753786
246.764989
246.767845
246.776919
246.79508
246.811658
246.819271
246.824917
246.845733
246.856211
246.880587
246.889207
246.890392
246.910505
246.917365
246.95541
246.976742
247.004066
247.015907
247.070355
247.090638
247.110084
247.11506
247.137584
247.13825
247.21291
247.242085
247.252533
247.257901
247.282418
247.294809
247.303239
247.320228
247.380139
247.385998
247.394139
247.408869
247.430714
247.504733
247.507706
247.518899
247.52056
247.534748
247.541608
247.576223
247.591429
247.62431
247.649163
247.670245
247.703649
247.721624
247.723955
247.740702
247.753548
247.810741
247.854002
247.864094
247.867795
247.880603
247.908917
247.911206
247.92423
247.927493
247.928845
247.965533
247.968058
247.993577
248.012449
248.020783
248.049542
248.053215
248.062779
248.204923
248.207744
248.287204
248.298207
248.313725
248.364133
248.392872
248.397322
248.401447
248.402604
248.460144
248.471436
248.483266
248.520959
248.537467
248.586247
248.613459
248.633673
248.657316
248.730566
248.77837
248.785974
248.795555
248.810048
248.813671
248.829943
248.851632
248.8957
248.94531
248.963231
248.966334
248.982484
248.982802
248.991046
249.001654
249.025066
249.166691
249.167666
249.23263
249.267448
249.268005
249.282448
249.346345
249.346527
249.400816
249.423495
249.424713
249.475794
249.483099
249.510553
249.539166
249.559302
249.590375
249.635075
249.638078
249.676355
249.709148
249.718113
249.741593
249.750876
249.768651
249.843014
249.902284
249.916526
249.929053
249.942687
249.965975
249.976685
250.12484
250.127331
250.148949
250.192146
250.207338
250.212954
250.220417
250.285345
250.304267
250.30592
250.335663
250.38173
250.39533
250.414627
250.430915
250.433148
250.447538
250.505972
250.507694
250.512153
250.535329
250.612448
250.681765
250.712064
250.816007
250.887607
250.941575
250.998755
251.089471
251.111917
251.142142
251.193122
251.218443
251.245191
251.308227
251.319839
251.363172
251.463666
251.572292
251.608557
251.649574
251.661873
251.67288
251.680083
251.751784
251.775413
251.780047
251.797174
251.82517
251.827441
251.832968
251.853201
251.855629
251.86579
251.901915
251.903758
251.998433
251.999797
252.014333
252.042711
252.04336
252.054796
252.0695
252.08011
252.152092
252.201054
252.216275
252.235634
252.257884
252.259593
252.336865
252.398742
252.420478
252.43457
252.467098
252.515576
252.52147
252.538464
252.539924
252.554851
252.660685
252.664398
252.679223
252.693189
252.712002
252.715993
252.734522
252.856422
252.871018
252.893702
252.953428
252.966986
252.971263
253.030075
253.034245
253.183902
253.187232
253.207855
253.233913
253.302754
253.307016
253.417232
253.54999
253.583296
253.615306
253.616635
253.676637
253.685103
253.692234
253.729596
253.833119
253.839586
253.900395
253.938712
253.966546
254.05139
254.121933
254.179326
254.286058
254.295617
254.34495
254.423773
254.441979
254.44788
254.449698
254.476157
254.480989
254.553551
254.559117
254.644161
254.961246
254.996928
254.997532
255.011277
255.06533
255.085811
255.100165
255.120135
255.124883
255.191089
255.269319
255.313
255.341666
255.692163
255.700636
255.711338
255.725669
255.880611
255.898677
256.079877
256.117614
256.273964
256.353905
256.507533
256.513557
256.525534
256.593469
256.651487
256.799996
256.87067
256.891936
256.917402
257.027699
257.109153
257.114879
257.193983
257.208899
257.223738
257.270327
257.4068
257.440208
257.482588
257.545301
257.630998
257.748967
257.867398
257.945872
258.036737
258.097678
258.208734
258.293276
258.539012
258.578545
258.650784
258.65538
258.681291
258.839056
258.943635
259.046761
259.131985
259.197063
259.284702
259.295337
259.457165
259.536669
259.555033
259.564162
259.600148
259.633262
259.744122
259.94919
260.280578
260.28111
260.309719
260.336991
260.345324
261.299234
261.383661
261.439285
261.52188
261.605747
261.641902
261.826763
262.219872
262.392122
262.426863
262.485454
262.693779
262.747051
262.976317
262.979332
263.098442
263.111958
263.113138
263.191837
263.456688
263.709643
264.415102
264.418757
264.797377
264.975797
266.074095
266.200744
266.756692
266.834817
267.071946
267.525381
267.682322
268.127647
268.171665
268.203961
268.326648
268.581082
269.283437
269.849491
272.291687
272.295856
273.597556
275.395001
275.791902
276.84221
277.572807
277.649166
277.869997
282.148452
282.87194
284.335952
284.806137
289.138392
289.958212
293.837231
294.701613
295.522457
296.630457
312.070677
314.250971
315.518441
316.004197
318.034537
331.73695
342.139581
342.666713
350.499798
359.48733
370.62446
378.770088
408.059335
449.102204
504.869392
509.525179
544.188833
582.632666
588.119964
683.95693
738.814422
1164.254467
1533.096399
