2.715126
20.487941
138.983294
139.891288
143.630935
144.061153
144.465949
148.653407
148.793591
149.933534
152.382115
152.717491
153.632935
166.298436
166.382044
166.468975
170.429701
170.865456
171.119639
171.762967
172.001145
172.469065
172.80427
173.521995
173.534102
173.993857
174.140806
174.196977
174.232086
174.386539
174.687039
175.429359
175.798026
175.871907
176.323427
176.671831
177.146364
177.189568
177.749025
179.935029
181.419008
181.814331
182.67845
183.736164
184.523414
185.268227
185.275343
187.486879
187.602696
188.589029
189.305375
189.502314
191.577068
192.700804
194.822984
194.826739
195.576388
196.58893
197.734555
200.365764
203.067859
206.13637
212.280234
214.89094
215.339749
220.480444
226.084337
226.309179
226.956349
228.741829
233.481999
234.534846
235.683747
240.81634
241.638243
245.043346
471.545159
