14.843348
23.16214
139.433867
142.028246
143.130881
144.340257
144.614743
145.350047
147.268952
147.286287
149.784823
150.196847
150.344536
150.727619
151.508126
152.011195
152.274855
153.025345
153.981909
154.083408
156.311155
156.35454
156.680641
157.074699
158.820917
159.871409
161.726017
167.409643
173.080758
173.090372
182.069851
186.318686
186.519377
187.90954
188.377165
188.468332
189.251117
189.387373
189.392962
190.619982
190.840664
191.043717
191.285719
191.561949
195.482522
195.800428
197.263063
199.108851
201.072248
201.457202
203.612672
203.797166
204.644707
205.167857
205.549675
206.215265
208.501907
468.797721
513.620307
