64.378282
65.818334
67.32106
68.670318
68.687785
68.754064
68.912307
69.249183
69.526037
73.426697
76.703686
78.35315
82.58382
88.225086
102.124341
143.02841
144.590492
160.823598
169.493454
170.188889
170.686376
170.750897
170.773607
171.890135
172.437001
173.490627
174.047091
174.088101
174.275164
175.215844
176.243512
177.529415
177.694034
177.998028
178.485568
178.529825
178.750811
179.09735
179.150757
179.214563
179.249422
179.42171
179.528437
179.537555
179.706397
179.812336
179.863319
180.133862
180.159012
180.17445
180.366519
180.420786
180.545
180.7158
180.862945
181.105404
181.151381
181.152958
181.169108
181.199973
181.29602
181.374996
181.382355
181.434101
181.512854
181.56288
181.669942
181.720162
181.759941
181.812811
181.857198
181.890291
182.041021
182.219214
182.269226
182.312824
182.397296
182.467195
182.522111
182.565943
182.569769
182.580533
182.674761
182.763973
182.767129
182.787565
182.958148
183.034703
183.408704
183.512045
183.514515
183.604754
183.640214
183.641532
183.740896
183.817721
183.849597
183.988634
183.999136
184.04064
184.041955
184.159242
184.194437
184.449054
184.450637
184.614772
184.630442
184.702135
185.02398
185.122559
185.303509
185.316189
185.429313
185.485953
185.660034
185.675253
185.817076
185.828266
185.887572
185.935311
186.215182
186.233844
186.401788
186.407927
186.489691
186.703056
186.71023
186.713987
186.723441
186.749417
186.777394
186.866969
186.923537
186.968609
187.087217
187.239912
187.240076
187.250252
187.312493
187.32955
187.412729
187.562708
187.563488
187.579186
187.59597
187.713282
187.798276
187.876357
187.88868
187.89917
187.927537
188.08493
188.125625
188.131324
188.21838
188.377499
188.381939
188.468345
188.470461
188.471272
188.505124
188.567753
188.644363
188.67546
188.715803
188.78559
188.786561
188.822871
188.840177
188.846388
188.847008
188.853017
188.856564
188.870663
188.890975
188.928109
188.978251
189.04998
189.123739
189.135202
189.137582
189.201828
189.216662
189.224544
189.299309
189.301168
189.363318
189.386832
189.423355
189.479627
189.502917
189.557141
189.609788
189.611867
189.685511
189.735877
189.776327
189.830264
189.843437
189.850388
189.864583
189.891398
189.895129
189.898502
189.954074
189.962363
190.000836
190.176827
190.221444
190.225691
190.241351
190.246818
190.249196
190.280262
190.298992
190.339214
190.425189
190.463277
190.487231
190.552493
190.581028
190.584389
190.623397
190.62747
190.643001
190.699731
190.710074
190.778638
190.814568
190.83558
190.839911
190.935815
190.948655
190.959263
190.965796
190.981808
190.990422
191.038276
191.074356
191.082056
191.088754
191.101793
191.106192
191.132212
191.143494
191.158948
191.163675
191.210525
191.219673
191.219984
191.221271
191.283372
191.297082
191.298247
191.305296
191.332616
191.354821
191.376675
191.40811
191.444838
191.448302
191.460042
191.474858
191.484124
191.496373
191.500446
191.57795
191.582111
191.610163
191.611187
191.620891
191.645987
191.648197
191.648507
191.673459
191.686415
191.696715
191.726612
191.732805
191.735398
191.783187
191.794837
191.800879
191.851724
191.861111
191.868577
191.88223
191.931369
191.936217
191.963424
191.963669
191.973719
191.989648
192.005641
192.017678
192.041741
192.060836
192.061926
192.125655
192.130283
192.142046
192.146689
192.154062
192.160649
192.162956
192.170661
192.204339
192.20869
192.223632
192.231476
192.235339
192.261579
192.299919
192.307195
192.309634
192.32601
192.333595
192.383437
192.411263
192.438852
192.443628
192.449129
192.451899
192.453688
192.466887
192.495009
192.502916
192.50742
192.524065
192.527858
192.536113
192.536697
192.550435
192.550618
192.554678
192.562279
192.593635
192.599054
192.629046
192.678417
192.68179
192.682904
192.702594
192.730508
192.731108
192.736529
192.753939
192.824614
192.854691
192.867449
192.900638
192.910465
192.951142
192.953546
192.953784
192.993992
192.999764
193.005632
193.005859
193.011387
193.031728
193.079029
193.081483
193.082268
193.091546
193.093862
193.131086
193.143251
193.15153
193.169539
193.18939
193.191186
193.199126
193.20123
193.209655
193.22231
193.226937
193.230481
193.246874
193.252558
193.256083
193.270891
193.272134
193.277024
193.285535
193.29237
193.297569
193.306941
193.314257
193.345252
193.346687
193.347135
193.386783
193.392111
193.399475
193.437522
193.470529
193.481056
193.50612
193.527593
193.535727
193.540316
193.544251
193.556818
193.566934
193.583465
193.585252
193.588354
193.592618
193.599424
193.611118
193.611341
193.612379
193.624648
193.628916
193.634197
193.645676
193.649072
193.707209
193.711931
193.735203
193.738515
193.753367
193.756355
193.758864
193.763174
193.767969
193.802317
193.802952
193.810593
193.81587
193.818567
193.825465
193.868482
193.872327
193.873477
193.8812
193.900715
193.925244
193.927698
193.943343
193.945114
193.946573
193.956272
193.969447
193.971675
193.972581
193.981707
193.987051
193.995513
193.998348
193.998788
194.001711
194.004399
194.013798
194.016882
194.020277
194.023767
194.025076
194.033951
194.04191
194.042965
194.059261
194.061755
194.071449
194.091769
194.09434
194.105288
194.121597
194.122284
194.133691
194.134152
194.136519
194.138379
194.144493
194.161846
194.193442
194.194734
194.234897
194.239418
194.265025
194.280839
194.291466
194.291883
194.30888
194.311914
194.316142
194.318285
194.319304
194.350519
194.374795
194.377435
194.378263
194.380668
194.385742
194.392601
194.413197
194.423489
194.444597
194.455183
194.462523
194.463288
194.463666
194.474347
194.512525
194.536818
194.540314
194.545233
194.558473
194.57525
194.575834
194.577588
194.586051
194.590346
194.604619
194.608658
194.633743
194.647782
194.655748
194.659369
194.677142
194.6777
194.683048
194.69074
194.698105
194.699701
194.721377
194.737171
194.738959
194.744316
194.747798
194.756285
194.758391
194.772784
194.773256
194.797703
194.80016
194.802203
194.807456
194.82022
194.820942
194.824819
194.825725
194.828749
194.832946
194.843672
194.858339
194.878635
194.879175
194.946132
194.95177
194.953406
194.954615
194.956695
194.958603
194.971877
194.974537
194.988676
194.98982
194.99162
195.011418
195.016143
195.024103
195.031109
195.031745
195.035815
195.053807
195.063152
195.086193
195.104924
195.106086
195.108542
195.116052
195.132476
195.152008
195.175925
195.206615
195.207145
195.232193
195.250766
195.250856
195.251853
195.252411
195.252554
195.254156
195.254427
195.2632
195.263761
195.275463
195.288035
195.308909
195.33181
195.339226
195.361347
195.37834
195.380029
195.381063
195.381862
195.383592
195.388152
195.425151
195.43033
195.433728
195.435212
195.44499
195.447899
195.457439
195.471417
195.474037
195.478573
195.478789
195.479535
195.486262
195.491743
195.495746
195.502718
195.506141
195.518146
195.528797
195.536176
195.555227
195.607882
195.621095
195.634053
195.637004
195.641168
195.644956
195.647397
195.648766
195.666608
195.667224
195.682411
195.693676
195.696872
195.704676
195.707768
195.70893
195.711421
195.719157
195.723386
195.736122
195.737383
195.743236
195.745965
195.754969
195.757468
195.772722
195.774575
195.77744
195.777799
195.782449
195.783067
195.796051
195.812555
195.815762
195.817951
195.82039
195.832924
195.842834
195.844843
195.853377
195.872181
195.875618
195.876605
195.88052
195.903424
195.919279
195.924172
195.925127
195.944772
195.948243
195.96135
195.962803
195.965417
195.970086
195.978049
196.002735
196.005818
196.007623
196.023352
196.037165
196.04402
196.050699
196.059923
196.070745
196.082039
196.090323
196.090326
196.096251
196.09676
196.104564
196.108238
196.114426
196.116132
196.118645
196.121293
196.124434
196.129186
196.13353
196.134822
196.136095
196.147222
196.163755
196.171109
196.174732
196.191916
196.207849
196.232334
196.235797
196.235959
196.236977
196.269017
196.269248
196.271356
196.278566
196.27921
196.283447
196.287786
196.30349
196.307864
196.315317
196.318561
196.327925
196.331428
196.332254
196.337789
196.347689
196.34992
196.365565
196.366614
196.377831
196.38032
196.391996
196.394329
196.399018
196.40699
196.429083
196.433155
196.43945
196.442943
196.446409
196.448691
196.457575
196.461856
196.467667
196.467791
196.468004
196.477356
196.505264
196.507526
196.514536
196.519136
196.526611
196.526874
196.529647
196.539757
196.539824
196.555096
196.565742
196.566431
196.571566
196.606976
196.608567
196.610074
196.611355
196.623976
196.624411
196.624803
196.633061
196.649729
196.651081
196.651372
196.65445
196.657011
196.665235
196.679125
196.690128
196.700258
196.700893
196.705923
196.715655
196.718347
196.725785
196.726824
196.731135
196.738957
196.754927
196.759723
196.771459
196.784227
196.785269
196.789727
196.805395
196.8388
196.841464
196.845248
196.846098
196.846497
196.872446
196.87637
196.88066
196.880902
196.886239
196.888616
196.891201
196.893171
196.90258
196.905277
196.90989
196.911705
196.919978
196.928458
196.932897
196.93573
196.940301
196.942627
196.957417
196.962988
196.973705
196.97819
196.978612
196.999129
197.001385
197.004822
197.00649
197.007446
197.013498
197.02002
197.02481
197.027652
197.054219
197.055391
197.06545
197.073492
197.074191
197.075214
197.076276
197.076281
197.089413
197.112616
197.113532
197.116941
197.119183
197.1407
197.140766
197.146744
197.149111
197.153968
197.170715
197.177499
197.181856
197.193143
197.199425
197.206114
197.206899
197.208249
197.216715
197.221468
197.222098
197.236596
197.243802
197.248527
197.248537
197.25515
197.256362
197.264163
197.267575
197.271943
197.272077
197.272691
197.290297
197.293549
197.336699
197.343631
197.346309
197.347507
197.348433
197.350579
197.350975
197.352536
197.378723
197.394653
197.397177
197.418889
197.435681
197.448043
197.462206
197.462816
197.470083
197.470108
197.472809
197.509048
197.512917
197.519033
197.536618
197.554238
197.564698
197.568123
197.580279
197.622288
197.639548
197.644239
197.649597
197.673522
197.679442
197.684232
197.691458
197.695317
197.698967
197.746123
197.751841
197.752684
197.755111
197.761539
197.764531
197.76639
197.77601
197.777548
197.781902
197.788081
197.794146
197.800294
197.801029
197.834043
197.840698
197.841381
197.86547
197.867134
197.883948
197.890199
197.891993
197.893643
197.906078
197.911405
197.91186
197.914198
197.924973
197.928861
197.937507
197.942283
197.951027
197.961167
197.964966
197.97323
197.97604
197.983042
198.003944
198.005478
198.019311
198.021038
198.025115
198.041085
198.041299
198.044611
198.055892
198.060139
198.064128
198.06733
198.074925
198.082381
198.085435
198.09381
198.093898
198.096867
198.100791
198.102659
198.10727
198.109029
198.110747
198.115757
198.12203
198.125425
198.135559
198.138465
198.141306
198.143654
198.153882
198.161017
198.163222
198.168838
198.170792
198.181444
198.183947
198.186068
198.18933
198.192654
198.200114
198.202605
198.210761
198.21471
198.226201
198.232261
198.242304
198.246494
198.262263
198.277023
198.279869
198.281361
198.287578
198.289828
198.299651
198.303483
198.310234
198.313976
198.343559
198.345
198.346925
198.351426
198.35202
198.352619
198.359781
198.366509
198.381244
198.383803
198.387634
198.396623
198.401185
198.40573
198.428867
198.437754
198.441543
198.441799
198.442075
198.452323
198.456536
198.460352
198.473896
198.474391
198.47666
198.480522
198.491966
198.493225
198.493996
198.501203
198.511009
198.512152
198.51554
198.516414
198.517064
198.517821
198.520364
198.52127
198.525627
198.533851
198.534656
198.538603
198.540716
198.54599
198.54994
198.553813
198.554962
198.556404
198.56806
198.569544
198.570975
198.571475
198.581366
198.585264
198.585558
198.604729
198.616542
198.622112
198.64255
198.652915
198.660793
198.668404
198.679994
198.684846
198.688553
198.691076
198.693986
198.696214
198.699536
198.704767
198.708575
198.711275
198.715167
198.717544
198.725067
198.725299
198.728313
198.728998
198.732218
198.742461
198.742845
198.743223
198.744729
198.750262
198.758076
198.766846
198.786177
198.7876
198.791411
198.79332
198.793865
198.79478
198.797831
198.798021
198.799915
198.805815
198.806566
198.819647
198.824245
198.827011
198.844752
198.844838
198.846337
198.848575
198.850544
198.851418
198.851428
198.855067
198.856488
198.860389
198.862606
198.869284
198.876465
198.885637
198.896149
198.913623
198.913964
198.915065
198.917412
198.918407
198.921009
198.938297
198.938791
198.942555
198.944789
198.948715
198.950723
198.953308
198.959356
198.965472
198.966145
198.969691
198.970592
198.972476
198.973523
198.976009
198.980314
198.980773
198.98962
198.994019
198.99466
198.997237
198.998729
198.999281
199.000004
199.002516
199.005898
199.006857
199.014547
199.023815
199.023925
199.030095
199.042991
199.046173
199.046456
199.068296
199.069328
199.078048
199.079028
199.087823
199.096934
199.09903
199.111678
199.112374
199.115753
199.117548
199.12264
199.134037
199.14923
199.157647
199.159018
199.159454
199.161192
199.164864
199.177677
199.181342
199.185231
199.189585
199.199182
199.204021
199.204217
199.20478
199.210533
199.212643
199.225431
199.244243
199.24578
199.253977
199.254404
199.270736
199.281577
199.286281
199.290756
199.291593
199.298665
199.307709
199.310583
199.310854
199.313612
199.325307
199.326315
199.327643
199.334394
199.339452
199.343028
199.361126
199.362166
199.363016
199.367121
199.368984
199.377462
199.37856
199.382489
199.402235
199.407349
199.420413
199.420551
199.422392
199.425555
199.432477
199.443435
199.457326
199.459979
199.474882
199.476444
199.478358
199.481756
199.484237
199.491714
199.504236
199.504463
199.506695
199.510546
199.51222
199.513582
199.514472
199.516101
199.519356
199.521345
199.522597
199.534527
199.53667
199.540406
199.54167
199.544843
199.546519
199.548052
199.552264
199.553953
199.555997
199.573678
199.574638
199.574691
199.578769
199.582435
199.585182
199.585196
199.588278
199.589166
199.592851
199.601981
199.602748
199.60361
199.604222
199.609057
199.609559
199.610501
199.620529
199.624967
199.627845
199.631063
199.631822
199.633034
199.633134
199.638078
199.639394
199.640839
199.646232
199.65044
199.656701
199.659002
199.659063
199.659962
199.660405
199.662437
199.666347
199.671027
199.679002
199.690125
199.696519
199.698103
199.700206
199.702134
199.707078
199.715989
199.745032
199.748322
199.756821
199.759252
199.760076
199.762623
199.767173
199.771377
199.773812
199.781613
199.784024
199.791553
199.801907
199.803221
199.808399
199.811208
199.814977
199.820346
199.824875
199.836442
199.840359
199.847835
199.849128
199.850851
199.859963
199.864036
199.868205
199.869512
199.875964
199.882093
199.886908
199.88794
199.890869
199.906666
199.907689
199.90792
199.908687
199.90985
199.912213
199.915505
199.918286
199.919886
199.921353
199.927585
199.934229
199.935418
199.937256
199.93942
199.948443
199.954034
199.957373
199.960263
199.962884
199.967427
199.974667
199.986826
199.98697
199.98748
199.988273
199.995233
199.998627
200.007144
200.010492
200.01051
200.012928
200.013655
200.021326
200.036264
200.058626
200.06438
200.068187
200.069479
200.074372
200.081057
200.085058
200.105749
200.115061
200.115704
200.119435
200.121554
200.124486
200.134885
200.136274
200.139913
200.141802
200.146917
200.151804
200.157234
200.15813
200.158225
200.160026
200.160426
200.172317
200.172503
200.182433
200.192514
200.195936
200.209807
200.211197
200.212934
200.216563
200.223361
200.228812
200.233473
200.238883
200.239334
200.25923
200.263491
200.267151
200.272718
200.275746
200.277143
200.284122
200.285215
200.29185
200.293514
200.298148
200.300563
200.304331
200.306845
200.320283
200.322901
200.324468
200.334463
200.335117
200.344604
200.34631
200.348064
200.348888
200.352592
200.356492
200.358538
200.358796
200.363542
200.364792
200.365087
200.369054
200.370758
200.374073
200.375081
200.385195
200.385827
200.388543
200.390442
200.3968
200.399681
200.402594
200.403202
200.405549
200.406221
200.408571
200.413204
200.413378
200.416512
200.42291
200.422983
200.426469
200.428462
200.444208
200.44903
200.456168
200.457437
200.4575
200.463408
200.468209
200.475667
200.476711
200.479717
200.482483
200.482602
200.483816
200.484143
200.491719
200.492433
200.498675
200.499385
200.500413
200.50715
200.512668
200.513225
200.524898
200.534766
200.535867
200.539907
200.54115
200.546637
200.54702
200.549302
200.549322
200.552412
200.553863
200.556699
200.564246
200.568939
200.573784
200.581522
200.582175
200.589036
200.589178
200.591188
200.599352
200.603861
200.61017
200.617025
200.627345
200.629045
200.643027
200.650751
200.662074
200.671648
200.674066
200.675901
200.682484
200.68335
200.690859
200.700212
200.703711
200.71076
200.712316
200.718714
200.718739
200.721524
200.722725
200.731428
200.731977
200.732255
200.735469
200.736093
200.737461
200.737682
200.768041
200.77471
200.775778
200.776204
200.788098
200.788624
200.792289
200.794877
200.795898
200.798594
200.802476
200.803405
200.809508
200.811064
200.812196
200.820282
200.821877
200.823622
200.824073
200.84054
200.853634
200.856088
200.868084
200.868976
200.876424
200.877108
200.883354
200.883424
200.884496
200.888655
200.891014
200.891901
200.898081
200.898135
200.911574
200.916086
200.918178
200.919274
200.920985
200.92846
200.932755
200.933358
200.936199
200.941847
200.942343
200.942396
200.945558
200.954093
200.958685
200.963536
200.969171
200.974412
200.976888
200.982897
200.988324
200.991263
200.995002
200.997651
200.997858
201.001614
201.009143
201.021598
201.022035
201.030872
201.047165
201.047872
201.05442
201.072855
201.080737
201.081686
201.08533
201.085614
201.087934
201.092487
201.09643
201.101355
201.11237
201.114509
201.117787
201.117937
201.132172
201.135761
201.136436
201.144598
201.161456
201.164661
201.165112
201.167676
201.181205
201.181711
201.184881
201.187462
201.192142
201.205493
201.210527
201.213063
201.224997
201.229289
201.230477
201.242362
201.243393
201.243653
201.259364
201.262385
201.264911
201.265586
201.266471
201.267979
201.271581
201.275057
201.282624
201.283275
201.288921
201.294117
201.303098
201.3037
201.306623
201.309721
201.311698
201.31924
201.328913
201.331215
201.331442
201.340643
201.340967
201.345336
201.349614
201.35221
201.356491
201.357546
201.358077
201.360888
201.363211
201.363868
201.363925
201.367342
201.371127
201.373005
201.373347
201.377473
201.383931
201.384891
201.385606
201.387366
201.38758
201.39243
201.393395
201.396518
201.40174
201.401879
201.404276
201.405676
201.406193
201.412506
201.416931
201.428513
201.434939
201.443144
201.447486
201.448723
201.451414
201.452788
201.454198
201.459176
201.460571
201.462145
201.466775
201.473226
201.476922
201.488053
201.495968
201.501274
201.501749
201.502309
201.506917
201.507215
201.510715
201.512603
201.520399
201.525666
201.529747
201.538205
201.539638
201.546894
201.561387
201.564189
201.576521
201.578113
201.580862
201.58492
201.586395
201.588287
201.593553
201.59599
201.597056
201.598062
201.599975
201.600188
201.606334
201.61109
201.611638
201.617874
201.624471
201.635345
201.641866
201.652202
201.659731
201.668878
201.673303
201.677801
201.679612
201.681887
201.682148
201.684377
201.686846
201.688638
201.689172
201.690945
201.693264
201.693925
201.694037
201.700384
201.702291
201.703186
201.7063
201.718432
201.719692
201.720743
201.725703
201.728524
201.747841
201.747891
201.753427
201.75548
201.757121
201.758193
201.75948
201.762214
201.766294
201.769
201.772222
201.775195
201.777945
201.782782
201.784553
201.784713
201.78531
201.786422
201.79486
201.795445
201.797126
201.799217
201.811362
201.819831
201.823008
201.825508
201.82781
201.82848
201.83134
201.831405
201.841753
201.84656
201.856564
201.858158
201.858783
201.862394
201.863254
201.865081
201.870654
201.879137
201.879433
201.880015
201.88317
201.88613
201.895572
201.89742
201.901804
201.906977
201.909035
201.912943
201.913678
201.914133
201.914621
201.917075
201.919784
201.920298
201.9219
201.927196
201.93164
201.934604
201.935133
201.941684
201.942529
201.943955
201.944911
201.945412
201.948578
201.950501
201.953835
201.962093
201.96255
201.968471
201.972685
201.979344
201.979648
201.980637
201.989256
201.990536
201.994479
201.994927
202.009239
202.01234
202.021446
202.022128
202.023399
202.023727
202.025166
202.030203
202.032653
202.035384
202.036469
202.041002
202.042846
202.045468
202.051629
202.053675
202.063275
202.0648
202.065256
202.069816
202.070293
202.07093
202.075915
202.077749
202.088973
202.089012
202.106977
202.10698
202.108853
202.109508
202.110024
202.110477
202.110897
202.11112
202.125417
202.125638
202.127688
202.1296
202.130756
202.141914
202.149052
202.152109
202.15223
202.156795
202.161886
202.164085
202.166233
202.166561
202.168871
202.184442
202.185447
202.196605
202.200048
202.210448
202.211135
202.212148
202.213615
202.216105
202.219781
202.221462
202.223995
202.22671
202.233102
202.235097
202.235238
202.236999
202.237778
202.244578
202.245138
202.246355
202.249819
202.249898
202.261125
202.269198
202.271765
202.272423
202.272847
202.27452
202.275623
202.283461
202.285082
202.287735
202.288815
202.298458
202.301106
202.303747
202.305745
202.307346
202.315464
202.322789
202.325989
202.330207
202.331588
202.332297
202.332793
202.334467
202.337537
202.337971
202.338995
202.34434
202.346521
202.348995
202.350488
202.353731
202.358367
202.364301
202.369182
202.369953
202.374156
202.379537
202.382822
202.382927
202.382993
202.387371
202.39328
202.393513
202.394093
202.396681
202.397932
202.400768
202.416208
202.417443
202.418725
202.42408
202.426369
202.430389
202.439394
202.439861
202.44864
202.449528
202.453232
202.453307
202.46016
202.462167
202.462416
202.463032
202.467292
202.46751
202.469963
202.471166
202.474921
202.486561
202.490648
202.491289
202.505262
202.509105
202.512021
202.513123
202.517465
202.51884
202.520543
202.52278
202.527097
202.527463
202.529616
202.530869
202.533668
202.538765
202.538831
202.545218
202.545569
202.545749
202.554186
202.557081
202.558595
202.565978
202.566075
202.571247
202.573186
202.575235
202.579357
202.580523
202.58284
202.58523
202.588501
202.590854
202.592065
202.599778
202.600019
202.603887
202.607241
202.618153
202.628157
202.631314
202.632138
202.638928
202.648917
202.649981
202.650052
202.650839
202.652581
202.655734
202.65791
202.668289
202.668512
202.675089
202.676485
202.676727
202.676773
202.678094
202.680432
202.687846
202.698652
202.699298
202.703741
202.704746
202.712869
202.713037
202.715866
202.717029
202.720777
202.725423
202.728786
202.729771
202.734314
202.734719
202.736237
202.740693
202.741219
202.74323
202.746926
202.751328
202.751339
202.754433
202.758592
202.763837
202.774886
202.779828
202.783246
202.784824
202.787093
202.787424
202.789127
202.791063
202.794518
202.797385
202.803742
202.803963
202.810992
202.818837
202.828174
202.82913
202.829538
202.830451
202.851927
202.860371
202.865815
202.869917
202.872078
202.874917
202.878668
202.880215
202.887525
202.888534
202.903436
202.907116
202.90735
202.909207
202.92741
202.929948
202.93156
202.933046
202.937261
202.942451
202.942504
202.949232
202.955045
202.960536
202.961414
202.967325
202.968224
202.972991
202.975548
202.987821
202.998012
203.000305
203.004883
203.011161
203.011575
203.01432
203.022114
203.032722
203.036876
203.041772
203.044607
203.048966
203.051006
203.053948
203.057871
203.062931
203.063175
203.067336
203.071066
203.077384
203.07896
203.079974
203.080491
203.081855
203.092576
203.094074
203.094126
203.100315
203.104991
203.11162
203.113519
203.116914
203.118026
203.123547
203.133311
203.133885
203.133995
203.138262
203.139757
203.1456
203.145889
203.145935
203.147879
203.148259
203.148343
203.148451
203.151836
203.153289
203.158903
203.172949
203.178958
203.180693
203.182858
203.184393
203.189597
203.191785
203.19333
203.193841
203.196212
203.19955
203.203811
203.204262
203.206318
203.213238
203.216378
203.218197
203.225217
203.230555
203.241559
203.242501
203.256627
203.261871
203.267114
203.269823
203.276304
203.283672
203.285304
203.286515
203.290664
203.297446
203.305252
203.309384
203.318052
203.320178
203.320405
203.322553
203.326258
203.327083
203.327289
203.329568
203.329854
203.333975
203.334048
203.336335
203.338663
203.343343
203.343449
203.344813
203.349878
203.353781
203.356833
203.381367
203.384394
203.385941
203.387367
203.390732
203.390892
203.391614
203.408151
203.411526
203.41472
203.426034
203.427166
203.433664
203.434966
203.439353
203.442902
203.44629
203.447303
203.447791
203.449747
203.455755
203.457071
203.459248
203.46981
203.473378
203.479231
203.481197
203.484849
203.499854
203.501278
203.501705
203.502839
203.507346
203.508325
203.508662
203.510785
203.511776
203.512348
203.513873
203.515034
203.515711
203.519417
203.52179
203.528941
203.530507
203.543756
203.551205
203.553207
203.557881
203.560231
203.566672
203.566687
203.570008
203.571739
203.573339
203.574002
203.57539
203.576938
203.585457
203.586999
203.587134
203.593796
203.597742
203.617316
203.618277
203.61906
203.61907
203.619486
203.622893
203.630811
203.634247
203.634397
203.6378
203.644504
203.645268
203.654061
203.654595
203.660334
203.661288
203.666286
203.666293
203.677282
203.677578
203.681751
203.682711
203.689244
203.689639
203.695676
203.702169
203.704394
203.704485
203.707111
203.709462
203.709489
203.713827
203.719709
203.721098
203.721931
203.726492
203.727979
203.729835
203.731274
203.73202
203.732602
203.734274
203.736287
203.744463
203.747324
203.752486
203.761751
203.764801
203.76553
203.766101
203.771609
203.773603
203.779165
203.779643
203.785388
203.786381
203.787492
203.787595
203.792929
203.793959
203.800663
203.801567
203.802065
203.806234
203.81488
203.823211
203.823223
203.825164
203.840018
203.842191
203.842453
203.84724
203.848745
203.849596
203.863645
203.868369
203.868618
203.870849
203.872345
203.872524
203.873316
203.874648
203.875946
203.879655
203.88056
203.88445
203.885469
203.89187
203.892804
203.903583
203.90443
203.906368
203.906582
203.908796
203.909755
203.912385
203.91403
203.918367
203.919045
203.929249
203.937007
203.937782
203.940295
203.940553
203.941598
203.947974
203.954777
203.957731
203.959392
203.96311
203.968048
203.968552
203.973886
203.9766
203.980176
203.986939
203.987721
203.988408
203.988957
203.989175
203.993306
203.99452
203.998323
203.999429
203.999994
204.005179
204.005407
204.010059
204.016865
204.017119
204.017884
204.031392
204.032404
204.032754
204.036731
204.050796
204.055729
204.05629
204.061549
204.062731
204.062758
204.063573
204.064862
204.066374
204.072774
204.073468
204.074344
204.083462
204.084342
204.091724
204.095862
204.101002
204.103735
204.105085
204.108809
204.120898
204.126991
204.12975
204.130479
204.136785
204.140317
204.140374
204.143647
204.156404
204.157038
204.163762
204.165232
204.167741
204.174302
204.177273
204.186077
204.188154
204.192054
204.195579
204.197748
204.205191
204.20606
204.2076
204.212092
204.214229
204.215857
204.222953
204.228201
204.228798
204.231112
204.231789
204.236721
204.237948
204.25096
204.25174
204.252038
204.252414
204.253063
204.258044
204.263244
204.266357
204.267375
204.270004
204.27097
204.274001
204.279405
204.280032
204.281027
204.283203
204.284815
204.284986
204.288899
204.291952
204.29198
204.293566
204.295277
204.306148
204.307757
204.309475
204.309476
204.309747
204.316717
204.318488
204.32033
204.320887
204.323242
204.324107
204.326309
204.326779
204.330699
204.332839
204.333027
204.333088
204.338875
204.350958
204.357655
204.358015
204.364487
204.368364
204.370162
204.373651
204.387134
204.392826
204.393227
204.394375
204.396472
204.412533
204.416572
204.417013
204.417547
204.423948
204.427359
204.431866
204.435174
204.435834
204.468289
204.477154
204.479797
204.485662
204.486574
204.489514
204.498802
204.506626
204.52621
204.526408
204.531279
204.531701
204.533453
204.538093
204.545887
204.557041
204.557555
204.558898
204.559394
204.567916
204.568848
204.570875
204.576501
204.577962
204.583528
204.593164
204.593957
204.595179
204.595714
204.602374
204.603637
204.607644
204.615622
204.615673
204.617093
204.623073
204.624143
204.626558
204.627641
204.645183
204.648416
204.656064
204.657756
204.661774
204.667048
204.66736
204.667726
204.670486
204.677253
204.684079
204.689243
204.69026
204.690767
204.691314
204.701699
204.711725
204.714093
204.716599
204.725558
204.732265
204.733201
204.735226
204.736247
204.745272
204.748999
204.754993
204.762955
204.763113
204.776849
204.781745
204.793636
204.794623
204.79946
204.806908
204.808987
204.810031
204.814103
204.815334
204.82268
204.835629
204.839653
204.839728
204.84144
204.845979
204.849184
204.860794
204.86102
204.861093
204.862257
204.86327
204.866646
204.867394
204.869114
204.872094
204.876135
204.880074
204.880601
204.881613
204.890428
204.891496
204.896819
204.896884
204.899014
204.904586
204.904617
204.909503
204.918957
204.919311
204.926127
204.927205
204.928374
204.93201
204.932029
204.936025
204.943137
204.951933
204.956116
204.957548
204.966641
204.967329
204.969077
204.971205
204.976334
204.980513
204.990684
204.994492
204.995211
204.995494
204.996682
205.00843
205.010882
205.019024
205.030056
205.036504
205.03974
205.040884
205.046164
205.051412
205.051614
205.066853
205.076334
205.081651
205.083731
205.101325
205.110072
205.110177
205.110845
205.113062
205.114578
205.11591
205.146612
205.147049
205.14822
205.153814
205.157478
205.157761
205.159685
205.160259
205.160643
205.160646
205.169024
205.1695
205.171961
205.177371
205.177733
205.180081
205.180664
205.183787
205.186142
205.190857
205.197612
205.19994
205.200134
205.2078
205.212524
205.215693
205.218142
205.221083
205.229762
205.231083
205.234223
205.237656
205.238086
205.239503
205.239996
205.24154
205.243073
205.244281
205.247388
205.253669
205.255576
205.257148
205.259922
205.260754
205.261088
205.266442
205.27107
205.27491
205.27796
205.279367
205.289127
205.295236
205.299915
205.30182
205.302057
205.30735
205.308986
205.311086
205.319008
205.324045
205.327221
205.328332
205.355554
205.35746
205.359268
205.360748
205.360925
205.366036
205.36698
205.367551
205.368613
205.372624
205.376805
205.381696
205.38281
205.384188
205.384415
205.385672
205.390526
205.393356
205.394175
205.39633
205.409585
205.41511
205.430176
205.431851
205.43807
205.438287
205.443261
205.444908
205.448425
205.452818
205.465791
205.47125
205.475296
205.479892
205.480734
205.483385
205.486261
205.488641
205.489684
205.491798
205.493638
205.494229
205.501273
205.514414
205.522365
205.522602
205.523659
205.525591
205.53089
205.539765
205.540691
205.542098
205.542358
205.545245
205.551009
205.56554
205.566556
205.567951
205.568359
205.57805
205.584487
205.589834
205.598211
205.600164
205.603168
205.608834
205.610849
205.611701
205.613814
205.621658
205.622865
205.625074
205.638528
205.640332
205.64058
205.640715
205.649615
205.650503
205.651707
205.653696
205.655648
205.656258
205.657923
205.660779
205.660808
205.661451
205.671223
205.687677
205.693778
205.695624
205.699642
205.701786
205.703628
205.704302
205.705299
205.726766
205.741109
205.750096
205.75077
205.761187
205.763355
205.771198
205.772295
205.773565
205.774529
205.775005
205.78107
205.782939
205.794197
205.803674
205.82375
205.824705
205.825475
205.834352
205.8355
205.843066
205.85474
205.862959
205.873064
205.873817
205.880619
205.88362
205.887564
205.897754
205.89979
205.911442
205.911462
205.918545
205.918762
205.918865
205.919867
205.921183
205.92139
205.921409
205.931068
205.931793
205.93771
205.944565
205.945046
205.945289
205.946157
205.956878
205.958189
205.964691
205.972753
205.972876
205.973041
205.9759
205.976047
205.977839
205.97972
205.984395
205.987066
205.998214
205.999484
206.002525
206.002939
206.007287
206.013315
206.034036
206.036915
206.047437
206.051985
206.054236
206.054772
206.054935
206.055305
206.062077
206.063007
206.067184
206.067252
206.069161
206.072623
206.081168
206.083114
206.086095
206.087026
206.10324
206.104592
206.106197
206.111946
206.117476
206.119253
206.120377
206.122435
206.125397
206.132305
206.144821
206.148613
206.151724
206.156253
206.15726
206.157706
206.15999
206.163218
206.163295
206.166069
206.17149
206.17227
206.173003
206.173136
206.176037
206.185558
206.194776
206.198636
206.199291
206.200908
206.203192
206.205401
206.214165
206.215593
206.222326
206.22972
206.234296
206.248303
206.255784
206.259584
206.261728
206.264808
206.270882
206.272925
206.273902
206.274755
206.275112
206.284582
206.2904
206.297398
206.300295
206.301371
206.304634
206.305264
206.311799
206.313448
206.315472
206.318027
206.32118
206.32327
206.327756
206.327917
206.330834
206.339439
206.341444
206.351549
206.353885
206.360815
206.364123
206.36568
206.369343
206.371152
206.371631
206.380293
206.384044
206.387303
206.393117
206.393875
206.400385
206.406322
206.409582
206.426347
206.428768
206.430509
206.431471
206.43566
206.438341
206.441082
206.456574
206.458349
206.466336
206.468422
206.480791
206.483688
206.483954
206.484142
206.486312
206.487022
206.490022
206.493845
206.496889
206.500757
206.501689
206.509877
206.519818
206.520546
206.523219
206.527619
206.533391
206.537765
206.551313
206.552083
206.552867
206.556996
206.571374
206.571763
206.59201
206.592375
206.593023
206.593185
206.605068
206.61047
206.614253
206.619377
206.626414
206.626971
206.628571
206.639024
206.645836
206.646378
206.648888
206.649469
206.650318
206.666514
206.668824
206.678267
206.684455
206.685403
206.696113
206.697106
206.703919
206.704366
206.714743
206.719416
206.720949
206.721352
206.7284
206.73126
206.733779
206.734942
206.748277
206.754003
206.758483
206.760876
206.762453
206.771652
206.773356
206.777324
206.777549
206.779599
206.79046
206.814658
206.816919
206.838766
206.840209
206.842028
206.84708
206.848164
206.852518
206.855156
206.858988
206.863025
206.873937
206.878484
206.879759
206.880622
206.881218
206.88408
206.884346
206.887229
206.892195
206.909312
206.912822
206.917963
206.921432
206.92217
206.923298
206.930473
206.943099
206.945524
206.953497
206.954379
206.95451
206.955446
206.961991
206.962848
206.967631
206.970176
206.971705
206.976619
206.980492
206.99162
207.001156
207.005341
207.005377
207.006493
207.006687
207.007222
207.007892
207.009777
207.013026
207.015259
207.019967
207.025412
207.025976
207.03048
207.034415
207.035611
207.035714
207.04291
207.054218
207.068107
207.079443
207.087528
207.09514
207.115647
207.115886
207.129694
207.133522
207.134269
207.139101
207.175806
207.176557
207.180715
207.195518
207.200058
207.202318
207.205393
207.206366
207.208797
207.210422
207.221151
207.230986
207.231224
207.23316
207.24829
207.248872
207.252537
207.25908
207.262432
207.267886
207.274267
207.281807
207.289704
207.290108
207.290506
207.2941
207.296925
207.299388
207.300039
207.308222
207.309016
207.312451
207.314423
207.320046
207.32614
207.338742
207.339206
207.33999
207.34075
207.354721
207.362151
207.372062
207.375516
207.381456
207.384984
207.386788
207.396693
207.398481
207.403763
207.405
207.409911
207.415459
207.421412
207.421429
207.427869
207.428113
207.428894
207.428966
207.430056
207.441845
207.447344
207.450046
207.452999
207.453648
207.456746
207.45753
207.458888
207.475207
207.495286
207.501715
207.516533
207.516592
207.521588
207.522795
207.523896
207.524452
207.530343
207.53228
207.533762
207.536355
207.544237
207.550187
207.553072
207.555424
207.558804
207.565331
207.566902
207.5678
207.577666
207.580441
207.585422
207.585444
207.587786
207.588943
207.58978
207.589941
207.591868
207.59318
207.599874
207.601807
207.602679
207.614638
207.615307
207.616568
207.618689
207.623976
207.639245
207.641855
207.64256
207.644205
207.646422
207.650585
207.65596
207.662724
207.666081
207.666242
207.668159
207.674304
207.676428
207.680338
207.683268
207.684786
207.685641
207.685882
207.692297
207.694342
207.694957
207.697474
207.698793
207.701442
207.716207
207.717531
207.723863
207.728085
207.731084
207.734411
207.737671
207.75693
207.758657
207.767114
207.769709
207.775671
207.777776
207.777985
207.782543
207.786848
207.788776
207.792024
207.798633
207.803093
207.807555
207.815686
207.826917
207.839019
207.840476
207.842205
207.849468
207.856389
207.85741
207.859909
207.860411
207.867325
207.86913
207.879975
207.893964
207.898307
207.901404
207.913427
207.915135
207.915926
207.920998
207.927023
207.941366
207.94644
207.96376
207.964968
207.972814
207.97868
207.980678
207.986084
207.986851
207.988648
207.994386
208.000994
208.005929
208.008916
208.013776
208.016317
208.01954
208.021432
208.022981
208.027225
208.034854
208.051388
208.057312
208.066208
208.073272
208.081157
208.083251
208.083812
208.084272
208.097827
208.102579
208.104924
208.111895
208.122297
208.12552
208.129598
208.130385
208.136384
208.142228
208.150145
208.162563
208.170315
208.172483
208.174289
208.176633
208.180239
208.181971
208.184607
208.187416
208.190918
208.190992
208.200946
208.21143
208.21194
208.230156
208.234722
208.237582
208.237717
208.238025
208.247222
208.249519
208.262009
208.266006
208.27474
208.278903
208.285133
208.292856
208.292956
208.294847
208.297379
208.298018
208.300282
208.300353
208.30915
208.312969
208.31583
208.316444
208.319706
208.328817
208.333614
208.344462
208.349233
208.357534
208.359411
208.36125
208.363807
208.363872
208.382556
208.392748
208.397659
208.405145
208.409407
208.41897
208.42041
208.421696
208.424638
208.425396
208.430214
208.435592
208.436386
208.445018
208.450951
208.454819
208.458133
208.461706
208.467533
208.468316
208.471782
208.473733
208.474521
208.4772
208.479306
208.482103
208.483269
208.504316
208.5186
208.519026
208.530671
208.536911
208.537587
208.548828
208.549729
208.553303
208.556387
208.559192
208.560966
208.576522
208.585742
208.590429
208.597249
208.599136
208.606588
208.607466
208.610362
208.610373
208.613467
208.623033
208.637572
208.645441
208.646541
208.655066
208.655298
208.65757
208.659792
208.662295
208.664559
208.671905
208.676682
208.679535
208.68436
208.702498
208.708078
208.71388
208.723555
208.727388
208.729878
208.739106
208.749282
208.75932
208.762651
208.767075
208.767252
208.773666
208.779944
208.779996
208.781871
208.781974
208.794687
208.798671
208.809498
208.809867
208.816377
208.827867
208.83366
208.837747
208.840763
208.845952
208.851465
208.854146
208.855446
208.863986
208.864706
208.869674
208.872049
208.872384
208.872558
208.887191
208.892741
208.902826
208.903048
208.905301
208.910104
208.916327
208.917539
208.920594
208.927736
208.934428
208.939139
208.941377
208.947754
208.948511
208.961748
208.965454
208.974975
208.981507
208.985182
208.992256
208.993095
208.993724
208.996827
208.999228
209.001512
209.014727
209.015126
209.019225
209.036665
209.038766
209.043678
209.045676
209.048678
209.058092
209.060125
209.067272
209.079555
209.096412
209.101306
209.105271
209.108509
209.109855
209.116292
209.125793
209.131169
209.143267
209.148013
209.148986
209.155264
209.170843
209.172287
209.182241
209.185769
209.188776
209.205938
209.207124
209.207714
209.218446
209.22965
209.233192
209.236816
209.242189
209.242761
209.246336
209.259984
209.26065
209.26828
209.27017
209.272749
209.273841
209.281869
209.292488
209.29682
209.308326
209.312319
209.313702
209.314205
209.321798
209.326246
209.326619
209.334947
209.364791
209.370361
209.39553
209.397529
209.417313
209.422105
209.428086
209.428452
209.430015
209.430079
209.43123
209.443048
209.478409
209.480307
209.48107
209.482683
209.491643
209.49362
209.496697
209.525473
209.535814
209.540288
209.543925
209.547006
209.553232
209.555696
209.56215
209.599112
209.599442
209.599713
209.599917
209.603551
209.62656
209.629706
209.631502
209.633128
209.640933
209.660233
209.678405
209.688323
209.691809
209.692322
209.693885
209.695614
209.704606
209.706226
209.731827
209.749764
209.752037
209.771753
209.792581
209.796003
209.796097
209.804503
209.807291
209.812227
209.813509
209.818953
209.83774
209.860113
209.862788
209.866621
209.870233
209.875685
209.878292
209.879523
209.880014
209.883316
209.889609
209.891254
209.894614
209.899415
209.901228
209.912874
209.917075
209.918189
209.919518
209.91998
209.922215
209.939493
209.943894
209.947261
209.970785
209.970907
209.976609
209.978147
209.978888
210.002458
210.003437
210.012529
210.017277
210.021516
210.024305
210.025349
210.029703
210.030344
210.033873
210.052317
210.053871
210.06195
210.084339
210.096083
210.102512
210.105213
210.118045
210.120087
210.123462
210.130745
210.131701
210.133673
210.142882
210.156447
210.165309
210.16781
210.187225
210.194852
210.211325
210.212299
210.214753
210.233916
210.240322
210.258188
210.262728
210.267457
210.267645
210.293391
210.294934
210.304393
210.305376
210.321372
210.347398
210.354197
210.372555
210.373268
210.377532
210.390432
210.395534
210.399592
210.401319
210.401966
210.411803
210.414453
210.414752
210.422578
210.423405
210.431428
210.433364
210.449048
210.451097
210.455664
210.462897
210.467116
210.472691
210.482266
210.482561
210.484114
210.485457
210.48962
210.492624
210.496007
210.519072
210.520516
210.523971
210.524448
210.52672
210.529748
210.534563
210.591445
210.592637
210.600282
210.607792
210.619083
210.630956
210.648615
210.656834
210.657158
210.670973
210.679744
210.682991
210.688202
210.695705
210.711037
210.712824
210.729184
210.730238
210.736074
210.75115
210.755948
210.800792
210.80859
210.811344
210.837716
210.846268
210.882394
210.894554
210.910239
210.914659
210.92894
210.932562
210.943971
210.945253
210.945675
210.947967
210.954677
210.962903
210.986207
210.986271
211.001531
211.009641
211.009974
211.026144
211.049687
211.057576
211.058931
211.061312
211.08482
211.090964
211.094601
211.097566
211.107793
211.113386
211.12324
211.14058
211.14134
211.16091
211.173979
211.176292
211.206596
211.216376
211.222514
211.223454
211.268186
211.27186
211.290633
211.299561
211.338944
211.340683
211.368967
211.39173
211.40004
211.404956
211.415749
211.430145
211.437438
211.467613
211.479999
211.488259
211.489321
211.51341
211.521827
211.528127
211.5305
211.555174
211.557651
211.558688
211.572009
211.576162
211.585464
211.585875
211.587747
211.596773
211.603248
211.60748
211.608538
211.612291
211.621605
211.633853
211.666159
211.669562
211.684681
211.692769
211.705245
211.706554
211.724929
211.727682
211.744132
211.759049
211.769159
211.78079
211.808932
211.811712
211.818329
211.827231
211.836329
211.839752
211.861163
211.875734
211.887532
211.910664
211.912751
211.923903
211.985377
211.985621
212.012328
212.014183
212.023697
212.030378
212.039494
212.050103
212.051174
212.058867
212.060978
212.064492
212.143465
212.144966
212.189352
212.210611
212.210695
212.236235
212.265427
212.267685
212.288517
212.310572
212.310874
212.32442
212.329059
212.333196
212.345163
212.368885
212.390052
212.390605
212.39698
212.40616
212.414923
212.423157
212.423268
212.47956
212.493051
212.502967
212.522225
212.52684
212.532965
212.533584
212.537899
212.539277
212.565815
212.580675
212.584505
212.587388
212.602373
212.625765
212.627028
212.631603
212.646769
212.655433
212.656077
212.726159
212.729064
212.735024
212.737554
212.748786
212.759421
212.761608
212.763859
212.78119
212.805166
212.82323
212.825419
212.840333
212.841498
212.846186
212.854061
212.886955
212.901369
212.916408
212.919901
212.930588
212.941042
212.949124
212.951267
212.980098
212.994872
213.000295
213.005366
213.012235
213.035907
213.03601
213.039666
213.043137
213.052586
213.074049
213.085051
213.182939
213.198604
213.20936
213.215898
213.240316
213.241954
213.266339
213.274529
213.288641
213.306173
213.313093
213.330476
213.34076
213.36151
213.367284
213.423276
213.442156
213.450164
213.482689
213.497107
213.53129
213.571137
213.587881
213.601236
213.605491
213.619234
213.631084
213.687774
213.694035
213.71148
213.718235
213.72922
213.747754
213.754645
213.759697
213.778608
213.782751
213.805618
213.809366
213.86752
213.882151
213.932914
213.93627
213.972787
213.986745
213.995053
213.999869
214.0104
214.01053
214.043506
214.059553
214.061246
214.106835
214.149471
214.153105
214.181939
214.227336
214.242101
214.243033
214.258258
214.265045
214.285557
214.293596
214.34416
214.41046
214.411603
214.415651
214.428884
214.458861
214.500527
214.562469
214.567681
214.606608
214.65647
214.660729
214.688554
214.699486
214.746272
214.748308
214.775756
214.815006
214.841637
214.898635
214.917417
214.935134
214.969273
215.074822
215.125029
215.154036
215.185839
215.207492
215.229571
215.254191
215.261096
215.265937
215.338444
215.354426
215.359436
215.376559
215.399684
215.412573
215.414737
215.430051
215.434321
215.452277
215.538944
215.544233
215.5884
215.62146
215.69889
215.709577
215.755475
215.757651
215.77165
215.814775
215.908872
215.910573
215.910947
215.937462
215.940605
215.95245
216.016319
216.017584
216.029785
216.049056
216.061397
216.069588
216.07327
216.163472
216.213378
216.254823
216.278809
216.292731
216.465854
216.491721
216.525767
216.576736
216.60535
216.616629
216.647237
216.71957
216.758972
216.822446
216.865355
216.885364
216.933451
216.973394
217.112072
217.118617
217.30162
217.312235
217.359308
217.379776
217.53507
217.616309
217.678215
217.690494
217.732338
217.734987
217.777615
217.797752
217.856554
217.934173
217.947683
217.980615
218.088099
218.159128
218.179215
218.211419
218.230378
218.281999
218.311234
218.357348
218.361092
218.363554
218.369455
218.390067
218.420028
218.501978
218.510637
218.681288
218.693692
218.702346
218.797441
218.814858
218.82144
219.071576
219.141463
219.566381
219.672241
219.86791
219.899085
219.902538
219.909336
219.999698
220.084498
220.170353
220.299055
220.303201
220.308898
220.347475
220.403411
220.464205
220.543618
220.706031
220.761738
220.769067
220.775457
220.794379
220.862589
220.894863
220.945893
220.996906
221.037937
221.131818
221.771118
221.786262
221.800071
221.800173
222.009267
222.126183
222.253489
222.277369
222.308271
222.319807
222.377953
222.50672
222.686527
222.689271
222.78402
222.824648
223.331713
223.441759
223.46533
223.528087
223.569849
223.724576
223.797199
224.312746
224.362508
224.444435
224.447389
224.655859
224.938126
225.129189
226.319282
226.374801
226.767664
226.858271
227.06431
228.374515
228.638483
228.657608
229.105992
229.11132
229.242776
230.436977
231.540666
232.41729
232.749681
233.313562
233.684856
234.100292
235.908339
237.833177
237.914615
238.593189
239.79494
240.608218
240.779936
246.308981
252.17246
252.788027
253.661206
254.928811
255.070955
255.22346
255.247763
255.630774
256.545687
258.571633
262.392747
262.676369
264.768804
265.62179
265.936443
270.872481
272.042753
280.13775
281.496004
282.580192
283.748496
283.897366
291.870582
297.824221
307.86748
325.567966
336.332648
338.996414
342.218072
348.287663
357.43666
382.468646
407.252469
409.347911
418.878229
424.683784
426.729104
441.234509
476.759123
509.525882
510.077121
519.490838
661.426757
752.189613
762.890275
775.037972
777.703539
793.71172
800.48452
895.159107
993.184874
1372.241682
