67.32106
68.670318
68.912307
69.249183
69.526037
76.703686
82.58382
102.124341
143.02841
144.590492
160.823598
169.493454
170.188889
170.686376
170.750897
170.773607
171.890135
172.437001
173.490627
174.047091
174.088101
174.275164
175.215844
176.243512
177.529415
177.694034
177.998028
178.485568
178.750811
179.09735
179.150757
179.214563
179.249422
179.42171
179.528437
179.537555
179.706397
179.812336
179.863319
180.133862
180.159012
180.17445
180.366519
180.420786
180.545
180.7158
180.862945
181.105404
181.151381
181.152958
181.169108
181.199973
181.29602
181.374996
181.382355
181.434101
181.512854
181.56288
181.669942
181.720162
181.759941
181.812811
181.857198
181.890291
182.041021
182.219214
182.269226
182.312824
182.397296
182.467195
182.522111
182.565943
182.569769
182.580533
182.674761
182.763973
182.767129
182.787565
182.958148
183.034703
183.408704
183.512045
183.514515
183.604754
183.640214
183.641532
183.740896
183.849597
183.988634
183.999136
184.04064
184.041955
184.159242
184.194437
184.449054
184.450637
184.614772
184.630442
184.702135
185.02398
185.122559
185.303509
185.316189
185.429313
185.485953
185.660034
185.675253
185.817076
185.828266
185.887572
185.935311
186.215182
186.233844
186.401788
186.407927
186.489691
186.703056
186.713987
186.723441
186.749417
186.777394
186.866969
186.923537
186.968609
187.087217
187.239912
187.240076
187.250252
187.312493
187.32955
187.412729
187.562708
187.563488
187.579186
187.59597
187.713282
187.798276
187.876357
187.88868
187.89917
187.927537
188.08493
188.125625
188.131324
188.21838
188.377499
188.381939
188.468345
188.470461
188.471272
188.505124
188.567753
188.644363
188.67546
188.715803
188.78559
188.786561
188.822871
188.840177
188.846388
188.847008
188.853017
188.856564
188.870663
188.890975
188.928109
188.978251
189.04998
189.123739
189.135202
189.137582
189.201828
189.216662
189.224544
189.299309
189.301168
189.363318
189.386832
189.423355
189.479627
189.502917
189.557141
189.609788
189.611867
189.685511
189.735877
189.776327
189.830264
189.843437
189.850388
189.864583
189.891398
189.895129
189.898502
189.954074
189.962363
190.000836
190.176827
190.221444
190.225691
190.241351
190.246818
190.249196
190.280262
190.298992
190.339214
190.425189
190.463277
190.487231
190.552493
190.581028
190.584389
190.623397
190.62747
190.643001
190.699731
190.710074
190.778638
190.814568
190.83558
190.839911
190.935815
190.959263
190.965796
190.981808
190.990422
191.038276
191.074356
191.082056
191.088754
191.101793
191.106192
191.132212
191.143494
191.158948
191.163675
191.210525
191.219673
191.219984
191.221271
191.283372
191.297082
191.298247
191.305296
191.332616
191.354821
191.376675
191.40811
191.444838
191.448302
191.460042
191.474858
191.484124
191.496373
191.500446
191.57795
191.582111
191.610163
191.611187
191.620891
191.645987
191.648197
191.648507
191.673459
191.686415
191.696715
191.726612
191.732805
191.735398
191.783187
191.794837
191.800879
191.851724
191.861111
191.868577
191.88223
191.931369
191.963424
191.963669
191.973719
191.989648
192.005641
192.017678
192.041741
192.060836
192.061926
192.125655
192.142046
192.146689
192.154062
192.160649
192.162956
192.170661
192.204339
192.20869
192.223632
192.231476
192.261579
192.299919
192.307195
192.309634
192.32601
192.333595
192.383437
192.411263
192.438852
192.443628
192.449129
192.451899
192.453688
192.466887
192.495009
192.502916
192.50742
192.527858
192.536113
192.536697
192.550435
192.550618
192.562279
192.599054
192.629046
192.678417
192.68179
192.682904
192.702594
192.730508
192.731108
192.736529
192.753939
192.824614
192.854691
192.867449
192.900638
192.910465
192.953546
192.953784
192.993992
192.999764
193.005632
193.005859
193.081483
193.082268
193.093862
193.131086
193.143251
193.15153
193.18939
193.191186
193.199126
193.22231
193.226937
193.230481
193.246874
193.252558
193.256083
193.270891
193.272134
193.277024
193.285535
193.29237
193.297569
193.306941
193.314257
193.345252
193.346687
193.347135
193.386783
193.392111
193.399475
193.437522
193.470529
193.481056
193.50612
193.527593
193.535727
193.544251
193.556818
193.566934
193.585252
193.588354
193.599424
193.611118
193.611341
193.612379
193.624648
193.634197
193.645676
193.649072
193.707209
193.711931
193.735203
193.738515
193.753367
193.756355
193.758864
193.763174
193.767969
193.802952
193.81587
193.818567
193.872327
193.873477
193.8812
193.900715
193.925244
193.927698
193.943343
193.945114
193.946573
193.956272
193.969447
193.971675
193.972581
193.981707
193.987051
193.998348
194.001711
194.004399
194.013798
194.016882
194.020277
194.023767
194.025076
194.033951
194.042965
194.059261
194.061755
194.071449
194.091769
194.105288
194.121597
194.122284
194.134152
194.136519
194.138379
194.144493
194.161846
194.193442
194.194734
194.234897
194.239418
194.280839
194.291466
194.30888
194.318285
194.319304
194.350519
194.374795
194.377435
194.378263
194.385742
194.413197
194.423489
194.444597
194.455183
194.462523
194.463288
194.474347
194.536818
194.540314
194.545233
194.558473
194.575834
194.586051
194.590346
194.604619
194.608658
194.633743
194.647782
194.655748
194.659369
194.677142
194.6777
194.683048
194.69074
194.698105
194.699701
194.721377
194.737171
194.738959
194.744316
194.747798
194.756285
194.758391
194.772784
194.773256
194.797703
194.80016
194.802203
194.82022
194.820942
194.824819
194.828749
194.832946
194.843672
194.858339
194.878635
194.879175
194.946132
194.95177
194.954615
194.958603
194.971877
194.988676
194.98982
194.99162
195.011418
195.024103
195.031109
195.031745
195.035815
195.053807
195.063152
195.086193
195.104924
195.108542
195.132476
195.152008
195.175925
195.206615
195.207145
195.250766
195.250856
195.252554
195.254156
195.2632
195.263761
195.275463
195.308909
195.33181
195.339226
195.361347
195.37834
195.381862
195.383592
195.425151
195.43033
195.433728
195.435212
195.447899
195.471417
195.478573
195.478789
195.479535
195.486262
195.491743
195.495746
195.502718
195.506141
195.528797
195.555227
195.607882
195.621095
195.634053
195.637004
195.641168
195.644956
195.647397
195.648766
195.667224
195.682411
195.693676
195.696872
195.704676
195.707768
195.70893
195.711421
195.719157
195.723386
195.736122
195.743236
195.745965
195.754969
195.757468
195.772722
195.774575
195.77744
195.777799
195.782449
195.783067
195.796051
195.812555
195.815762
195.817951
195.82039
195.842834
195.853377
195.876605
195.88052
195.903424
195.919279
195.924172
195.925127
195.944772
195.948243
195.962803
195.965417
195.970086
196.005818
196.007623
196.023352
196.037165
196.04402
196.059923
196.070745
196.082039
196.090323
196.096251
196.09676
196.104564
196.114426
196.116132
196.118645
196.124434
196.13353
196.134822
196.136095
196.147222
196.163755
196.171109
196.174732
196.191916
196.207849
196.232334
196.235797
196.235959
196.236977
196.271356
196.27921
196.283447
196.287786
196.307864
196.318561
196.327925
196.331428
196.332254
196.337789
196.34992
196.365565
196.366614
196.377831
196.38032
196.394329
196.40699
196.433155
196.43945
196.446409
196.448691
196.457575
196.467667
196.467791
196.468004
196.477356
196.505264
196.507526
196.514536
196.519136
196.526611
196.526874
196.529647
196.539757
196.539824
196.565742
196.566431
196.571566
196.606976
196.608567
196.623976
196.624411
196.633061
196.649729
196.657011
196.665235
196.700893
196.715655
196.718347
196.731135
196.738957
196.759723
196.771459
196.785269
196.789727
196.805395
196.8388
196.841464
196.846098
196.872446
196.87637
196.880902
196.886239
196.888616
196.891201
196.893171
196.905277
196.919978
196.928458
196.932897
196.940301
196.957417
196.973705
196.97819
196.978612
196.999129
197.001385
197.004822
197.00649
197.007446
197.013498
197.02002
197.054219
197.055391
197.073492
197.074191
197.075214
197.076281
197.089413
197.113532
197.1407
197.140766
197.149111
197.177499
197.181856
197.193143
197.199425
197.206114
197.206899
197.208249
197.216715
197.221468
197.222098
197.236596
197.243802
197.248527
197.256362
197.264163
197.267575
197.271943
197.272691
197.290297
197.293549
197.336699
197.346309
197.347507
197.350975
197.352536
197.378723
197.394653
197.418889
197.462206
197.462816
197.470083
197.470108
197.472809
197.509048
197.536618
197.554238
197.564698
197.622288
197.639548
197.644239
197.649597
197.673522
197.679442
197.695317
197.751841
197.755111
197.764531
197.777548
197.788081
197.840698
197.86547
197.883948
197.890199
197.891993
197.893643
197.906078
197.91186
197.928861
197.951027
197.961167
197.964966
197.97323
198.003944
198.019311
198.021038
198.025115
198.041299
198.044611
198.055892
198.060139
198.06733
198.074925
198.082381
198.085435
198.09381
198.100791
198.10727
198.109029
198.110747
198.135559
198.138465
198.141306
198.153882
198.161017
198.168838
198.181444
198.183947
198.18933
198.192654
198.210761
198.21471
198.232261
198.242304
198.246494
198.262263
198.277023
198.281361
198.289828
198.299651
198.313976
198.343559
198.345
198.351426
198.35202
198.352619
198.359781
198.383803
198.387634
198.437754
198.441799
198.442075
198.456536
198.460352
198.473896
198.474391
198.47666
198.480522
198.493225
198.511009
198.512152
198.516414
198.517064
198.525627
198.534656
198.538603
198.540716
198.54599
198.553813
198.556404
198.56806
198.570975
198.581366
198.585264
198.604729
198.622112
198.64255
198.652915
198.679994
198.684846
198.693986
198.696214
198.699536
198.708575
198.711275
198.715167
198.717544
198.725067
198.725299
198.750262
198.786177
198.7876
198.791411
198.79478
198.797831
198.799915
198.824245
198.827011
198.846337
198.851418
198.851428
198.855067
198.862606
198.876465
198.896149
198.913964
198.915065
198.917412
198.921009
198.938297
198.938791
198.942555
198.948715
198.965472
198.969691
198.973523
198.976009
198.980314
198.998729
199.000004
199.002516
199.014547
199.023925
199.068296
199.069328
199.078048
199.087823
199.096934
199.09903
199.112374
199.115753
199.134037
199.14923
199.157647
199.159018
199.161192
199.164864
199.177677
199.181342
199.185231
199.199182
199.204217
199.20478
199.210533
199.225431
199.24578
199.253977
199.254404
199.270736
199.286281
199.307709
199.310583
199.310854
199.313612
199.326315
199.339452
199.361126
199.362166
199.367121
199.368984
199.37856
199.420413
199.422392
199.443435
199.476444
199.478358
199.484237
199.491714
199.504463
199.506695
199.510546
199.51222
199.516101
199.519356
199.521345
199.522597
199.534527
199.53667
199.544843
199.553953
199.555997
199.574691
199.578769
199.582435
199.585182
199.585196
199.592851
199.602748
199.60361
199.609057
199.609559
199.620529
199.624967
199.627845
199.631822
199.633034
199.633134
199.639394
199.640839
199.646232
199.65044
199.659002
199.659063
199.660405
199.662437
199.666347
199.671027
199.679002
199.696519
199.702134
199.715989
199.745032
199.748322
199.756821
199.760076
199.762623
199.767173
199.773812
199.784024
199.791553
199.801907
199.808399
199.836442
199.840359
199.847835
199.850851
199.859963
199.875964
199.886908
199.88794
199.890869
199.906666
199.907689
199.90792
199.919886
199.921353
199.927585
199.934229
199.935418
199.93942
199.954034
199.957373
199.962884
199.967427
199.986826
199.98697
199.98748
199.988273
199.995233
199.998627
200.007144
200.010492
200.036264
200.06438
200.074372
200.081057
200.115061
200.115704
200.119435
200.121554
200.146917
200.151804
200.157234
200.160026
200.172317
200.195936
200.209807
200.212934
200.216563
200.228812
200.239334
200.263491
200.267151
200.284122
200.285215
200.29185
200.293514
200.298148
200.300563
200.322901
200.324468
200.334463
200.335117
200.34631
200.352592
200.356492
200.364792
200.365087
200.369054
200.370758
200.385827
200.390442
200.3968
200.402594
200.405549
200.408571
200.413204
200.413378
200.42291
200.422983
200.428462
200.444208
200.44903
200.456168
200.457437
200.463408
200.468209
200.476711
200.479717
200.482602
200.492433
200.500413
200.50715
200.512668
200.535867
200.546637
200.54702
200.549302
200.549322
200.552412
200.553863
200.564246
200.568939
200.581522
200.589036
200.589178
200.591188
200.603861
200.617025
200.629045
200.643027
200.650751
200.674066
200.68335
200.690859
200.703711
200.71076
200.712316
200.718739
200.721524
200.722725
200.731428
200.731977
200.732255
200.736093
200.737682
200.77471
200.776204
200.788098
200.788624
200.792289
200.795898
200.798594
200.802476
200.823622
200.853634
200.868084
200.876424
200.877108
200.888655
200.891901
200.898081
200.911574
200.916086
200.92846
200.942396
200.954093
200.958685
200.969171
200.976888
200.982897
200.988324
200.991263
200.995002
200.997651
200.997858
201.022035
201.047872
201.05442
201.080737
201.08533
201.085614
201.087934
201.11237
201.117787
201.135761
201.136436
201.144598
201.161456
201.164661
201.165112
201.167676
201.181205
201.181711
201.184881
201.187462
201.192142
201.210527
201.213063
201.224997
201.229289
201.243393
201.259364
201.265586
201.267979
201.271581
201.282624
201.283275
201.288921
201.294117
201.3037
201.306623
201.31924
201.340643
201.345336
201.35221
201.356491
201.363868
201.363925
201.371127
201.373347
201.377473
201.387366
201.39243
201.393395
201.401879
201.404276
201.405676
201.412506
201.447486
201.454198
201.460571
201.462145
201.466775
201.476922
201.488053
201.501749
201.502309
201.506917
201.507215
201.512603
201.525666
201.529747
201.538205
201.564189
201.576521
201.58492
201.59599
201.600188
201.606334
201.617874
201.652202
201.668878
201.673303
201.677801
201.679612
201.682148
201.694037
201.702291
201.703186
201.7063
201.719692
201.720743
201.747841
201.747891
201.753427
201.758193
201.75948
201.769
201.775195
201.777945
201.782782
201.784713
201.78531
201.79486
201.797126
201.819831
201.823008
201.825508
201.82848
201.831405
201.84656
201.856564
201.865081
201.870654
201.879137
201.88613
201.89742
201.901804
201.909035
201.914133
201.917075
201.919784
201.93164
201.942529
201.944911
201.948578
201.962093
201.96255
201.968471
201.979344
201.980637
201.989256
201.990536
201.994479
201.994927
202.01234
202.021446
202.022128
202.025166
202.036469
202.042846
202.045468
202.051629
202.053675
202.063275
202.0648
202.075915
202.088973
202.089012
202.106977
202.109508
202.110477
202.11112
202.125417
202.125638
202.127688
202.130756
202.141914
202.149052
202.152109
202.156795
202.161886
202.166233
202.166561
202.184442
202.185447
202.213615
202.221462
202.223995
202.22671
202.233102
202.235097
202.237778
202.244578
202.249819
202.261125
202.271765
202.272423
202.272847
202.27452
202.275623
202.287735
202.288815
202.298458
202.301106
202.305745
202.331588
202.332297
202.332793
202.334467
202.337537
202.338995
202.34434
202.350488
202.364301
202.369182
202.379537
202.382822
202.382927
202.382993
202.387371
202.394093
202.396681
202.397932
202.416208
202.430389
202.439861
202.449528
202.453232
202.46016
202.462167
202.463032
202.469963
202.471166
202.486561
202.491289
202.517465
202.51884
202.520543
202.527463
202.533668
202.538765
202.538831
202.545218
202.545569
202.545749
202.554186
202.557081
202.558595
202.566075
202.571247
202.573186
202.579357
202.58284
202.58523
202.588501
202.590854
202.600019
202.603887
202.607241
202.631314
202.632138
202.648917
202.65791
202.668289
202.668512
202.675089
202.676485
202.676727
202.676773
202.680432
202.699298
202.703741
202.704746
202.715866
202.729771
202.734314
202.734719
202.741219
202.74323
202.746926
202.751328
202.751339
202.758592
202.763837
202.787093
202.787424
202.789127
202.797385
202.803963
202.818837
202.851927
202.860371
202.865815
202.878668
202.880215
202.888534
202.903436
202.907116
202.90735
202.909207
202.93156
202.933046
202.937261
202.942504
202.949232
202.972991
202.975548
202.987821
202.998012
203.004883
203.036876
203.041772
203.044607
203.051006
203.053948
203.062931
203.063175
203.067336
203.071066
203.081855
203.094126
203.133885
203.133995
203.139757
203.1456
203.145935
203.151836
203.153289
203.158903
203.172949
203.178958
203.180693
203.184393
203.189597
203.191785
203.203811
203.204262
203.206318
203.213238
203.216378
203.225217
203.230555
203.241559
203.242501
203.269823
203.276304
203.283672
203.285304
203.290664
203.297446
203.318052
203.320178
203.326258
203.327083
203.327289
203.329568
203.329854
203.334048
203.343343
203.343449
203.349878
203.353781
203.381367
203.384394
203.391614
203.408151
203.426034
203.442902
203.447791
203.457071
203.481197
203.484849
203.501278
203.507346
203.510785
203.512348
203.515034
203.551205
203.557881
203.571739
203.573339
203.574002
203.576938
203.586999
203.618277
203.61906
203.61907
203.630811
203.634247
203.644504
203.660334
203.661288
203.666286
203.666293
203.677578
203.682711
203.689244
203.689639
203.695676
203.704394
203.704485
203.709462
203.709489
203.721098
203.721931
203.727979
203.73202
203.734274
203.736287
203.744463
203.747324
203.752486
203.761751
203.764801
203.766101
203.779165
203.787492
203.787595
203.792929
203.801567
203.81488
203.823223
203.825164
203.840018
203.842191
203.842453
203.84724
203.848745
203.849596
203.868618
203.873316
203.879655
203.88056
203.88445
203.892804
203.903583
203.906582
203.909755
203.912385
203.91403
203.918367
203.919045
203.929249
203.937782
203.940295
203.940553
203.941598
203.947974
203.957731
203.959392
203.968048
203.973886
203.9766
203.986939
203.988408
203.988957
203.993306
203.998323
203.999429
204.005179
204.010059
204.016865
204.017119
204.017884
204.031392
204.032404
204.032754
204.050796
204.062731
204.062758
204.064862
204.073468
204.083462
204.091724
204.095862
204.101002
204.103735
204.108809
204.120898
204.12975
204.130479
204.140374
204.143647
204.163762
204.165232
204.167741
204.174302
204.177273
204.188154
204.192054
204.197748
204.20606
204.212092
204.215857
204.222953
204.228201
204.228798
204.231112
204.231789
204.237948
204.25096
204.25174
204.253063
204.258044
204.266357
204.267375
204.270004
204.27097
204.274001
204.279405
204.280032
204.284815
204.284986
204.288899
204.291952
204.29198
204.293566
204.309475
204.318488
204.32033
204.324107
204.326779
204.332839
204.350958
204.357655
204.364487
204.368364
204.370162
204.387134
204.392826
204.393227
204.396472
204.412533
204.416572
204.423948
204.435834
204.477154
204.485662
204.486574
204.489514
204.498802
204.506626
204.52621
204.531701
204.533453
204.538093
204.545887
204.557041
204.557555
204.559394
204.567916
204.568848
204.570875
204.583528
204.593164
204.593957
204.602374
204.603637
204.615673
204.624143
204.626558
204.645183
204.656064
204.657756
204.661774
204.667048
204.66736
204.667726
204.670486
204.677253
204.684079
204.689243
204.69026
204.690767
204.691314
204.701699
204.714093
204.732265
204.745272
204.748999
204.762955
204.794623
204.810031
204.814103
204.815334
204.835629
204.839653
204.861093
204.866646
204.872094
204.876135
204.880074
204.880601
204.881613
204.890428
204.891496
204.896819
204.896884
204.899014
204.904586
204.927205
204.928374
204.93201
204.932029
204.936025
204.943137
204.951933
204.956116
204.957548
204.969077
204.976334
204.980513
204.995211
204.995494
204.996682
205.00843
205.019024
205.030056
205.040884
205.046164
205.051614
205.066853
205.076334
205.081651
205.083731
205.110072
205.110177
205.110845
205.114578
205.14822
205.160259
205.160646
205.171961
205.177371
205.177733
205.180664
205.183787
205.186142
205.197612
205.19994
205.2078
205.218142
205.221083
205.229762
205.231083
205.237656
205.238086
205.239503
205.24154
205.243073
205.247388
205.255576
205.257148
205.260754
205.266442
205.27491
205.289127
205.299915
205.302057
205.319008
205.327221
205.328332
205.355554
205.35746
205.359268
205.36698
205.372624
205.381696
205.394175
205.39633
205.409585
205.443261
205.47125
205.479892
205.483385
205.486261
205.488641
205.489684
205.493638
205.514414
205.522602
205.539765
205.551009
205.56554
205.566556
205.567951
205.57805
205.584487
205.589834
205.622865
205.638528
205.64058
205.650503
205.651707
205.653696
205.655648
205.656258
205.657923
205.660779
205.660808
205.671223
205.687677
205.695624
205.699642
205.701786
205.703628
205.704302
205.705299
205.741109
205.763355
205.772295
205.774529
205.775005
205.78107
205.782939
205.794197
205.803674
205.824705
205.825475
205.843066
205.85474
205.862959
205.873064
205.880619
205.88362
205.887564
205.897754
205.911462
205.918545
205.918762
205.918865
205.921183
205.92139
205.921409
205.931068
205.931793
205.945046
205.945289
205.946157
205.956878
205.964691
205.972753
205.9759
205.976047
205.977839
205.984395
205.998214
205.999484
206.002525
206.002939
206.007287
206.036915
206.054236
206.054772
206.054935
206.055305
206.067184
206.069161
206.072623
206.081168
206.087026
206.111946
206.120377
206.122435
206.125397
206.132305
206.148613
206.156253
206.15999
206.163295
206.166069
206.17149
206.173003
206.173136
206.198636
206.200908
206.203192
206.214165
206.222326
206.22972
206.255784
206.261728
206.264808
206.270882
206.274755
206.275112
206.284582
206.300295
206.301371
206.304634
206.305264
206.313448
206.315472
206.32327
206.327756
206.327917
206.339439
206.341444
206.353885
206.364123
206.369343
206.371152
206.380293
206.384044
206.393117
206.400385
206.406322
206.409582
206.430509
206.431471
206.43566
206.441082
206.458349
206.466336
206.468422
206.480791
206.483688
206.484142
206.486312
206.490022
206.493845
206.496889
206.509877
206.519818
206.520546
206.527619
206.533391
206.537765
206.552867
206.571763
206.59201
206.592375
206.593023
206.605068
206.61047
206.626971
206.639024
206.645836
206.649469
206.650318
206.666514
206.684455
206.696113
206.697106
206.704366
206.714743
206.719416
206.721352
206.7284
206.734942
206.748277
206.754003
206.758483
206.760876
206.762453
206.771652
206.773356
206.777324
206.777549
206.779599
206.79046
206.814658
206.816919
206.838766
206.84708
206.848164
206.852518
206.858988
206.863025
206.879759
206.881218
206.884346
206.912822
206.917963
206.92217
206.943099
206.953497
206.954379
206.95451
206.955446
206.962848
206.967631
206.970176
207.005377
207.006493
207.007892
207.015259
207.019967
207.025412
207.025976
207.03048
207.035611
207.035714
207.04291
207.054218
207.068107
207.079443
207.09514
207.129694
207.134269
207.139101
207.176557
207.180715
207.195518
207.200058
207.202318
207.206366
207.208797
207.210422
207.221151
207.230986
207.231224
207.248872
207.252537
207.25908
207.262432
207.274267
207.281807
207.290108
207.296925
207.299388
207.300039
207.309016
207.312451
207.314423
207.320046
207.338742
207.339206
207.33999
207.34075
207.354721
207.362151
207.375516
207.381456
207.384984
207.386788
207.396693
207.398481
207.403763
207.405
207.421412
207.421429
207.427869
207.428113
207.428894
207.428966
207.441845
207.447344
207.450046
207.452999
207.453648
207.456746
207.45753
207.495286
207.501715
207.516592
207.521588
207.522795
207.523896
207.524452
207.533762
207.550187
207.555424
207.558804
207.565331
207.566902
207.5678
207.580441
207.585422
207.585444
207.58978
207.589941
207.59318
207.599874
207.602679
207.615307
207.618689
207.623976
207.639245
207.641855
207.646422
207.650585
207.65596
207.666081
207.666242
207.674304
207.676428
207.684786
207.685641
207.685882
207.694957
207.697474
207.698793
207.716207
207.717531
207.723863
207.731084
207.75693
207.758657
207.767114
207.775671
207.777776
207.782543
207.786848
207.788776
207.798633
207.803093
207.807555
207.815686
207.826917
207.839019
207.840476
207.842205
207.849468
207.85741
207.859909
207.860411
207.86913
207.879975
207.901404
207.913427
207.915135
207.920998
207.941366
207.94644
207.972814
207.97868
207.980678
207.986084
207.986851
208.008916
208.013776
208.016317
208.01954
208.022981
208.034854
208.051388
208.057312
208.073272
208.081157
208.083251
208.097827
208.104924
208.122297
208.12552
208.136384
208.142228
208.150145
208.162563
208.170315
208.174289
208.180239
208.184607
208.187416
208.190918
208.190992
208.200946
208.21194
208.234722
208.237582
208.238025
208.249519
208.262009
208.266006
208.27474
208.278903
208.285133
208.292856
208.292956
208.297379
208.298018
208.300282
208.300353
208.312969
208.31583
208.319706
208.333614
208.349233
208.357534
208.359411
208.36125
208.363807
208.363872
208.392748
208.397659
208.405145
208.409407
208.41897
208.42041
208.421696
208.425396
208.430214
208.435592
208.445018
208.450951
208.454819
208.458133
208.461706
208.467533
208.468316
208.471782
208.473733
208.483269
208.504316
208.5186
208.519026
208.530671
208.536911
208.548828
208.553303
208.556387
208.559192
208.576522
208.585742
208.599136
208.606588
208.607466
208.610362
208.613467
208.623033
208.646541
208.655298
208.65757
208.659792
208.662295
208.664559
208.671905
208.68436
208.702498
208.708078
208.739106
208.749282
208.75932
208.762651
208.767075
208.767252
208.773666
208.779944
208.779996
208.781871
208.781974
208.794687
208.798671
208.809867
208.816377
208.827867
208.840763
208.845952
208.855446
208.863986
208.869674
208.872049
208.872384
208.872558
208.887191
208.892741
208.902826
208.903048
208.905301
208.910104
208.916327
208.917539
208.920594
208.927736
208.934428
208.939139
208.948511
208.961748
208.965454
208.974975
208.981507
208.985182
208.992256
208.993095
208.993724
208.996827
208.999228
209.001512
209.014727
209.015126
209.019225
209.043678
209.045676
209.048678
209.058092
209.060125
209.096412
209.101306
209.109855
209.116292
209.125793
209.148986
209.170843
209.182241
209.205938
209.207124
209.207714
209.218446
209.22965
209.233192
209.242189
209.242761
209.259984
209.26828
209.27017
209.272749
209.273841
209.281869
209.292488
209.308326
209.312319
209.313702
209.321798
209.326246
209.326619
209.370361
209.397529
209.422105
209.428086
209.428452
209.430015
209.430079
209.443048
209.478409
209.480307
209.491643
209.496697
209.535814
209.540288
209.547006
209.553232
209.555696
209.599112
209.599442
209.599713
209.599917
209.62656
209.631502
209.633128
209.678405
209.688323
209.691809
209.692322
209.693885
209.695614
209.704606
209.706226
209.731827
209.771753
209.792581
209.796097
209.804503
209.807291
209.812227
209.813509
209.860113
209.866621
209.870233
209.878292
209.879523
209.880014
209.883316
209.889609
209.891254
209.894614
209.899415
209.901228
209.912874
209.917075
209.919518
209.91998
209.922215
209.943894
209.947261
209.970785
209.976609
209.978888
210.002458
210.003437
210.012529
210.021516
210.030344
210.052317
210.053871
210.084339
210.096083
210.102512
210.105213
210.118045
210.123462
210.130745
210.142882
210.156447
210.165309
210.16781
210.187225
210.194852
210.212299
210.214753
210.233916
210.258188
210.262728
210.293391
210.321372
210.347398
210.373268
210.377532
210.390432
210.399592
210.401319
210.401966
210.411803
210.414453
210.414752
210.422578
210.423405
210.433364
210.449048
210.451097
210.455664
210.462897
210.472691
210.482266
210.482561
210.48962
210.496007
210.519072
210.523971
210.52672
210.529748
210.591445
210.592637
210.600282
210.607792
210.619083
210.630956
210.648615
210.656834
210.657158
210.670973
210.679744
210.682991
210.688202
210.695705
210.711037
210.712824
210.729184
210.730238
210.736074
210.75115
210.755948
210.800792
210.80859
210.811344
210.846268
210.882394
210.910239
210.914659
210.932562
210.943971
210.945253
210.945675
210.947967
211.009974
211.026144
211.049687
211.061312
211.08482
211.090964
211.14058
211.14134
211.173979
211.176292
211.223454
211.27186
211.299561
211.338944
211.340683
211.368967
211.39173
211.40004
211.404956
211.430145
211.467613
211.488259
211.51341
211.521827
211.528127
211.5305
211.555174
211.557651
211.572009
211.587747
211.596773
211.608538
211.621605
211.633853
211.666159
211.669562
211.684681
211.692769
211.706554
211.724929
211.727682
211.744132
211.759049
211.78079
211.808932
211.811712
211.818329
211.836329
211.839752
211.861163
211.875734
211.887532
211.923903
211.985377
212.014183
212.030378
212.039494
212.051174
212.058867
212.060978
212.144966
212.210695
212.236235
212.265427
212.310572
212.310874
212.329059
212.333196
212.345163
212.390605
212.423157
212.423268
212.493051
212.502967
212.522225
212.52684
212.532965
212.533584
212.539277
212.565815
212.584505
212.587388
212.602373
212.625765
212.656077
212.726159
212.729064
212.735024
212.759421
212.763859
212.78119
212.805166
212.82323
212.840333
212.841498
212.854061
212.886955
212.916408
212.919901
212.941042
212.949124
212.994872
213.000295
213.005366
213.012235
213.035907
213.039666
213.043137
213.074049
213.182939
213.198604
213.240316
213.241954
213.266339
213.274529
213.288641
213.306173
213.313093
213.330476
213.34076
213.367284
213.442156
213.450164
213.497107
213.571137
213.587881
213.601236
213.605491
213.631084
213.687774
213.718235
213.754645
213.778608
213.782751
213.805618
213.809366
213.932914
213.93627
213.972787
213.995053
213.999869
214.0104
214.059553
214.061246
214.149471
214.153105
214.181939
214.227336
214.242101
214.265045
214.285557
214.293596
214.411603
214.458861
214.500527
214.567681
214.660729
214.688554
214.699486
214.746272
214.775756
214.841637
214.917417
214.935134
215.185839
215.254191
215.261096
215.338444
215.354426
215.359436
215.412573
215.452277
215.544233
215.5884
215.69889
215.757651
215.77165
215.908872
215.910573
215.910947
215.937462
215.940605
216.016319
216.029785
216.049056
216.069588
216.163472
216.254823
216.292731
216.71957
216.758972
216.822446
216.933451
217.112072
217.118617
217.312235
217.53507
217.616309
217.678215
217.732338
217.734987
217.777615
217.797752
217.856554
218.088099
218.159128
218.179215
218.230378
218.311234
218.361092
218.420028
218.501978
218.510637
218.681288
218.693692
218.702346
218.797441
218.814858
218.82144
219.071576
219.141463
219.566381
219.672241
219.902538
219.909336
219.999698
220.084498
220.170353
220.299055
220.303201
220.403411
220.706031
220.761738
220.769067
220.775457
220.794379
220.945893
221.131818
221.786262
222.009267
222.277369
222.308271
222.319807
222.377953
222.50672
222.689271
222.78402
222.824648
223.331713
223.441759
223.528087
223.569849
223.724576
223.797199
224.312746
225.129189
226.319282
226.767664
228.657608
231.540666
232.41729
232.749681
233.313562
233.684856
234.100292
237.833177
237.914615
238.593189
239.79494
246.308981
252.17246
252.788027
253.661206
255.070955
255.630774
256.545687
262.392747
262.676369
264.768804
265.62179
272.042753
280.13775
281.496004
283.897366
291.870582
297.824221
325.567966
338.996414
342.218072
382.468646
407.252469
409.347911
418.878229
424.683784
426.729104
441.234509
510.077121
762.890275
775.037972
793.71172
993.184874
