2.758448
10.187324
12.357974
12.505177
12.905793
13.337491
13.447974
14.049334
15.316452
15.87263
15.969032
16.485702
16.785165
17.03346
17.753494
18.449228
19.22336
19.34189
19.484244
19.981171
20.00738
20.082485
20.110257
20.143447
20.855332
21.204846
22.016105
22.203614
23.667423
24.173225
24.186317
24.474155
24.496726
24.952709
25.19016
25.395542
25.686929
26.709546
26.760578
27.760708
28.33551
28.675977
28.715091
29.163319
30.553714
30.72281
32.846906
34.671169
36.130673
36.48831
36.691526
37.357383
39.930123
44.497881
59.350029
64.063928
64.206717
64.847884
66.400976
66.489468
81.370451
90.486339
100.897328
101.552396
105.841171
107.167285
117.91335
132.126386
138.369046
139.628236
139.915736
142.232286
142.507387
142.686803
143.026243
144.32775
145.068241
146.777173
147.023092
147.709615
148.350039
148.450082
149.019541
149.183209
149.570063
149.784183
149.889794
150.39864
150.734886
151.023732
151.275577
151.688738
152.106968
152.608223
153.227985
153.678741
154.271875
154.555853
155.023398
155.806427
156.08557
156.578204
156.898388
157.425326
158.025338
158.56033
158.616264
158.72094
159.497533
159.831998
161.097086
162.493699
164.483299
164.859755
166.569235
166.835611
167.307315
168.094432
169.34088
170.64538
171.182291
171.540959
171.766896
172.494938
172.605228
172.993546
173.405388
173.444602
173.58578
173.861226
174.006837
174.141145
174.232957
174.394757
174.523429
174.729342
174.803271
175.16919
175.562762
175.798683
175.82002
176.003933
176.143817
176.177326
176.517912
176.744736
177.218981
178.090336
178.096338
178.226831
180.764436
181.361247
181.415659
181.537627
182.2254
182.667389
182.692162
182.809158
182.864473
182.979689
183.228469
183.867636
183.8716
185.089776
185.185737
185.60639
186.062509
186.159244
186.379127
186.792664
187.519992
187.671044
188.491771
189.293927
189.866763
190.263738
190.409287
190.42779
190.468689
190.594879
190.768653
191.442344
191.455138
191.852193
191.860233
192.364942
192.427804
192.487737
192.665018
193.165547
193.46659
193.49932
193.518283
193.943467
195.204661
195.421693
195.720593
195.761518
196.031349
196.143132
196.554146
196.576696
196.583607
197.092755
197.346344
198.19441
198.306959
198.32017
199.7665
200.185267
200.206188
200.85417
201.405419
202.033428
202.324062
203.017259
204.203484
204.581397
205.220965
205.486008
206.711698
207.272194
208.231012
208.275695
210.535963
211.115403
211.288264
211.635624
212.912626
213.254099
215.558251
242.09223
245.570935
264.901668
265.044372
289.714064
303.721747
363.131308
846.431492
6567.488334
