73.217664
80.622397
157.967302
164.338531
174.195431
176.270082
178.426603
179.702757
181.144361
181.580138
182.209898
183.158513
183.18894
183.554507
183.762935
183.766988
184.064018
184.267257
184.746619
184.865227
185.029019
185.178683
185.223271
185.300325
185.433877
185.437161
185.550779
185.641094
185.782979
185.841421
185.987494
186.011619
186.028357
186.071259
186.128645
186.327159
186.641167
186.643007
186.801259
187.179196
187.246081
187.26469
187.327915
187.337379
187.662707
187.731383
187.829185
187.940053
187.988222
188.071677
188.13835
188.208764
188.223068
188.363405
188.632156
188.683792
188.685588
189.037526
189.04736
189.05632
189.133029
189.168513
189.231835
189.305428
189.316994
189.528134
189.605579
189.740869
189.977922
190.034798
190.123418
190.124747
190.20372
190.238733
190.317151
190.429173
190.432925
190.442148
190.490303
190.552221
190.578974
190.773523
191.047852
191.077549
191.171831
191.264967
191.278835
191.303102
191.443142
191.612341
191.680195
191.751895
191.876595
191.908778
191.932606
191.940116
191.957979
192.012055
192.082359
192.161849
192.187304
192.301025
192.362481
192.38842
192.670291
192.838362
192.897917
192.942837
193.023894
193.079875
193.165007
193.174755
193.288873
193.316953
193.323381
193.410861
193.519951
193.539239
193.558276
193.559681
193.68978
193.710736
193.754805
193.767801
193.828067
193.843406
193.855821
193.871031
193.940021
193.944937
194.012856
194.097219
194.276833
194.320815
194.353893
194.395333
194.508503
194.510336
194.518277
194.521077
194.532968
194.541585
194.554144
194.608191
194.664147
194.668302
194.720059
194.824223
194.919253
194.930517
194.933839
194.946932
195.10984
195.125661
195.213615
195.263357
195.290134
195.304946
195.343651
195.396759
195.40045
195.449991
195.479915
195.49222
195.501473
195.603937
195.604883
195.649418
195.651625
195.656086
195.692171
195.714381
195.72381
195.768545
195.792732
195.812664
195.81632
195.842457
195.85534
195.865749
195.873213
195.904931
195.936814
195.955811
195.985547
195.993579
196.006127
196.009879
196.041108
196.088798
196.134935
196.140031
196.147319
196.154086
196.168087
196.200372
196.210376
196.235845
196.270047
196.292692
196.302538
196.306705
196.307971
196.327399
196.338342
196.366929
196.410716
196.429367
196.441983
196.522452
196.550316
196.550964
196.56872
196.570066
196.57051
196.665541
196.687849
196.736957
196.754937
196.758822
196.762225
196.770713
196.78105
196.785184
196.795215
196.832789
196.837135
196.863975
196.86949
196.876924
196.884693
196.925166
197.002526
197.046169
197.074488
197.08214
197.09695
197.107031
197.109671
197.113143
197.128722
197.158275
197.163703
197.210387
197.237718
197.240592
197.250783
197.259332
197.260418
197.264655
197.269117
197.275248
197.290625
197.297297
197.343121
197.350454
197.354467
197.362773
197.431358
197.458608
197.474453
197.478635
197.532926
197.550283
197.568484
197.578283
197.597504
197.608699
197.639391
197.672527
197.687188
197.700223
197.703818
197.715277
197.745106
197.749298
197.79404
197.829092
197.835664
197.870347
197.874627
197.876868
197.89198
197.912235
197.915473
197.924293
197.959103
197.97249
197.985904
197.987886
198.006479
198.02384
198.049866
198.055983
198.104089
198.110069
198.118689
198.173187
198.17408
198.174458
198.191918
198.217204
198.225728
198.254963
198.298772
198.305024
198.309989
198.312097
198.327996
198.352161
198.36859
198.375212
198.408174
198.416082
198.421682
198.428122
198.468525
198.469105
198.488269
198.502492
198.515347
198.515701
198.521689
198.564593
198.583971
198.584095
198.586811
198.625126
198.631877
198.648156
198.658266
198.667042
198.688154
198.732586
198.741118
198.785239
198.839659
198.844789
198.855956
198.884275
198.89441
198.907544
198.922902
198.987112
198.989711
198.991848
198.996055
198.997785
199.003651
199.005592
199.006508
199.022435
199.060353
199.090416
199.095097
199.111508
199.131887
199.134519
199.138046
199.176531
199.207206
199.218116
199.230097
199.248147
199.250619
199.252043
199.286625
199.303336
199.328078
199.332524
199.340096
199.354974
199.362652
199.375753
199.417275
199.422886
199.432519
199.492161
199.496217
199.50348
199.505834
199.509353
199.51866
199.542227
199.557032
199.559841
199.588552
199.617175
199.629868
199.631453
199.708827
199.720211
199.722913
199.764836
199.765811
199.772689
199.77806
199.80395
199.829638
199.835674
199.840101
199.843693
199.84721
199.869339
199.875529
199.889614
199.901546
199.949834
199.969185
199.983771
199.990719
200.000907
200.009466
200.009574
200.023111
200.041735
200.048248
200.057658
200.062655
200.071019
200.078649
200.10004
200.102011
200.124679
200.145165
200.156281
200.166241
200.181745
200.19921
200.210564
200.235275
200.262983
200.268829
200.27136
200.290937
200.293189
200.306635
200.307675
200.310491
200.310637
200.315012
200.343382
200.353848
200.360324
200.37286
200.382197
200.388604
200.408236
200.412645
200.422661
200.440103
200.443339
200.456891
200.486873
200.514179
200.551937
200.565059
200.566439
200.590666
200.590872
200.593114
200.642073
200.644956
200.647383
200.683894
200.685036
200.702558
200.717433
200.720512
200.740069
200.762457
200.789242
200.80828
200.823579
200.850859
200.853464
200.866133
200.873829
200.890772
200.892939
200.893071
200.899477
200.9193
200.930391
200.933269
200.934776
200.958721
200.970936
200.973562
200.97655
200.978933
200.994737
201.012646
201.023467
201.031075
201.035452
201.053655
201.05378
201.055445
201.063633
201.077054
201.078594
201.085207
201.098932
201.115619
201.119296
201.121758
201.13272
201.13402
201.14003
201.167653
201.183606
201.200584
201.213871
201.217206
201.220501
201.234363
201.245101
201.256734
201.259821
201.261555
201.262086
201.265122
201.287611
201.298954
201.312565
201.313708
201.31419
201.326398
201.335905
201.343129
201.346518
201.366964
201.371979
201.376311
201.39257
201.397869
201.415376
201.422707
201.426542
201.431192
201.460811
201.482872
201.490664
201.503713
201.539303
201.558311
201.566707
201.572607
201.584731
201.589434
201.602552
201.607213
201.613004
201.619445
201.635428
201.652501
201.670458
201.676103
201.678099
201.688528
201.698434
201.708892
201.712193
201.719059
201.724541
201.732394
201.749595
201.755406
201.76623
201.790989
201.793363
201.844519
201.854684
201.866256
201.874596
201.887764
201.894248
201.899789
201.903659
201.912982
201.937537
201.945516
201.948037
201.96615
201.97148
201.976778
201.978267
202.001407
202.011384
202.016309
202.022427
202.024523
202.026904
202.032711
202.096847
202.111414
202.161687
202.161992
202.1727
202.177805
202.192237
202.196523
202.204706
202.205634
202.212168
202.222332
202.229716
202.243959
202.245943
202.248833
202.250253
202.255724
202.255879
202.260428
202.26376
202.281627
202.285891
202.288715
202.290609
202.294843
202.30532
202.307193
202.308082
202.311838
202.314583
202.336723
202.337033
202.364506
202.383962
202.394038
202.395631
202.397244
202.404128
202.405276
202.422053
202.460492
202.463275
202.463464
202.463703
202.463879
202.504753
202.53474
202.536404
202.54025
202.541118
202.5668
202.597853
202.600029
202.607804
202.60917
202.620464
202.62129
202.621464
202.623322
202.630045
202.646097
202.65234
202.659385
202.667967
202.668725
202.672135
202.688197
202.692792
202.703365
202.706692
202.707109
202.731282
202.733683
202.737843
202.750525
202.7519
202.752737
202.761766
202.783108
202.788886
202.797185
202.804531
202.80632
202.80667
202.807333
202.8208
202.82089
202.823065
202.827794
202.834113
202.84708
202.859645
202.864828
202.869007
202.891395
202.892279
202.906045
202.908267
202.908764
202.917429
202.923014
202.928747
202.929972
202.937784
202.937993
202.945644
202.945658
202.952842
202.953054
202.953427
202.959718
202.9661
202.966552
202.983661
202.9851
202.987122
202.999298
203.019476
203.026624
203.026671
203.028065
203.028408
203.029613
203.032568
203.043442
203.044807
203.053484
203.057819
203.059097
203.070021
203.108412
203.11002
203.116629
203.127514
203.140432
203.146551
203.156971
203.158456
203.162968
203.177318
203.181627
203.190414
203.197111
203.206014
203.206851
203.206943
203.230325
203.234018
203.238961
203.243096
203.258854
203.275305
203.286462
203.28661
203.296243
203.310969
203.317752
203.320128
203.324181
203.334816
203.340838
203.342759
203.353063
203.356286
203.356517
203.362683
203.38104
203.383327
203.383341
203.396471
203.402271
203.410713
203.420527
203.432002
203.433812
203.448956
203.449532
203.450263
203.455333
203.456331
203.47771
203.479135
203.483426
203.491539
203.49658
203.504345
203.515695
203.517073
203.520586
203.540421
203.541848
203.548693
203.549829
203.556833
203.580861
203.584201
203.588522
203.592184
203.593842
203.603276
203.616192
203.617904
203.618358
203.620731
203.626431
203.628452
203.638368
203.650202
203.651198
203.653373
203.657846
203.664526
203.665734
203.682218
203.685508
203.690148
203.693113
203.693277
203.698008
203.707283
203.718697
203.72074
203.729498
203.744281
203.750389
203.750486
203.764947
203.771912
203.775322
203.775686
203.785423
203.788601
203.80165
203.805073
203.80995
203.809963
203.834331
203.835768
203.841573
203.849657
203.861566
203.874717
203.880207
203.892816
203.902431
203.905476
203.909409
203.917292
203.924928
203.943021
203.960002
203.962083
203.972131
203.972563
203.987921
203.990442
203.995787
204.00262
204.019163
204.020784
204.029358
204.03779
204.043939
204.047142
204.0518
204.058038
204.058114
204.058481
204.062607
204.066733
204.071656
204.085502
204.089157
204.090461
204.099604
204.102205
204.104479
204.105653
204.10694
204.126065
204.127355
204.137402
204.142907
204.143152
204.158359
204.161834
204.186451
204.190678
204.198699
204.199375
204.203266
204.238761
204.242043
204.263337
204.269744
204.288533
204.291577
204.294075
204.304733
204.321963
204.334964
204.337188
204.351204
204.355667
204.357116
204.357205
204.367188
204.372938
204.384575
204.385043
204.38576
204.398157
204.407573
204.410504
204.414617
204.423333
204.428976
204.432921
204.444313
204.451983
204.460742
204.467498
204.473045
204.476388
204.480257
204.485069
204.493662
204.495228
204.498914
204.501336
204.510575
204.51279
204.519787
204.53316
204.533224
204.538143
204.540526
204.552417
204.562546
204.564863
204.570943
204.573182
204.578281
204.58067
204.581953
204.588323
204.596535
204.596964
204.608098
204.608278
204.609984
204.621717
204.622112
204.623278
204.633977
204.639794
204.640546
204.644347
204.646644
204.667797
204.671445
204.676033
204.676997
204.68017
204.681348
204.692533
204.712419
204.716309
204.722489
204.736753
204.737141
204.745142
204.756463
204.756572
204.759002
204.75925
204.765861
204.775482
204.784181
204.786501
204.804915
204.814076
204.814177
204.832363
204.836548
204.840288
204.854063
204.859274
204.863524
204.876768
204.893911
204.894447
204.897685
204.902951
204.912542
204.916811
204.919825
204.920544
204.924479
204.93878
204.943296
204.950359
204.962955
204.981112
204.981641
204.987045
204.997164
205.005606
205.008367
205.009475
205.017261
205.019785
205.020146
205.031594
205.04025
205.04106
205.041535
205.054098
205.060321
205.064263
205.069786
205.072707
205.075945
205.07685
205.083122
205.093312
205.099244
205.11371
205.114711
205.121091
205.121139
205.121732
205.125592
205.127138
205.130252
205.136046
205.149182
205.152903
205.169215
205.171899
205.18544
205.195064
205.19791
205.202893
205.23342
205.234245
205.235119
205.235922
205.240752
205.244788
205.245945
205.249332
205.26267
205.267414
205.267505
205.268605
205.282889
205.284588
205.302843
205.312019
205.315308
205.319827
205.335405
205.34621
205.348819
205.358406
205.364867
205.37541
205.376463
205.387015
205.395101
205.405727
205.422143
205.431157
205.451645
205.461089
205.467648
205.476558
205.487691
205.491657
205.49997
205.517546
205.529395
205.533044
205.546882
205.547776
205.555451
205.558832
205.56704
205.570686
205.571969
205.577909
205.579056
205.587099
205.590833
205.598514
205.600143
205.600904
205.604777
205.605229
205.60596
205.615873
205.623051
205.626433
205.640482
205.640622
205.642009
205.645334
205.670398
205.673777
205.675283
205.675736
205.681783
205.709384
205.709537
205.713948
205.716113
205.718171
205.735877
205.736505
205.749612
205.763161
205.779937
205.789039
205.789755
205.791821
205.795563
205.802911
205.812086
205.814704
205.817934
205.820863
205.828202
205.837617
205.842611
205.845514
205.860337
205.862549
205.862775
205.879598
205.885773
205.887406
205.893585
205.895243
205.896367
205.897375
205.899123
205.918471
205.94069
205.944849
205.948223
205.953446
205.971936
205.981519
205.986388
205.988449
205.990612
205.993624
205.994053
205.994094
205.997442
206.017223
206.027497
206.030501
206.039884
206.051131
206.051806
206.054737
206.065972
206.073676
206.074183
206.077286
206.078348
206.083095
206.08858
206.090921
206.10513
206.107126
206.110328
206.114973
206.117061
206.123656
206.125039
206.129595
206.137207
206.144367
206.14967
206.155277
206.157869
206.159369
206.163173
206.163745
206.163935
206.164936
206.173891
206.180404
206.197278
206.203265
206.205461
206.208835
206.224003
206.22913
206.231118
206.250761
206.254845
206.257244
206.267636
206.268581
206.277038
206.284656
206.285483
206.303877
206.304118
206.306908
206.312187
206.324283
206.327161
206.332661
206.341819
206.357268
206.358694
206.37213
206.372517
206.376666
206.39062
206.391677
206.394559
206.401377
206.401651
206.404106
206.411991
206.417243
206.440329
206.443391
206.45445
206.455371
206.481767
206.488677
206.491711
206.505239
206.506588
206.513861
206.521107
206.530215
206.532475
206.535395
206.555947
206.560557
206.564944
206.569668
206.571838
206.577391
206.578004
206.594132
206.598724
206.606195
206.612841
206.614507
206.61811
206.621437
206.623535
206.627277
206.629003
206.629547
206.631725
206.639862
206.645085
206.648618
206.652724
206.662645
206.677552
206.685336
206.694371
206.697237
206.701724
206.705773
206.707136
206.714715
206.718076
206.721128
206.731383
206.738012
206.738563
206.745561
206.753172
206.753924
206.770752
206.775945
206.780542
206.780601
206.788988
206.791266
206.794868
206.802126
206.80313
206.804239
206.804371
206.806546
206.812462
206.812678
206.820273
206.823875
206.82526
206.836042
206.84175
206.849119
206.85351
206.855211
206.865887
206.870369
206.890928
206.902443
206.917425
206.917656
206.918929
206.92517
206.929869
206.932843
206.947807
206.955185
206.956706
206.962804
206.966568
206.979054
206.981103
206.995789
206.9964
206.997988
207.000471
207.002086
207.003857
207.005086
207.008502
207.01509
207.016137
207.017611
207.035303
207.036809
207.037137
207.052713
207.069052
207.073638
207.075446
207.082425
207.084286
207.086419
207.087687
207.094167
207.094372
207.096597
207.102982
207.117478
207.129522
207.135618
207.138163
207.151577
207.152461
207.154329
207.157541
207.172703
207.174434
207.176719
207.195117
207.198689
207.201672
207.203101
207.217563
207.219019
207.223578
207.228534
207.231479
207.231767
207.234392
207.238138
207.24584
207.24598
207.246705
207.247172
207.25
207.252063
207.253634
207.270114
207.273832
207.280369
207.281058
207.281972
207.28854
207.297352
207.297403
207.313373
207.314046
207.31481
207.320615
207.329185
207.335391
207.338205
207.344152
207.345187
207.363548
207.367026
207.373631
207.375451
207.383252
207.386228
207.400413
207.407883
207.412061
207.425844
207.431896
207.432194
207.437114
207.450971
207.45216
207.463801
207.466107
207.468626
207.470476
207.475288
207.483995
207.485115
207.497246
207.499372
207.501561
207.503704
207.505577
207.510982
207.513887
207.5157
207.519233
207.526805
207.538589
207.540009
207.54102
207.549792
207.551933
207.55276
207.554118
207.558274
207.562916
207.56429
207.586169
207.587532
207.595366
207.603137
207.603886
207.607586
207.611642
207.616054
207.620977
207.629465
207.63228
207.633432
207.636073
207.641838
207.642073
207.645116
207.655757
207.660411
207.66247
207.663531
207.674451
207.676875
207.682341
207.687533
207.689518
207.697292
207.706636
207.709529
207.718219
207.720619
207.726935
207.72909
207.731473
207.731688
207.741012
207.741898
207.74271
207.770434
207.775478
207.78667
207.787672
207.78833
207.791174
207.79699
207.797152
207.798972
207.801373
207.801678
207.801847
207.804126
207.806856
207.814822
207.816375
207.821963
207.830653
207.838101
207.840003
207.841969
207.842087
207.842504
207.847306
207.848179
207.849035
207.850649
207.860555
207.862561
207.878792
207.880998
207.881819
207.884909
207.894565
207.89619
207.900167
207.904845
207.905439
207.906119
207.910816
207.921548
207.922796
207.922899
207.923204
207.927009
207.92971
207.951994
207.96183
207.962583
207.985358
207.992501
208.003867
208.013236
208.019342
208.020145
208.027551
208.034114
208.035002
208.037571
208.042535
208.042865
208.04711
208.054855
208.055836
208.055908
208.061
208.06577
208.070389
208.079332
208.079883
208.091986
208.092365
208.107239
208.117085
208.117213
208.117318
208.126964
208.136241
208.140505
208.144273
208.146928
208.148199
208.163721
208.17254
208.176384
208.176685
208.190747
208.193739
208.19507
208.199532
208.199864
208.20342
208.205462
208.225939
208.260854
208.264802
208.265741
208.266593
208.270043
208.271974
208.272679
208.277173
208.278537
208.291475
208.295166
208.29524
208.298942
208.305513
208.308746
208.317908
208.319202
208.320299
208.320561
208.324662
208.330284
208.339695
208.344278
208.345466
208.345989
208.3559
208.362754
208.365797
208.368019
208.376238
208.397138
208.399079
208.402255
208.405139
208.410892
208.41094
208.412338
208.413083
208.429239
208.438033
208.441772
208.444894
208.467281
208.467927
208.470971
208.473109
208.478993
208.481792
208.486021
208.494041
208.495827
208.513494
208.515916
208.517514
208.520268
208.52546
208.536549
208.55018
208.550821
208.552795
208.555552
208.561136
208.576696
208.576849
208.577509
208.577912
208.584858
208.587994
208.622756
208.624622
208.626515
208.639447
208.6395
208.651022
208.658991
208.664619
208.667399
208.670705
208.677611
208.684068
208.68756
208.688469
208.698901
208.710331
208.711634
208.713681
208.722727
208.724167
208.726603
208.73338
208.734352
208.735459
208.735847
208.740659
208.742439
208.747343
208.758157
208.76053
208.765141
208.768095
208.768353
208.772943
208.777367
208.78749
208.797883
208.800546
208.80648
208.80727
208.808011
208.819711
208.820289
208.829388
208.836793
208.852172
208.865294
208.885041
208.886437
208.889385
208.900948
208.907864
208.914207
208.921835
208.936462
208.939551
208.944659
208.948144
208.956051
208.959949
208.967292
208.981246
208.984245
208.984284
208.996361
208.999972
209.008178
209.023039
209.024568
209.027909
209.030565
209.036003
209.036447
209.043854
209.04533
209.053674
209.065553
209.06654
209.067489
209.07457
209.074715
209.091942
209.093911
209.094858
209.096004
209.097957
209.099123
209.100951
209.103708
209.10421
209.113983
209.115494
209.121601
209.122304
209.124452
209.125088
209.125222
209.12903
209.130474
209.133222
209.145948
209.152127
209.153595
209.160168
209.173925
209.176072
209.178574
209.181039
209.181045
209.182276
209.185171
209.187309
209.188419
209.199741
209.202963
209.207187
209.207628
209.210955
209.212998
209.222885
209.232834
209.245346
209.251429
209.254435
209.256959
209.261513
209.266847
209.270379
209.283954
209.287452
209.290387
209.290711
209.29305
209.300138
209.308027
209.308243
209.309631
209.328725
209.358257
209.359569
209.361559
209.363475
209.364309
209.370405
209.373825
209.380615
209.384397
209.3928
209.395372
209.400772
209.401196
209.41483
209.429758
209.447162
209.470073
209.470079
209.4743
209.478569
209.487662
209.489575
209.492425
209.504317
209.505786
209.506064
209.506445
209.506484
209.508805
209.521893
209.523643
209.524658
209.525
209.531227
209.535454
209.558869
209.558996
209.563985
209.568475
209.575103
209.576745
209.577977
209.582911
209.587706
209.587824
209.595757
209.604551
209.60938
209.613763
209.628519
209.634694
209.634943
209.637123
209.637641
209.641436
209.646886
209.648396
209.654705
209.667636
209.674432
209.681264
209.690831
209.69919
209.711004
209.717954
209.718528
209.726456
209.734356
209.736254
209.737802
209.738087
209.741817
209.746151
209.758017
209.758503
209.764346
209.769923
209.776807
209.798461
209.798833
209.802297
209.811744
209.83593
209.836247
209.836311
209.861456
209.865577
209.869673
209.878174
209.885534
209.885539
209.903064
209.907052
209.908938
209.90912
209.912344
209.915818
209.916653
209.916702
209.917723
209.921855
209.925677
209.940175
209.943447
209.945616
209.949201
209.951068
209.953166
209.959894
209.96291
209.964343
209.971427
209.980891
209.984537
209.995214
210.001286
210.017904
210.039801
210.054782
210.055497
210.061535
210.069322
210.074163
210.078162
210.084726
210.08602
210.091509
210.094175
210.097888
210.100564
210.105104
210.1137
210.122683
210.127363
210.128722
210.132601
210.133419
210.141986
210.142609
210.143046
210.148096
210.150052
210.150682
210.152048
210.153866
210.155586
210.158464
210.165571
210.172958
210.181831
210.182918
210.188201
210.19409
210.208104
210.208498
210.209506
210.215093
210.228058
210.229188
210.240351
210.243769
210.252089
210.254164
210.258357
210.25886
210.263608
210.27525
210.278537
210.282233
210.28296
210.296748
210.297211
210.302377
210.305637
210.331604
210.336618
210.344393
210.34917
210.349189
210.349959
210.351008
210.352687
210.357287
210.357465
210.360531
210.364715
210.417198
210.42153
210.428074
210.432755
210.444447
210.458371
210.458531
210.458539
210.46198
210.474064
210.486221
210.488833
210.498575
210.516264
210.530745
210.542974
210.544803
210.548408
210.548855
210.54945
210.559092
210.562742
210.565915
210.568301
210.568699
210.575623
210.581917
210.582976
210.587969
210.603366
210.608999
210.613664
210.618592
210.61881
210.672415
210.675181
210.675253
210.697705
210.704566
210.719661
210.730489
210.731181
210.734728
210.750235
210.761831
210.763806
210.769878
210.773991
210.799972
210.800515
210.809828
210.810594
210.817585
210.82137
210.825522
210.833087
210.836707
210.852963
210.85493
210.856075
210.859846
210.866378
210.873389
210.875592
210.884169
210.885018
210.888288
210.895092
210.899586
210.916774
210.929851
210.945941
210.953106
210.955271
210.959487
210.961718
210.975289
210.987863
210.993986
210.99829
211.003129
211.008158
211.009026
211.02409
211.024905
211.027655
211.031
211.03855
211.054532
211.054603
211.058158
211.067026
211.06783
211.076337
211.096735
211.116148
211.156418
211.162226
211.168676
211.172848
211.191503
211.209394
211.223404
211.235822
211.23707
211.254639
211.258547
211.282558
211.283469
211.285962
211.29154
211.29813
211.313872
211.314699
211.318275
211.319096
211.332944
211.343013
211.356335
211.365729
211.372703
211.374065
211.384283
211.401342
211.408147
211.40892
211.409287
211.409963
211.419548
211.420293
211.420841
211.424085
211.42846
211.431465
211.432581
211.434555
211.438324
211.440592
211.442609
211.450116
211.489671
211.493351
211.495786
211.502253
211.508038
211.516086
211.519525
211.524355
211.52453
211.529325
211.544797
211.5541
211.564148
211.566054
211.568822
211.577206
211.607581
211.61175
211.614706
211.632229
211.646976
211.647991
211.655378
211.663052
211.691354
211.691749
211.693654
211.693761
211.722295
211.760364
211.768659
211.785865
211.786867
211.78925
211.801605
211.802339
211.820148
211.821119
211.823282
211.82372
211.838084
211.85308
211.870074
211.876342
211.877063
211.879602
211.91266
211.917372
211.920208
211.923633
211.927799
211.928854
211.939611
211.954341
211.986532
211.997915
212.025877
212.028041
212.030158
212.030818
212.046053
212.060164
212.081048
212.08971
212.094075
212.095977
212.104278
212.111842
212.119014
212.145108
212.158818
212.165886
212.174125
212.19085
212.198984
212.22613
212.227688
212.23707
212.255886
212.268551
212.269121
212.297735
212.325671
212.350097
212.350527
212.3527
212.353604
212.358945
212.359032
212.363272
212.36609
212.370848
212.371122
212.374457
212.376915
212.398619
212.410907
212.418567
212.43012
212.433624
212.436015
212.451601
212.459525
212.498665
212.502149
212.534726
212.541574
212.558115
212.559447
212.56149
212.581298
212.589429
212.596527
212.597481
212.600678
212.609057
212.628877
212.634171
212.639942
212.640654
212.650747
212.662763
212.727475
212.73959
212.749104
212.755269
212.757751
212.764686
212.771179
212.798436
212.814189
212.83152
212.839161
212.844942
212.846035
212.873648
212.900058
212.908172
212.911302
212.911554
212.913929
212.918365
212.944779
212.950523
212.953434
212.976762
213.01738
213.026598
213.029385
213.032236
213.040392
213.045372
213.046037
213.049779
213.050254
213.061091
213.068929
213.119331
213.131076
213.137507
213.151764
213.165946
213.166841
213.171196
213.171252
213.177177
213.218075
213.21844
213.233489
213.236102
213.239346
213.269193
213.272588
213.285533
213.301113
213.307624
213.318452
213.331995
213.339695
213.345381
213.354209
213.359262
213.366088
213.38635
213.390899
213.394876
213.405083
213.406519
213.407881
213.411261
213.422849
213.423569
213.446868
213.460775
213.495823
213.500169
213.504028
213.51422
213.523237
213.524271
213.530741
213.533453
213.537151
213.538944
213.570191
213.600113
213.620696
213.641039
213.652545
213.658723
213.660151
213.672568
213.690869
213.691865
213.708233
213.709243
213.711746
213.716548
213.719495
213.723012
213.731684
213.750378
213.751044
213.77997
213.793997
213.803803
213.805645
213.813974
213.814839
213.81563
213.82272
213.82927
213.848414
213.900356
213.903551
213.905037
213.912903
214.006384
214.014363
214.046456
214.050266
214.054692
214.070185
214.080212
214.083156
214.089974
214.122962
214.12676
214.128791
214.149802
214.156066
214.162263
214.166274
214.206892
214.213476
214.249658
214.26717
214.267191
214.319559
214.320232
214.378081
214.382212
214.384991
214.399866
214.436074
214.441541
214.448873
214.457643
214.473451
214.474989
214.482626
214.501556
214.504407
214.504667
214.512335
214.517849
214.51862
214.525801
214.540311
214.551395
214.551869
214.557343
214.570625
214.573329
214.58548
214.597895
214.603347
214.622921
214.687612
214.738928
214.744493
214.778619
214.789575
214.810698
214.816813
214.819796
214.825913
214.852621
214.855498
214.865962
214.868214
214.87581
214.8773
214.912953
214.930633
214.934022
214.957538
214.95917
215.000504
215.001689
215.013427
215.021273
215.024113
215.049083
215.061466
215.065909
215.07245
215.097039
215.099322
215.137774
215.139965
215.203697
215.228679
215.290901
215.295528
215.312848
215.336693
215.420438
215.421073
215.436573
215.452632
215.490237
215.509199
215.516797
215.542088
215.54824
215.548433
215.586641
215.596604
215.602258
215.639036
215.648505
215.680165
215.680596
215.706421
215.742689
215.753431
215.767373
215.791818
215.82057
215.854716
215.859553
215.866704
215.879638
215.90496
215.951021
215.964606
215.9647
216.001219
216.022541
216.03
216.039915
216.044627
216.070712
216.086519
216.10251
216.120815
216.169417
216.184871
216.24719
216.263062
216.266211
216.307877
216.310277
216.321456
216.322193
216.336841
216.352595
216.353531
216.39405
216.399496
216.403794
216.418961
216.429103
216.436725
216.446586
216.455518
216.455582
216.481248
216.494974
216.517165
216.521823
216.559132
216.561621
216.596504
216.667699
216.686132
216.697302
216.701801
216.713371
216.733094
216.752377
216.771481
216.8123
216.883291
216.90298
216.91025
216.924387
216.932293
217.020218
217.024197
217.029875
217.036395
217.05074
217.074373
217.083559
217.088022
217.09334
217.113202
217.114613
217.148662
217.189901
217.292141
217.3103
217.341356
217.342576
217.398801
217.399858
217.478986
217.481906
217.494411
217.555472
217.564814
217.572925
217.646217
217.64871
217.649717
217.65032
217.67806
217.751885
217.756795
217.781986
217.840269
217.920814
217.932822
217.934773
217.962869
217.96801
217.980435
218.00589
218.084581
218.085309
218.102683
218.152966
218.153081
218.166805
218.188724
218.189868
218.20585
218.275259
218.302738
218.320488
218.345515
218.406715
218.416051
218.450224
218.464572
218.467788
218.47473
218.48732
218.579063
218.592272
218.616928
218.654667
218.66194
218.688944
218.776575
218.78734
218.790335
218.800898
218.824435
218.90464
218.912717
218.921585
219.092372
219.100408
219.111102
219.161667
219.208796
219.246871
219.25501
219.271206
219.286384
219.365111
219.370872
219.387481
219.392004
219.406704
219.451052
219.481769
219.490529
219.491653
219.499904
219.541577
219.55241
219.623778
219.647016
219.678343
219.712916
219.840165
219.868561
219.904414
219.987169
220.044834
220.082416
220.102575
220.109006
220.189658
220.209453
220.317636
220.326389
220.369142
220.381821
220.38579
220.429368
220.641038
220.68329
220.693503
220.707101
220.757008
220.816616
220.890161
220.906265
220.966293
220.967497
221.002644
221.139024
221.146845
221.239011
221.356823
221.527726
221.608618
221.633809
221.641428
221.668877
221.69556
221.719114
221.768212
221.873541
222.006643
222.023388
222.024819
222.174452
222.241009
222.376342
222.383208
222.466502
222.493044
222.632244
222.734635
222.84926
223.033676
223.169597
223.318204
223.387577
223.495912
223.501103
223.524853
223.525685
223.628035
223.668714
223.669239
223.697912
223.818713
223.82055
223.866836
223.904478
223.93209
223.960003
224.044408
224.085221
224.155759
224.164014
224.173392
224.213716
224.233531
224.36138
224.460535
224.566444
224.588276
224.802768
224.999571
225.255653
225.481289
225.538239
225.838552
225.92208
226.256736
226.267551
226.494446
226.841647
227.139691
227.174447
227.404297
227.409196
228.082278
228.260083
228.278405
228.408734
228.560726
228.654038
228.696024
228.819046
228.863378
229.040622
229.397135
230.274492
230.469319
230.629747
230.904408
230.925493
231.687618
232.303761
232.479615
232.588434
232.928254
232.955589
233.771256
233.857265
234.047177
234.808118
234.838203
235.104608
235.13554
235.223099
236.273338
236.606066
236.939679
238.188617
238.193214
240.117336
241.521106
242.082184
244.474316
244.720571
245.927713
249.505489
251.984867
252.235683
255.769613
262.986906
264.405804
271.746938
278.379642
292.082545
292.748533
301.757652
309.077038
315.001156
327.565963
366.255016
375.346614
400.058414
421.026331
451.421051
494.472349
538.445589
577.407116
601.94907
611.86906
648.916583
673.566863
690.472846
902.496136
1554.455988
