2.758448
138.369046
143.026243
145.068241
149.784183
149.889794
150.734886
151.023732
151.688738
152.106968
155.806427
156.578204
158.72094
164.859755
166.835611
167.307315
169.34088
170.64538
171.182291
171.540959
171.766896
172.494938
172.993546
173.444602
173.58578
174.006837
174.232957
174.394757
174.523429
175.16919
175.562762
176.143817
178.090336
178.226831
181.361247
182.979689
183.867636
185.089776
186.062509
186.792664
187.519992
189.293927
189.866763
190.42779
192.364942
192.665018
195.204661
196.143132
197.092755
211.288264
363.131308
