1.477032
1.512678
1.649366
7.25805
7.443319
7.486482
7.500391
7.593411
7.654884
7.783344
7.903444
8.583206
8.709453
8.746587
8.776163
9.006778
9.177522
9.261877
9.273551
9.362685
9.657032
9.700816
9.969021
9.992093
10.000597
10.111034
10.129932
10.184432
10.205803
10.25851
10.34253
10.364532
10.48367
10.558629
10.630694
10.651178
10.679289
10.708815
10.884127
10.956874
11.084855
11.116043
11.134193
11.13498
11.338033
11.463322
11.605999
11.699636
11.747187
11.790252
11.814694
11.883175
12.080745
12.113229
12.179744
12.221452
12.223052
12.387158
12.395709
12.514342
12.710313
12.793093
12.841812
13.058209
13.073407
13.118872
13.199771
13.257561
13.262844
13.290165
13.315513
13.34431
13.453343
13.596111
13.601068
13.676481
13.716488
13.781801
13.812231
13.86831
13.902777
14.074707
14.139616
14.150374
14.161009
14.259037
14.419396
14.463188
14.499869
14.527259
14.616846
14.725857
14.752709
14.880154
14.904872
14.997905
15.012305
15.146375
15.164455
15.180024
15.30115
15.356766
15.440645
15.455051
15.6993
15.741271
15.744489
15.826624
15.863021
15.960232
15.960582
15.984787
16.060726
16.096684
16.148016
16.152669
16.197649
16.230341
16.262714
16.381765
16.581644
16.595807
16.745384
16.802569
16.902277
16.916329
17.038889
17.090474
17.115364
17.292592
17.295999
17.296158
17.304502
17.307722
17.652876
17.726635
17.749176
17.998546
18.076688
18.268987
18.336587
18.494004
18.679147
18.877041
18.888992
18.957214
19.04
19.083167
19.109089
19.369248
19.415676
19.598423
19.733461
19.858902
20.098414
20.410096
20.585765
20.830839
20.881781
20.97261
20.996216
21.02807
21.166592
21.256586
21.378664
21.934732
22.117989
23.066841
23.35859
23.492761
23.651356
23.830949
23.877728
23.895943
24.114536
24.190308
24.297213
25.693389
25.922375
26.405703
26.565959
26.765405
27.031847
27.302128
27.308752
27.474219
27.552258
27.559948
28.480087
28.636345
28.866469
29.248742
31.457353
31.825289
32.055586
32.534745
32.771088
32.842927
32.994444
34.158346
34.419952
34.539843
35.617306
36.784911
37.336394
37.350671
37.865167
37.969315
39.157893
39.535272
39.582297
39.614143
40.900031
41.357903
42.199036
42.670314
44.153523
44.524878
44.866433
45.335414
46.298639
46.621371
47.576468
48.010284
50.069247
50.072059
58.749243
62.757793
62.891204
65.188955
67.733324
71.05267
71.719069
71.880903
80.686443
85.184425
93.773485
98.951458
100.315877
102.129599
103.428083
105.542228
106.810773
109.438684
113.024279
113.992183
114.073963
114.859329
114.908347
116.74379
117.510304
117.83187
118.818629
119.480013
119.841004
120.043264
120.442843
120.965612
120.990334
121.946929
122.350822
122.431572
122.556329
122.833883
123.015718
123.039328
123.130497
123.267252
123.539652
123.94213
124.01519
124.089368
124.146197
124.182284
124.313192
124.605253
124.667859
124.718257
124.788492
124.882456
124.895053
124.976737
124.983846
125.014873
125.053973
125.160077
125.48195
125.499127
125.603217
125.817505
125.939379
126.318852
126.350162
126.355785
126.371096
126.741285
126.999483
127.026961
127.27691
127.438562
127.701798
127.741146
127.823898
127.848318
127.85013
127.911719
127.95401
127.959643
128.127605
128.343226
128.375423
128.405106
128.950325
129.042889
129.279573
129.342129
129.534156
129.587766
129.701422
130.033631
130.151289
130.154979
130.201572
130.664808
130.742797
130.884287
131.041123
131.46857
131.831379
131.888591
132.002423
132.007975
132.475258
132.520077
132.580809
132.600203
132.658282
132.696046
133.736564
134.325017
134.408486
134.447627
134.550996
134.637153
134.891984
134.931434
134.995578
135.127859
135.13667
135.18181
135.454446
135.543676
135.663593
136.144165
136.309187
136.389217
136.712797
138.544209
138.92242
138.926525
139.403367
139.610099
140.848005
141.489969
141.753937
142.272468
142.948047
144.336482
145.152296
145.58792
145.628563
145.708613
146.198052
146.244807
146.603593
147.13563
147.378021
147.838067
148.287768
148.510674
148.594125
148.758081
148.821614
149.370531
149.440044
149.499063
149.6211
149.736753
149.979208
150.149368
150.376388
150.820408
150.917324
151.038684
151.10281
151.452876
151.487543
151.614864
151.665992
151.817648
151.866901
152.059661
152.416784
152.498516
152.532646
152.690294
152.809143
152.915814
152.976798
153.634616
153.838676
154.154337
154.663932
154.927206
155.522064
155.605093
156.00176
156.234921
156.378802
156.434728
156.72596
157.008491
157.070674
157.098024
157.232042
158.075541
158.182451
158.384122
158.468107
158.880624
158.930708
159.196733
159.379853
160.061178
160.350388
161.715728
162.393118
162.899808
162.954986
163.24095
164.439567
164.596411
165.646825
166.663451
167.597353
168.709073
168.972631
170.237387
171.396239
171.457853
173.480712
174.510325
174.590019
174.674833
176.779842
177.216348
180.100788
180.298046
180.46863
180.835661
180.990054
181.505256
181.568574
182.345222
182.630292
182.727544
182.771753
182.806142
183.810322
184.065372
184.163048
184.353037
186.136174
186.348949
186.944979
186.974654
186.978998
187.010435
187.697922
187.75493
188.059356
188.351072
188.582828
188.69436
188.760524
188.935756
189.036626
189.049771
189.20347
189.67073
189.756615
189.813316
189.967384
190.383023
190.616576
190.777506
190.859075
190.859358
191.072057
191.390164
191.629073
192.696164
193.756925
193.912786
193.995303
194.103404
194.265745
194.649167
195.146398
195.341433
195.500414
195.611559
195.720533
196.29652
196.528799
196.70317
196.985848
197.502571
197.913995
198.647283
198.892772
198.970191
199.011509
199.165187
199.245195
199.347459
199.397741
199.536662
199.663474
199.674592
200.247075
200.293323
200.487635
200.741171
200.825825
201.120198
201.40132
201.936086
201.98303
203.152032
203.462572
203.530663
203.896452
203.938556
204.339744
204.995282
205.033825
205.491799
206.123171
206.36367
206.99341
207.078513
207.807225
208.207787
208.735826
208.887868
209.981861
210.279099
210.574393
210.98409
211.749257
212.072006
213.028491
213.333516
213.95836
214.316093
214.889038
215.075203
215.266532
215.267336
215.297971
215.501812
215.501948
215.603092
215.633263
215.703186
216.176192
216.526233
216.632534
217.019959
217.395954
217.495241
217.785418
218.128175
218.344537
218.854232
219.061698
219.24123
219.430141
219.81847
220.767452
221.5591
222.100831
224.117548
224.565774
226.460424
226.486688
226.518383
226.700753
227.050273
227.05601
227.650605
229.218065
230.125491
230.295189
230.381195
230.389266
231.120059
231.714991
231.751571
231.875698
232.089189
233.70702
233.828414
233.876228
234.513196
234.705584
235.13621
235.480229
235.607958
236.54048
237.197024
238.730935
241.655225
242.411004
242.557986
243.22596
243.81973
244.53904
244.919836
245.028116
245.13185
245.87322
246.310853
246.731536
246.999259
248.156505
248.34013
250.252627
250.354827
251.071281
251.149835
251.191828
252.009759
252.393251
252.489235
252.953487
254.045018
254.387845
255.040556
255.108696
255.187067
255.822834
256.300612
256.59037
256.809828
257.116152
257.613911
258.192604
259.81779
261.160464
261.481018
261.614998
261.697255
262.091227
262.095948
264.416081
265.040121
266.220685
266.567251
268.119239
268.206695
269.031953
270.133535
270.202537
271.024019
271.053458
271.246563
271.454362
273.080351
273.356487
274.468701
275.010174
275.318938
275.614201
275.794366
277.023852
277.788542
279.025794
279.130093
279.914142
282.508809
284.844405
284.877619
285.907107
286.180354
288.089174
289.193662
289.274772
289.848977
290.705562
291.028495
291.685324
292.254049
294.583035
296.43844
297.178359
297.743386
298.40302
298.856933
300.237195
300.268309
300.4545
300.520901
300.720101
301.327893
301.637482
303.694623
303.792505
304.13198
305.196307
307.489622
307.871402
308.544014
309.076931
309.306398
309.644809
310.382917
310.762008
311.957957
312.546248
312.947567
313.394967
313.667334
313.71716
313.912023
316.324721
317.130061
317.24274
317.320799
317.470754
318.416845
319.478093
319.519444
321.411087
322.023459
322.224024
322.366022
322.367986
322.439064
322.741755
323.972847
324.272762
324.311396
324.35831
324.742277
325.319654
325.66752
325.990245
326.228961
326.236825
326.328922
327.13899
328.126442
329.283229
329.616731
330.013122
330.07432
331.073442
331.348339
332.368483
332.726984
333.518977
333.873724
334.411196
334.775938
335.015607
335.177798
335.586122
336.927177
340.389151
340.954275
341.682308
342.475277
342.931675
343.509576
345.341795
345.788738
346.528741
347.093392
347.18463
348.217708
349.126473
351.694884
352.601749
353.067897
354.419779
354.722913
355.397772
356.878502
364.714282
364.750848
365.013194
368.242416
370.29015
372.868423
379.679474
383.964066
395.466928
396.251905
396.939567
397.209035
401.817234
412.348262
412.564877
415.86244
428.272157
428.70193
428.818107
430.47601
431.091667
431.459567
432.143506
435.329064
436.851269
437.330099
438.251825
438.937651
439.012902
441.318377
443.457684
443.997105
446.823268
449.115335
450.57538
450.621987
453.865658
455.652218
456.882194
457.058873
457.092566
460.42065
465.140352
465.333517
466.166945
472.591811
473.729026
474.458958
475.183665
475.639444
477.643582
479.348562
481.40889
483.18481
486.743369
486.790683
487.671449
489.390115
489.528648
493.476192
493.910692
496.167351
496.368012
499.680238
504.662268
510.979805
512.376645
514.139457
514.347551
516.40241
516.75973
520.443885
521.462072
525.27232
525.285239
526.836805
531.346259
531.73957
532.157606
537.979737
538.013541
540.472521
541.054219
542.962822
543.472915
548.220443
550.154989
553.499411
554.475441
555.560991
555.912918
557.396059
560.564246
566.229541
570.74085
571.123319
572.35305
572.720503
572.881595
574.541941
575.754071
576.599642
577.11386
578.069631
578.159814
578.51769
578.722049
579.386893
580.830481
580.997736
581.221221
582.272877
582.507272
582.905711
583.531196
583.756461
584.044608
584.148456
584.737252
584.934301
585.663999
588.807406
588.918204
588.970827
589.605246
589.667618
589.743625
589.759578
589.775158
590.098799
590.264591
591.809385
592.507996
592.797107
593.381763
593.903692
594.029292
594.234721
597.42661
597.714475
599.143345
600.265911
603.697485
604.341202
605.611317
606.36277
608.021272
608.884368
609.932395
609.933471
610.590641
610.742591
611.46777
611.976481
612.965058
614.509932
615.714709
617.657585
617.997517
618.85583
619.044882
619.681236
620.316715
620.769009
620.896143
622.102765
622.114973
622.564436
623.589776
623.9777
624.374195
626.723087
626.963074
628.112831
628.675643
628.707095
629.382767
631.122745
631.42562
631.595749
632.952911
633.514534
635.605476
636.998836
637.118056
639.340856
640.30139
642.494506
643.133001
645.648717
654.398788
657.595909
657.772295
658.90951
659.604482
660.292404
665.34124
673.6311
674.214878
677.854056
678.233425
678.488453
680.769978
681.422504
681.551982
684.241533
710.081989
710.607865
729.634749
733.333618
733.748654
747.700514
750.97376
751.217431
757.899527
759.466209
768.033079
769.728483
770.341434
771.318716
774.333525
777.484693
780.763726
794.539774
797.894981
805.429051
825.915853
831.978831
834.807983
849.756062
850.436735
851.574653
858.878516
864.835291
869.323678
873.97128
875.282211
884.801162
886.614035
894.548699
897.71512
902.441231
909.376488
914.728483
921.773764
933.642353
939.730184
940.520674
948.639484
949.87582
955.340988
958.359121
965.229946
970.367967
974.337593
979.325469
980.249455
985.683862
988.404636
991.455604
992.202314
992.258175
994.172538
995.177859
996.411995
996.765641
997.301206
999.559031
1000.151333
1001.464536
1002.58938
1007.193897
1008.005737
1008.764858
1016.676796
1022.39923
1023.900976
1027.001651
1027.140293
1029.561301
1029.617528
1030.208676
1032.520846
1033.566173
1035.326316
1036.849839
1038.887757
1045.315991
1046.469195
1046.928516
1047.131649
1052.689433
1056.50835
1061.19465
1063.765012
1072.971137
1075.569977
1077.008834
1081.988901
1083.371607
1088.579203
1093.808225
1107.539388
1113.139951
1116.384746
1118.965308
1126.541929
1127.648652
1130.433044
1130.504882
1130.730059
1133.400881
1136.771075
1146.856756
1148.972962
1151.937189
1157.549279
1174.432711
1184.411856
1186.629615
1187.62904
1198.169199
1199.382359
1226.212117
1236.977671
1250.319376
1267.118787
1291.311511
1299.151345
1299.343314
1353.137001
1363.825556
1371.096358
1377.636474
1384.751756
1392.592916
1398.450708
1398.552764
1412.552479
1416.728449
1423.92999
1474.892811
1480.129003
1492.237074
1506.454275
1531.674634
1536.355212
1564.882892
1664.409327
1690.421147
1697.519346
1783.702876
1784.677029
1822.689491
1843.134283
1856.335841
1871.627156
1882.483503
1889.498381
1907.663977
1910.225477
1911.118375
1956.172422
1967.73864
1973.31879
1998.20181
2006.932503
2014.537221
2014.666493
2036.33952
2038.816388
2039.905779
2041.907341
2048.530455
2055.072665
2056.880263
2060.236856
2061.637445
2063.565767
2067.695292
2067.791205
2068.743307
2068.996475
2070.262899
2072.908064
2073.852662
2075.778108
2077.569853
2077.582612
2078.282872
2081.948464
2087.403392
2089.54098
2093.632667
2094.043713
2094.580086
2096.019334
2099.149145
2102.030752
2102.341335
2103.203105
2106.673936
2115.772525
2117.034289
2119.600699
2121.399687
2122.765326
2123.844451
2125.702767
2128.549592
2137.925024
2147.05762
2150.275642
2156.922378
2174.798917
2175.465934
2178.913295
2179.338545
2184.188223
2189.814227
2191.571583
2196.215266
2204.444263
2206.390424
2208.374432
2209.219056
2219.60963
2219.851551
2220.396265
2226.723807
2233.769631
2236.968416
2239.630561
2241.286305
2247.274123
2249.580751
2252.623975
2253.354649
2268.052961
2271.644277
2272.504598
2274.759862
2280.283968
2287.766259
2300.260543
2305.509833
2306.754908
2312.614982
2319.140135
2329.691022
2342.764516
2345.197378
2359.165896
2371.986314
2384.446602
2389.83938
2393.666582
2396.95214
2403.537693
2405.829573
2407.472669
2407.621558
2414.661146
2419.209896
2466.068864
2479.400504
2508.593425
2515.304032
2535.724325
2537.528563
2552.57707
2553.40535
2558.412806
2607.800848
2617.421883
2621.662887
2624.436769
2629.599703
2667.105499
2673.188711
2678.178408
2679.841835
2688.757571
2737.000292
2738.816068
2747.047322
2764.570405
2768.174635
2769.992101
2783.947144
2787.474957
2787.625522
2802.360961
2804.946434
2814.316486
2815.435842
2878.985211
2882.761126
2882.795595
2884.81751
2895.186088
2897.667765
2899.413742
2909.113325
2912.171331
2930.20898
2935.081866
2945.942261
2947.865555
2952.929525
2971.928317
2971.993057
2972.239677
2985.486465
2987.903549
3013.456871
3028.072747
3028.369181
3033.93916
3042.491739
3042.69941
3050.354557
3065.411913
3076.684801
3104.762826
3111.457308
3113.812493
3120.551047
3128.719092
3131.495204
3134.59738
3141.006405
3143.056758
3143.418124
3146.35157
3154.867988
3166.946591
3169.073037
3171.203905
3179.941326
3183.042918
3197.102601
3202.850518
3205.27229
3207.156078
3209.102927
3211.795746
3213.947739
3216.23782
3216.900671
3217.550236
3219.496247
3221.725429
3222.111978
3225.297519
3228.335315
3231.648799
3232.314106
3233.966034
3238.298204
3242.300065
3243.75032
3244.077353
3244.558885
3249.29996
3253.720838
3255.679768
3256.123044
3257.603167
3264.853989
3277.455856
3284.570706
3285.019179
3289.944831
3291.039807
3294.172553
3315.591175
3321.974609
3322.194446
3325.046391
3330.735882
3337.552384
3338.555607
3339.691708
3342.374133
3342.894045
3346.908893
3350.576528
3357.609104
3363.600596
3385.619997
3387.624084
3413.420441
3419.906636
3420.829486
3421.368462
3434.929802
3436.614386
3440.709292
3446.570076
3447.384308
3458.084718
3462.909632
3489.50066
3495.181788
3497.284178
3507.364964
3520.949082
3521.014593
3527.597475
3531.167572
3532.422241
3534.254101
3544.019823
3544.698505
3575.661747
3583.680318
3588.93164
3592.817911
3623.993878
3627.284065
3642.661387
3643.513444
3658.984665
3670.597501
3692.653385
3694.056359
3703.770899
3712.563499
3725.861947
3738.286646
3767.500006
3770.564325
3780.485304
3780.654888
3802.929584
3821.417405
3824.203854
3828.417375
3829.915716
3842.520789
3843.565647
3855.178444
3860.340744
3865.9558
3878.925982
3892.526529
3899.473133
3899.952812
3901.034647
3914.259412
3918.393185
3918.909509
3923.468748
3923.586962
3930.564586
3932.960171
3940.735278
3942.626926
3943.098302
3946.676653
3949.169677
3954.31024
3962.731912
3965.493432
3973.320168
3984.180341
4065.102986
4105.971235
4107.062367
4133.663699
4134.00457
4134.4238
4137.559174
4164.133004
4164.873518
4180.416404
4190.308431
4190.65826
4239.843078
4250.622271
4275.434974
4279.162214
4287.479608
4305.922165
4318.092206
4323.581503
4425.576071
4429.488602
4438.132445
4456.169402
4464.973356
4481.383441
4489.561013
4508.878966
4512.418278
4534.584344
4539.226059
4561.649035
4568.543057
4575.314334
4630.386963
4651.095354
4654.969857
4668.452166
4677.873086
4690.481708
4691.883416
4710.656196
4720.721822
4725.288771
4729.372382
4748.075324
4762.657221
4766.706186
4768.438573
4777.646937
4780.68524
4798.929538
4814.007359
4823.312708
4829.473228
4837.459605
4844.259724
4847.953059
4849.044804
4867.226654
4909.47275
4911.885765
4912.470393
4936.072106
4963.53329
4995.639844
5005.16547
5006.439435
5015.436066
5024.026372
5029.074872
5049.470874
5054.193689
5054.42185
5060.350162
5060.495595
5066.912399
5069.196474
5070.553489
5075.910147
5077.948761
5116.889909
5117.434439
5127.92131
5148.679151
5154.993537
5171.279672
5172.731131
5183.88028
5192.597438
5199.201239
5234.36816
5239.47179
5308.175515
5317.575044
5318.369815
5324.921886
5343.157764
5359.837122
5382.887465
5416.405604
5417.569282
5424.785121
5446.010332
5446.4043
5461.300758
5467.447166
5493.803636
5517.946772
5535.530858
5582.280032
5619.16781
5673.313849
5693.404077
5700.652933
5754.775199
5766.26275
5846.914336
5866.25658
6020.22482
6057.25489
6091.62306
6202.196665
6278.073734
6570.891594
6795.379808
6842.969754
7056.957444
7227.765457
7485.339889
7744.251145
8144.411869
8940.666876
9418.230294
9590.433718
10800.333762
10800.540197
10801.075578
10801.162132
10801.221881
10801.554241
10801.96595
10802.215532
10802.282842
10802.294961
10802.315392
10802.349438
10802.454787
10802.488836
10802.719338
10802.956899
10803.021727
10803.148122
10804.807092
10805.036929
10805.582572
10813.56062
10813.93456
10814.050398
10817.226995
10817.426459
10817.848405
10818.731206
10819.831014
10828.265577
10835.478136
10842.048777
10843.953547
10844.458491
10845.554019
10846.737391
10846.81677
10847.410502
10847.516218
10847.590793
10847.867261
10847.97031
10847.995145
10848.12122
10848.243851
10848.307295
10848.472109
10848.718721
10848.859292
10849.126
10849.573476
10852.176564
10852.226127
10852.868884
10853.783368
10855.39082
10855.460454
10856.085935
10857.367688
10857.532473
10860.115611
10862.727404
10878.101897
10879.452926
10892.453445
10921.795589
10921.809634
10921.810167
10921.934662
10921.951206
10921.968338
10922.158472
10922.353513
10922.405106
10923.00459
11100.476776
11340.308782
12081.822087
12592.415214
17831.672877
18734.023669
21601.020027
86404.639853
