25.922375
141.753937
142.272468
145.152296
146.198052
146.603593
147.378021
149.370531
149.979208
151.038684
151.665992
152.059661
152.498516
152.809143
152.915814
154.663932
156.234921
157.098024
157.232042
158.880624
163.24095
164.439567
174.674833
180.835661
182.345222
182.630292
184.353037
186.944979
187.010435
188.351072
188.935756
189.67073
189.756615
189.813316
189.967384
190.383023
190.616576
190.777506
190.859358
191.072057
193.756925
193.995303
194.265745
194.649167
195.146398
195.341433
195.500414
196.985848
197.502571
197.913995
199.011509
199.165187
199.245195
199.347459
199.663474
200.247075
201.120198
201.40132
204.995282
206.123171
206.36367
206.99341
208.887868
210.279099
212.072006
213.333516
214.889038
215.266532
215.297971
215.501812
215.501948
216.632534
217.395954
217.495241
217.785418
218.344537
222.100831
227.05601
230.295189
230.381195
230.389266
231.120059
235.480229
235.607958
251.149835
257.116152
259.81779
270.133535
270.202537
271.024019
271.053458
271.246563
271.454362
273.080351
275.318938
277.023852
279.914142
289.274772
296.43844
297.743386
300.237195
300.4545
300.720101
307.871402
313.667334
317.470754
322.023459
322.224024
323.972847
324.272762
324.35831
324.742277
325.990245
326.236825
326.328922
327.13899
329.283229
330.013122
330.07432
331.348339
333.518977
334.411196
336.927177
342.931675
343.509576
351.694884
354.419779
355.397772
356.878502
364.714282
368.242416
370.29015
432.143506
443.457684
512.376645
590.264591
597.42661
604.341202
606.36277
608.884368
609.933471
610.590641
610.742591
611.976481
614.509932
615.714709
617.657585
618.85583
620.316715
620.896143
622.102765
622.114973
622.564436
623.589776
623.9777
624.374195
626.723087
626.963074
628.675643
628.707095
629.382767
631.122745
632.952911
633.514534
635.605476
636.998836
637.118056
639.340856
640.30139
642.494506
643.133001
645.648717
654.398788
677.854056
678.233425
680.769978
681.422504
710.081989
759.466209
771.318716
797.894981
948.639484
958.359121
965.229946
996.411995
1027.140293
1032.520846
1038.887757
1047.131649
1083.371607
1130.730059
1136.771075
1199.382359
1784.677029
1843.134283
1856.335841
1882.483503
1889.498381
1910.225477
1911.118375
1967.73864
2419.209896
2508.593425
2552.57707
2764.570405
2802.360961
3128.719092
3143.056758
3205.27229
3221.725429
3233.966034
3249.29996
3284.570706
3289.944831
3489.50066
3520.949082
3527.597475
3712.563499
5234.36816
10802.215532
10802.282842
10802.294961
10802.315392
10802.349438
10802.454787
10802.488836
10802.719338
10802.956899
10804.807092
10817.848405
10879.452926
10892.453445
