3486.766068
3509.303862
3538.081323
3542.291173
3546.474555
3546.562959
3547.273835
3552.709716
3553.336815
3557.167179
3557.632794
3562.208924
3566.103343
3567.21297
3568.575296
3570.975881
3572.422697
3572.641996
3573.510736
3573.848768
3574.896924
3579.801753
3587.88165
3587.892769
3593.028262
3594.24324
3594.914125
3595.664011
3596.090242
3596.229271
3596.983225
3597.925018
3600.41672
3600.636809
3600.735749
3601.349413
3601.963981
3602.28132
3604.813561
3606.019026
3606.56823
3608.251421
3608.260404
3610.204904
3610.921999
3612.054968
3612.42325
3612.663247
3614.900056
3615.482154
3616.215042
3617.186764
3619.297216
3619.744596
3621.890307
3623.462238
3623.66424
3624.16709
3625.448191
3625.760587
3625.956935
3626.348547
3626.353017
3626.635446
3629.373323
3630.693793
3632.739923
3632.74445
3634.618898
3634.742911
3634.76869
3635.586173
3636.162382
3637.281967
3637.738873
3639.006683
3639.605314
3639.974955
3640.128609
3640.187976
3640.731319
3641.353716
3642.673055
3642.94348
3643.171681
3643.209456
3644.706039
3645.874021
3646.849763
3646.905785
3646.961761
3647.906159
3648.250154
3648.576158
3649.52423
3649.877255
3649.907455
3650.241631
3652.821018
3653.79991
3653.993709
3655.404429
3655.718705
3655.786052
3655.964208
3656.639053
3656.740209
3656.779745
3656.847167
3657.121743
3659.374758
3659.59394
3660.848331
3662.132132
3662.319727
3662.730468
3662.926988
3663.173957
3663.921579
3666.831117
3667.245085
3667.260483
3667.803986
3669.333666
3669.592601
3670.02124
3671.035085
3672.221944
3674.269386
3675.585095
3675.810281
3675.859761
3676.16457
3676.754493
3677.15916
3677.290558
3678.067834
3679.55907
3679.580626
3679.767257
3680.117393
3680.149167
3680.438493
3680.523882
3681.63469
3682.994623
3683.041201
3683.363497
3683.437686
3684.685829
3686.019441
3686.949806
3687.089381
3687.754224
3688.674072
3688.799031
3689.320439
3689.414213
3689.606357
3689.905702
3690.273958
3690.337569
3692.121082
3692.300121
3693.463387
3694.618206
3694.662298
3694.836411
3694.873644
3695.284276
3696.280134
3696.58816
3696.854733
3696.955414
3697.338303
3697.654201
3698.873716
3698.994422
3701.281362
3701.663886
3701.99475
3702.508505
3702.807327
3703.572365
3703.661101
3703.681521
3703.756145
3705.013644
3705.212006
3705.753396
3707.097593
3707.414468
3707.894308
3709.229545
3709.454864
3709.855782
3709.901753
3709.953064
3710.449456
3710.86168
3712.731002
3713.09048
3713.137503
3713.59996
3714.164805
3714.248552
3717.04146
3717.224971
3717.287984
3717.715097
3718.723347
3719.697232
3719.942543
3720.078111
3720.13744
3721.792057
3722.724185
3722.97159
3723.0242
3723.226068
3723.616903
3724.082559
3724.973237
3725.165957
3726.887386
3727.15334
3727.758134
3727.854501
3728.790546
3730.086987
3730.364892
3730.928647
3731.531412
3732.013925
3732.308557
3732.315181
3732.863399
3733.017302
3733.285476
3734.233548
3735.428203
3735.64075
3735.712577
3735.79561
3736.064738
3736.099405
3736.136868
3737.006846
3737.0891
3737.169024
3738.127455
3738.710164
3739.139599
3739.371817
3739.465631
3740.287627
3740.637562
3740.870902
3742.512469
3743.002181
3743.023325
3743.043832
3743.060919
3743.709379
3743.944284
3744.326346
3744.941581
3745.4499
3745.821218
3745.949711
3746.254592
3746.281167
3747.421295
3747.564274
3748.571298
3748.906678
3750.313243
3750.433338
3751.52814
3751.6801
3752.03429
3752.813331
3754.252777
3756.321207
3756.722442
3756.739286
3757.113826
3758.501598
3759.090496
3759.388789
3759.914378
3761.722401
3762.713207
3762.986318
3765.509125
3766.235794
3766.295673
3766.333812
3766.537498
3767.150357
3767.151922
3767.233427
3767.360065
3769.564069
3769.834298
3770.234304
3770.243079
3770.726892
3770.739723
3770.900128
3771.005389
3771.086422
3771.700618
3772.339198
3772.465982
3772.564128
3772.866315
3773.012786
3773.662575
3774.609341
3774.992575
3775.789347
3775.926947
3775.999264
3776.425791
3776.812572
3776.81655
3776.832997
3777.097884
3777.278125
3777.768463
3777.852043
3778.286538
3779.67717
3780.073931
3780.545061
3780.60649
3781.07068
3781.558995
3782.043556
3782.54734
3782.634687
3783.201465
3784.265364
3784.281091
3784.572645
3784.808899
3785.129474
3785.279621
3785.789971
3786.571575
3789.511566
3789.662172
3789.890496
3789.917412
3790.874615
3790.8954
3791.257592
3792.048982
3792.311852
3792.407877
3793.064594
3793.891
3794.525257
3794.844762
3795.042613
3795.224614
3795.481752
3795.584451
3796.355064
3797.379796
3797.425605
3797.575636
3798.005044
3799.430098
3799.698458
3799.724649
3800.997111
3801.147353
3801.579357
3801.833087
3802.080738
3802.850259
3803.03648
3803.1594
3803.478837
3803.616848
3803.858329
3804.347563
3805.16097
3805.424399
3807.302994
3807.65606
3808.11793
3808.231053
3808.510579
3808.658343
3808.819839
3809.020558
3809.212344
3809.709654
3809.751688
3809.793239
3810.548472
3810.726198
3811.27241
3811.337028
3811.513296
3812.105351
3812.470519
3812.752691
3812.897862
3813.225453
3813.835122
3815.653598
3816.132874
3816.319311
3817.03184
3817.505722
3817.512513
3818.03782
3818.295416
3818.673914
3820.414169
3820.795824
3820.896146
3821.164193
3821.478809
3821.727569
3823.796375
3824.327572
3825.413257
3825.49963
3825.595643
3826.062814
3826.363339
3826.374899
3826.43922
3827.009846
3827.848032
3829.474424
3829.759752
3829.888859
3830.072117
3830.790198
3831.356894
3831.68067
3832.292798
3832.393936
3833.850914
3834.55327
3836.128909
3838.15418
3838.70937
3839.570686
3840.520195
3841.425639
3841.676652
3842.046405
3842.258758
3842.301274
3842.481368
3843.466278
3844.370916
3846.572322
3846.936189
3848.072087
3848.128521
3848.249533
3848.327002
3848.954057
3850.237277
3850.351994
3850.757379
3851.017643
3852.01006
3852.128234
3852.180074
3852.28975
3853.111362
3854.062998
3854.741792
3855.162341
3855.879052
3856.085026
3856.791985
3858.321028
3860.303366
3860.692088
3860.749238
3862.052043
3863.80073
3863.824652
3864.118664
3864.313099
3864.459608
3864.500243
3865.100104
3865.136052
3866.399324
3867.142641
3867.23637
3867.369343
3867.515927
3869.092084
3870.088547
3870.712267
3871.653996
3872.17868
3872.205923
3872.958031
3876.754431
3877.072407
3877.182372
3877.260787
3880.384023
3880.869976
3881.208403
3881.620395
3881.665884
3881.777431
3882.117777
3882.375591
3882.645651
3883.55303
3884.073968
3884.346728
3884.759831
3885.042523
3885.602946
3886.180744
3886.338625
3886.910749
3890.522966
3891.746496
3893.69347
3894.152193
3896.722266
3896.91889
3898.523537
3898.876093
3899.365332
3899.424214
3900.327615
3900.440512
3901.285322
3902.365727
3903.024445
3903.285626
3903.932106
3904.737426
3904.890358
3905.80613
3906.520863
3906.54319
3907.230821
3907.419977
3907.925422
3908.691502
3910.903448
3911.462475
3911.559167
3911.58496
3912.811293
3913.553204
3916.689036
3917.059049
3917.222823
3917.370668
3917.514663
3917.894919
3918.333036
3918.35294
3918.556402
3918.880373
3919.521731
3921.437865
3921.48896
3922.895793
3923.476931
3924.443232
3924.856165
3924.895775
3925.089708
3926.296412
3926.93389
3927.765683
3929.597233
3930.119904
3931.209465
3931.422428
3932.018923
3932.411613
3933.195067
3933.354426
3933.488606
3934.336503
3935.332067
3935.620747
3935.688953
3936.242295
3937.178776
3937.970374
3938.976432
3939.443273
3940.06581
3940.285659
3940.74055
3941.414164
3941.531953
3942.445053
3944.634231
3945.045002
3945.218486
3945.547011
3946.380607
3946.607927
3946.752354
3948.483152
3949.349361
3952.204223
3952.85626
3953.369027
3953.879695
3954.321669
3955.018663
3955.289778
3955.493192
3955.616464
3957.555272
3960.387581
3960.458615
3961.209177
3962.684049
3963.343393
3965.281906
3965.880718
3966.487319
3967.549104
3969.162645
3969.290512
3969.40694
3969.518165
3971.162967
3972.628536
3974.088181
3976.099571
3976.281964
3976.944505
3977.86741
3978.475206
3979.8447
3980.228307
3982.214511
3984.051188
3984.362972
3984.662633
3985.258744
3985.861769
3986.029227
3986.488538
3986.687666
3987.001859
3988.119237
3988.224067
3990.112304
3990.233634
3990.772996
3992.702975
3993.840411
3995.90365
3996.290255
3996.512917
3996.754189
3996.969512
3998.434822
3998.55316
3998.794863
4001.573266
4002.060972
4005.121117
4006.465718
4008.431104
4008.656999
4008.902523
4010.295791
4011.032618
4013.747464
4014.962506
4015.07149
4015.350629
4015.583672
4015.706591
4016.077305
4016.164175
4016.645593
4017.31937
4017.533801
4018.521224
4019.042476
4022.50827
4023.138358
4024.423557
4024.551537
4026.039649
4027.538414
4030.4282
4031.81257
4032.693785
4033.272583
4035.19031
4035.911768
4037.422377
4037.931176
4038.105759
4038.276713
4039.005587
4039.052627
4042.510477
4042.74429
4043.216342
4044.947499
4045.224764
4045.696
4046.530442
4047.326929
4047.952901
4052.001646
4052.514631
4052.59075
4054.078374
4056.177306
4057.378072
4057.53162
4060.294071
4060.378743
4061.882335
4062.428471
4063.442073
4068.574125
4069.223947
4069.96652
4071.18993
4071.212172
4071.682185
4072.531947
4072.663029
4073.437808
4074.68167
4076.482339
4077.847018
4081.35871
4082.078568
4084.032624
4085.104999
4085.301006
4085.74102
4086.448541
4086.721789
4088.299981
4088.527574
4093.118749
4094.126326
4094.470585
4095.076688
4095.203319
4095.2053
4096.760792
4098.438029
4098.671883
4099.971224
4100.262698
4102.10715
4102.243511
4104.124021
4104.216152
4108.894787
4109.901668
4111.485114
4113.721017
4114.050088
4115.87846
4115.946742
4115.981028
4116.28895
4118.132374
4118.637268
4119.621693
4119.72685
4123.194323
4124.873662
4126.373482
4126.945812
4127.516675
4128.626676
4130.337019
4130.990522
4131.588555
4132.657904
4132.83851
4133.783801
4133.91739
4134.138699
4134.539885
4134.591429
4134.720354
4135.602534
4135.792717
4135.862948
4137.037924
4137.121642
4138.325327
4138.748976
4138.832346
4139.226675
4139.299185
4140.806847
4141.386676
4142.35314
4142.534007
4142.86323
4143.00241
4143.053189
4143.736375
4144.045287
4144.976033
4146.829893
4147.266168
4148.836066
4148.981644
4149.669298
4149.795348
4150.111009
4151.256139
4151.337205
4152.816271
4153.085126
4153.508281
4155.855735
4156.181878
4156.192844
4156.959868
4157.059627
4157.688736
4157.816852
4158.187906
4158.195274
4158.93521
4159.803916
4161.632204
4161.686667
4162.332075
4162.562293
4162.628482
4162.655579
4163.347553
4163.432515
4163.543272
4163.97417
4165.039691
4166.124873
4166.702761
4167.451074
4167.810286
4168.18253
4168.214299
4169.225433
4170.206466
4170.351993
4170.452811
4172.132659
4173.2029
4173.247283
4174.156761
4174.313637
4174.965297
4174.971598
4175.122889
4176.282442
4177.468238
4177.548858
4178.193431
4180.220043
4180.260532
4180.702077
4180.719014
4180.875422
4182.450356
4182.665622
4182.687305
4182.77489
4182.82255
4183.84607
4184.231522
4184.741071
4185.032615
4185.513916
4186.555559
4186.736301
4186.979278
4187.549156
4189.177597
4189.393962
4190.012977
4190.508204
4191.266689
4192.719377
4193.437736
4193.997627
4194.605207
4195.036391
4197.899173
4198.151019
4198.196784
4198.281839
4200.360149
4200.532884
4200.939152
4201.30541
4202.250263
4202.2617
4202.263811
4202.45652
4202.54591
4202.792642
4204.435204
4204.500655
4205.140401
4205.284013
4205.387264
4206.214226
4206.742887
4207.008386
4207.158546
4209.286349
4209.367364
4209.431578
4210.193802
4210.996731
4212.961248
4213.384283
4214.482578
4214.551219
4214.604461
4215.283057
4215.554197
4215.916133
4216.750836
4217.377706
4217.473841
4217.948253
4218.204067
4218.444725
4218.927507
4219.43154
4219.618967
4219.84645
4220.112138
4220.165319
4220.604038
4220.781066
4221.866937
4222.663796
4224.114403
4224.245381
4225.143673
4225.150816
4226.464049
4226.606621
4227.306995
4228.152613
4228.316639
4228.860223
4229.269905
4230.163442
4230.187335
4230.533443
4232.269993
4232.995111
4234.584576
4235.15319
4236.007001
4237.063983
4237.738466
4238.274336
4238.750011
4239.170334
4240.135146
4240.194442
4240.25507
4240.314842
4240.647568
4241.272854
4241.641723
4242.515928
4244.299722
4244.333491
4244.802433
4245.155925
4245.293011
4245.571832
4247.578063
4248.267779
4248.556546
4248.754304
4248.825365
4249.795011
4249.828432
4249.94873
4250.539753
4251.144852
4251.836959
4251.977906
4252.832093
4252.987232
4253.647681
4254.03717
4254.29898
4254.519579
4255.99499
4257.991533
4258.794962
4259.085986
4259.11511
4260.099604
4261.793074
4262.344271
4262.375852
4263.185497
4264.697515
4264.838106
4265.260845
4266.940033
4269.480171
4269.784787
4271.246719
4272.014198
4272.808666
4273.143935
4273.705166
4273.744165
4273.987212
4274.383802
4275.185396
4275.696102
4275.767825
4276.275617
4276.363279
4276.463881
4277.381669
4279.656548
4281.946379
4282.766012
4283.523535
4285.60435
4286.44974
4287.444055
4287.764671
4287.842449
4287.935523
4288.222343
4289.735112
4292.338792
4293.089275
4295.714186
4295.720734
4295.927949
4298.151011
4298.560851
4298.561592
4298.59934
4298.6505
4298.940969
4299.242332
4299.274882
4299.500774
4299.830688
4299.91117
4300.752846
4300.85107
4302.712126
4303.618922
4304.028136
4304.216152
4307.292993
4308.183195
4308.43872
4308.952795
4309.147388
4310.96338
4313.773738
4317.185346
4317.504623
4317.558719
4319.203535
4319.632956
4320.185225
4320.573803
4321.067824
4321.204525
4321.278491
4321.446804
4321.701948
4321.914771
4322.712705
4325.573485
4325.689315
4326.164194
4332.689603
4336.280464
4338.909751
4338.910859
4341.053134
4341.600955
4341.830595
4343.50165
4343.550115
4343.85792
4345.569216
4346.746856
4352.02689
4354.281728
4356.358975
4357.726335
4361.649743
4365.768363
4366.528267
4367.217705
4370.179593
4370.529359
4371.617381
4372.138006
4372.497163
4376.555574
4376.878937
4376.940775
4377.756376
4379.445641
4382.165341
4383.124792
4387.210116
4387.385512
4388.700741
4388.810761
4391.488366
4393.597903
4396.298256
4397.376656
4401.128585
4401.605484
4401.673392
4403.245733
4405.001761
4405.207585
4407.318765
4413.492775
4417.098567
4417.996871
4418.740234
4421.706798
4421.730438
4422.422916
4425.399577
4427.570378
4429.115701
4432.94606
4437.734414
4440.341819
4441.415912
4443.493696
4445.092659
4447.299212
4447.456854
4450.329908
4453.179569
4454.755682
4459.496968
4462.300272
4462.812351
4463.75445
4470.867858
4472.171608
4472.90269
4473.180452
4476.355735
4478.008121
4478.181431
4486.352626
4487.798204
4489.173798
4492.109173
4492.494276
4494.946611
4505.453148
4505.871563
4507.137426
4507.372085
4517.047798
4517.065124
4521.311239
4523.277677
4523.773532
4527.300375
4529.598123
4531.460061
4531.894411
4533.660397
4535.177956
4537.047207
4539.72296
4540.57112
4541.728765
4543.789436
4545.828918
4547.172577
4548.100778
4550.012461
4551.778119
4552.241942
4554.251976
4554.635859
4558.628209
4562.043025
4562.085637
4565.414766
4565.582887
4566.611662
4566.913645
4572.594955
4573.150128
4576.3674
4579.106279
4581.226885
4583.058534
4585.533734
4585.845046
4589.669261
4590.627684
4601.588679
4603.586442
4609.069091
4611.193978
4611.362514
4618.289009
4624.119964
4625.816683
4635.338792
4637.869878
4655.228891
4681.621741
4685.953752
4686.910755
4691.733312
4692.651601
4701.413248
4704.854661
4710.568597
4712.313097
4713.366594
4716.019017
4719.14172
4723.642846
4727.443062
4729.127139
4732.801141
4734.270321
4743.877706
4746.875444
4748.943655
4753.615835
4754.778078
4757.197839
4757.383832
4759.171537
4759.872925
4760.320058
4767.711693
4767.838401
4773.076194
4775.117699
4775.24724
4776.931879
4777.628638
4777.91171
4781.055359
4782.220191
4782.243719
4782.752068
4783.55201
4784.355436
4784.357706
4785.522652
4787.04994
4789.363377
4792.069159
4792.208971
4792.384621
4794.415577
4794.938914
4796.350798
4796.446731
4797.896883
4798.383918
4800.202073
4801.153613
4802.68425
4803.039786
4803.174197
4804.419242
4806.210159
4806.460491
4808.376237
4809.290129
4810.319426
4811.826246
4814.953988
4815.236803
4816.015776
4816.507148
4816.5764
4817.095454
4817.515271
4817.539487
4817.959741
4818.726052
4818.828864
4819.128622
4819.331179
4820.476333
4820.678873
4820.693853
4820.742212
4821.165485
4821.314809
4821.531208
4823.560142
4823.77986
4824.343944
4824.374974
4825.183019
4825.409113
4825.541711
4825.954629
4826.357859
4826.846229
4827.86086
4828.143237
4828.830076
4829.629339
4829.975288
4830.481256
4830.627998
4831.007891
4831.97524
4832.971958
4833.179468
4834.956855
4835.842205
4836.551032
4836.775082
4836.94542
4837.221894
4837.637923
4838.60468
4838.94915
4839.42603
4839.980682
4841.978266
4843.405761
4843.677006
4843.762931
4844.201886
4844.376137
4844.844267
4845.602729
4846.09103
4846.607452
4847.618478
4847.690974
4847.704023
4847.765097
4848.04297
4848.048924
4848.534153
4848.696046
4849.34412
4849.934872
4851.615868
4852.761455
4852.857284
4854.074857
4854.54563
4854.966352
4855.47005
4855.495843
4855.813984
4856.02069
4856.447701
4857.368045
4857.676868
4858.561687
4859.654087
4859.704471
4859.717942
4859.726749
4860.335145
4861.612921
4861.734292
4861.880507
4862.264333
4863.24142
4863.315615
4863.627781
4864.799151
4864.819537
4865.768111
4866.165471
4866.510025
4866.744059
4866.973582
4867.290746
4867.952384
4868.521554
4869.121785
4869.478269
4869.548977
4869.694254
4869.817156
4869.953542
4870.34141
4870.831047
4871.072667
4871.130068
4871.237433
4871.831474
4872.205977
4872.512809
4872.854643
4873.071386
4873.468747
4873.514262
4873.70634
4873.916967
4874.125838
4874.285839
4875.642008
4875.733159
4876.794067
4876.865176
4876.998863
4877.163859
4877.387309
4877.472152
4877.640112
4877.766659
4877.846299
4877.884997
4877.955956
4878.077791
4878.080941
4878.197178
4878.216412
4878.241486
4878.424501
4879.17814
4879.450355
4880.007745
4880.7156
4880.913785
4881.081658
4881.124727
4881.528675
4881.547647
4881.901803
4882.117513
4882.495762
4882.63456
4882.70652
4883.169031
4883.568352
4883.647946
4883.871309
4884.340041
4884.392335
4884.660097
4884.6913
4885.240704
4885.677359
4886.038377
4886.539823
4887.185893
4887.285278
4887.573721
4888.267815
4888.325672
4889.382069
4889.590945
4889.694988
4889.831843
4890.498621
4891.018393
4891.35198
4891.441176
4891.661156
4891.925731
4892.090439
4892.18571
4892.498585
4893.034969
4893.705573
4893.961327
4895.095503
4895.538598
4895.709419
4895.907632
4896.203218
4896.286201
4896.944313
4896.99584
4897.174861
4897.21582
4897.36898
4897.542351
4897.640081
4897.985483
4898.114954
4898.359807
4898.383962
4898.435642
4898.530094
4898.806077
4899.161284
4899.286809
4899.365748
4900.020745
4900.180366
4900.705218
4901.043379
4901.115441
4901.249488
4901.809493
4902.295891
4902.570279
4902.571651
4902.782047
4903.934514
4903.963047
4904.395294
4904.457823
4905.905359
4906.260539
4906.656929
4906.730734
4907.134455
4907.576182
4907.697486
4907.913697
4908.418753
4908.419494
4908.508866
4908.533987
4908.751415
4908.758934
4908.845848
4908.988947
4909.129974
4909.713889
4909.863781
4910.309111
4910.579459
4910.909662
4911.137461
4911.149373
4911.156816
4912.047356
4912.566995
4912.570805
4912.595807
4913.243408
4913.325749
4913.36309
4913.389076
4913.551091
4913.742518
4913.745168
4913.779289
4914.265224
4914.826702
4914.993338
4916.143774
4916.367629
4916.59981
4917.074755
4917.12171
4917.428827
4917.432628
4917.632512
4917.823101
4917.841406
4918.028751
4918.090889
4918.294543
4918.345633
4918.614607
4918.66846
4918.743043
4918.921209
4919.014083
4919.570495
4920.014448
4920.261943
4920.333041
4920.519087
4920.647677
4920.718982
4921.985509
4922.340923
4922.44461
4922.450696
4922.646328
4922.988806
4922.997548
4923.216378
4923.450714
4923.545446
4923.804409
4923.862735
4924.916397
4925.274722
4925.566426
4925.601673
4925.769886
4926.158481
4926.872664
4927.067136
4927.423548
4927.563468
4928.061248
4928.792487
4928.93738
4928.988292
4929.119708
4929.228706
4929.361158
4929.456823
4929.582273
4929.742541
4929.759402
4930.009025
4930.136546
4930.584061
4930.869909
4931.350281
4931.574958
4932.109973
4932.192404
4932.559686
4932.585475
4932.603
4932.721343
4934.055894
4935.449588
4936.556948
4937.380208
4937.42113
4937.505995
4937.582036
4938.309823
4938.333763
4938.548521
4938.690545
4938.756354
4938.883055
4939.590231
4939.613064
4940.123253
4940.776286
4941.050253
4941.104493
4941.285142
4941.712554
4941.787358
4941.873858
4942.549707
4942.785297
4942.813181
4943.029112
4943.069526
4943.163343
4943.528274
4943.61452
4943.743392
4943.81709
4944.007477
4944.334527
4944.659619
4944.900598
4945.067339
4945.251529
4945.562404
4945.586398
4945.848762
4946.074746
4946.298966
4946.390072
4946.569677
4946.824093
4947.575672
4948.042063
4948.276737
4948.482904
4948.498118
4949.582076
4949.602662
4949.858494
4949.991937
4950.707152
4950.967414
4950.99862
4951.30119
4951.509604
4952.262381
4952.401879
4952.661657
4952.748574
4952.839809
4953.200391
4953.440039
4953.503297
4953.839904
4954.989865
4955.265861
4955.661484
4956.115986
4956.31587
4956.351565
4956.435463
4956.476588
4956.760047
4956.805946
4956.825536
4956.855802
4957.045835
4957.303816
4957.328064
4957.420724
4957.497491
4957.541657
4957.551298
4957.592047
4958.075214
4958.281265
4958.346591
4958.573345
4958.614793
4958.921496
4959.165146
4959.458097
4959.491503
4959.608456
4959.97635
4960.017688
4960.851615
4960.884109
4961.18207
4961.645555
4961.672089
4961.694092
4962.043624
4962.093216
4962.520847
4962.667794
4963.034041
4963.049835
4963.085039
4963.763409
4963.947402
4964.095287
4964.243603
4964.281956
4965.418498
4966.049411
4966.485061
4966.54741
4966.683188
4966.886886
4966.913373
4967.074484
4967.333631
4967.608557
4967.734175
4968.462024
4969.129082
4969.584636
4970.167856
4970.328949
4970.495634
4970.674548
4970.897781
4971.191073
4971.729461
4972.535935
4972.70472
4972.719152
4972.870416
4973.292443
4973.293001
4973.347647
4973.460613
4973.471669
4973.654565
4973.775019
4973.918524
4973.935744
4974.170844
4974.227425
4974.424524
4974.45707
4974.766117
4974.990794
4974.994847
4975.055127
4975.663366
4976.192937
4976.450565
4976.527451
4978.062727
4978.105839
4978.318538
4978.41517
4978.473245
4978.817053
4978.836447
4978.883156
4978.93727
4978.979928
4978.985718
4979.469423
4979.816945
4979.825032
4980.730015
4980.997674
4981.135553
4981.216898
4981.526055
4982.689561
4982.716962
4982.948169
4983.184914
4983.202368
4983.498719
4983.807705
4983.810757
4983.810965
4983.943313
4984.064999
4984.335439
4984.656086
4985.056924
4985.169607
4985.87343
4986.172691
4986.338978
4987.515275
4987.54785
4987.791114
4987.832096
4987.934038
4988.078241
4988.121887
4988.231694
4988.568963
4988.635237
4989.189574
4989.591009
4989.609881
4989.780105
4989.82048
4990.01132
4990.156526
4990.566831
4990.972963
4991.040828
4991.390131
4991.975625
4992.031901
4992.052076
4992.194641
4992.363596
4992.466482
4992.583206
4993.01384
4993.630142
4993.845049
4994.029932
4994.359063
4994.550269
4994.887119
4995.699036
4995.754216
4996.059401
4997.491529
4997.739171
4998.459893
4998.879455
4999.529801
4999.839556
5000.009422
5000.061459
5000.088593
5000.679118
5000.936982
5001.323606
5001.404864
5001.726561
5001.791392
5002.058746
5002.180214
5002.723196
5003.2457
5003.250002
5003.577364
5003.596066
5004.186957
5004.533523
5005.046485
5005.122288
5006.416671
5006.840583
5007.053739
5007.388365
5007.668877
5007.753919
5007.80537
5007.851018
5008.390405
5008.690719
5008.692933
5009.091023
5009.10246
5009.333681
5009.355126
5009.732049
5010.084826
5010.332156
5010.650914
5010.761895
5011.210535
5011.215279
5011.290237
5011.700718
5011.712776
5011.727848
5011.767105
5011.935699
5012.258058
5012.277127
5012.849176
5013.056945
5013.311506
5013.369151
5014.386675
5014.466604
5014.748665
5015.234878
5015.363296
5015.460802
5015.798085
5015.825386
5016.003599
5016.940005
5017.112925
5017.807002
5017.905442
5017.936891
5018.959281
5019.211824
5019.390925
5019.435719
5019.928816
5020.1121
5020.548654
5020.757024
5021.856852
5021.893074
5022.091273
5022.393149
5022.954272
5023.158054
5023.358949
5023.621669
5023.818971
5023.950088
5024.01523
5025.212227
5025.307474
5025.371829
5025.802883
5026.855407
5027.134278
5027.267824
5027.417104
5027.844263
5027.88942
5028.579078
5028.724966
5028.794115
5029.002382
5029.369188
5030.03707
5030.099269
5030.223433
5030.521416
5030.566076
5030.583823
5030.596061
5031.196578
5031.279094
5031.865691
5032.320414
5032.368504
5032.86636
5033.361133
5033.905352
5033.932217
5033.937355
5034.396838
5034.591021
5034.745417
5035.058839
5035.310879
5036.551815
5036.685218
5037.079425
5038.088183
5038.172237
5039.175611
5039.362383
5040.583888
5040.690202
5041.173728
5042.329096
5043.243283
5043.290246
5043.480678
5043.766299
5044.117742
5044.715756
5044.892547
5046.372131
5046.470184
5047.17858
5047.239885
5047.690005
5048.18146
5048.413674
5048.796343
5049.177558
5049.531689
5049.592289
5050.76368
5050.921615
5051.696986
5052.490514
5052.616439
5054.612599
5054.965623
5055.412311
5055.623516
5055.770997
5055.827827
5056.613014
5057.630798
5057.93135
5057.99181
5058.408791
5058.497439
5059.323401
5060.734383
5061.546797
5061.849394
5062.043545
5062.11447
5062.685823
5064.097019
5064.108614
5064.254268
5064.619927
5064.88816
5066.495626
5066.699114
5067.243201
5067.606145
5067.90165
5068.538866
5069.263125
5070.859329
5071.162097
5071.168109
5071.374011
5071.953176
5072.00345
5072.234666
5072.40505
5073.958168
5074.032381
5074.356834
5074.599606
5075.179892
5075.215068
5075.516922
5076.018684
5076.317821
5076.454124
5076.460759
5077.484975
5077.922676
5078.175735
5078.188056
5078.52957
5079.053213
5079.308099
5081.071938
5081.769942
5082.405483
5082.435737
5082.793704
5082.971233
5084.209943
5084.899773
5085.551755
5086.408536
5087.34251
5087.681705
5088.327401
5090.579536
5091.076271
5091.36302
5091.559657
5091.714697
5092.070171
5092.573113
5094.970316
5095.101213
5095.315057
5095.66855
5097.402998
5098.139041
5100.023774
5100.858637
5100.963433
5101.357311
5101.463567
5101.5874
5102.023514
5102.0633
5102.645245
5102.901839
5103.015076
5103.978372
5104.102066
5105.530512
5105.563793
5106.32719
5107.4202
5107.893098
5108.019412
5108.201031
5109.166596
5109.576214
5110.184886
5110.353629
5112.118315
5113.428732
5115.485483
5118.056596
5118.749136
5119.594977
5119.985448
5120.131691
5120.749855
5121.361588
5122.299488
5123.196016
5124.66558
5125.490257
5125.64861
5127.680766
5128.152838
5128.169268
5128.544084
5129.6473
5129.964628
5131.018143
5131.532792
5132.082631
5132.792991
5133.067135
5134.22447
5134.59612
5134.65694
5134.746714
5135.429148
5136.473049
5136.526665
5137.29703
5137.945148
5138.50716
5139.865282
5142.126208
5143.812495
5144.319776
5144.538043
5146.558381
5147.79589
5149.494268
5149.56654
5150.231011
5151.52893
5151.603001
5152.264855
5153.180126
5153.336915
5158.182834
5159.529647
5161.976557
5162.259131
5163.554854
5165.298645
5165.443242
5166.64891
5169.771353
5171.512297
5173.711293
5174.05209
5174.487992
5174.686497
5175.370258
5175.929379
5179.31502
5183.11613
5185.167702
5188.046109
5189.674957
5198.059101
5198.321798
5202.892293
5203.894074
5204.158918
5204.50031
5208.482996
5214.995587
5215.90898
5220.354311
5222.026843
5222.795325
5222.803053
5223.661591
5225.795501
5226.968056
5231.275964
5234.419411
5234.891919
5237.541065
5238.717122
5240.82692
5250.471569
5261.597112
5262.225685
5265.682277
5265.708115
5267.61609
5270.842452
5274.145082
5275.990876
5276.574309
5276.765553
5277.093749
5278.320699
5283.342114
5305.685255
5308.523948
5311.84187
5312.542048
5315.192718
5317.663913
5318.435653
5322.366372
5363.286816
5382.82051
5383.044299
5385.326184
5385.778636
5398.044796
5398.472169
5404.921455
5408.401266
5418.14442
5418.978545
5420.463913
5423.527287
5435.470998
5441.314158
5444.066356
5461.315144
5462.246084
5463.088166
5467.917189
5472.399979
5472.676136
5477.607297
5478.084588
5483.313229
5497.724293
5498.896146
5503.891919
5506.709545
5511.156917
5511.812812
5515.394667
5522.86164
5524.026085
5535.23384
5537.30266
5537.575309
5538.435363
5544.051913
5547.443084
5547.443122
5552.862289
5553.706739
5559.73706
5562.899796
5563.820608
5567.284612
5568.65367
5573.046394
5575.199792
5576.307954
5576.34645
5577.913487
5581.810603
5583.480877
5597.345012
5600.93372
5603.547181
5605.961719
5609.288314
5612.699188
5614.546214
5623.798116
5625.501275
5625.78488
5628.229236
5628.870104
5629.860501
5629.974367
5631.564859
5634.492151
5637.720531
5638.564438
5642.673076
5643.456835
5644.231837
5645.463452
5647.359172
5648.937957
5653.020128
5654.627142
5659.758129
5661.218663
5663.053792
5663.397398
5671.370049
5678.026631
5678.719811
5681.489664
5681.995923
5684.519244
5685.670371
5685.944979
5686.756084
5688.922595
5690.010542
5690.561153
5690.880119
5692.928634
5694.71361
5695.568232
5695.736578
5695.985205
5696.15279
5696.457906
5698.035875
5699.971333
5700.14728
5700.53814
5701.495343
5702.057502
5703.287517
5703.539677
5704.743157
5704.805172
5705.73927
5705.932074
5708.623476
5713.715943
5716.689631
5717.575747
5718.839995
5720.841983
5722.400333
5723.46346
5725.459745
5727.550106
5728.181717
5730.046963
5730.891501
5731.4804
5731.791908
5733.277743
5733.866498
5734.173808
5735.955578
5736.663368
5736.702487
5737.199311
5737.423145
5738.701397
5741.434247
5741.510631
5742.270264
5742.51229
5743.914921
5744.454522
5748.63316
5749.532066
5750.055626
5751.01726
5751.502489
5753.210421
5753.815494
5753.9814
5754.083398
5755.285927
5755.55735
5756.238107
5758.655628
5759.039835
5759.117994
5759.630255
5760.393545
5760.446388
5760.665096
5761.045672
5762.718676
5765.232461
5766.00325
5766.209034
5768.198888
5770.535802
5772.771001
5773.139321
5778.463324
5780.313109
5782.368048
5782.941415
5785.978267
5792.757253
5794.326104
5794.37674
5794.828412
5796.028022
5796.761999
5799.528528
5799.710618
5803.85256
5804.159451
5806.24453
5807.244429
5809.674686
5809.890105
5813.68602
5814.129486
5818.291908
5818.639443
5819.078197
5819.931522
5819.96631
5821.516722
5823.53118
5826.681684
5827.075841
5829.227179
5831.278253
5831.64675
5831.904115
5833.088247
5835.322135
5838.14389
5840.455557
5840.97136
5842.311905
5847.614016
5848.158829
5849.748337
5852.887251
5855.417304
5858.362428
5858.933355
5861.112422
5862.696827
5865.080351
5865.127777
5866.876211
5867.23255
5868.43991
5870.972797
5878.592258
5885.101139
5885.374234
5886.637359
5890.397562
5892.013634
5893.330185
5893.476848
5894.237124
5894.893165
5897.511063
5902.545992
5910.392049
5913.857426
5915.315481
5915.729113
5918.858201
5925.982961
5926.15395
5928.284812
5952.331798
5957.437838
5962.345238
5979.477647
6112.398215
6132.240053
6149.960046
6178.892399
6259.917049
6311.118565
6361.864994
6389.481815
6401.099803
6401.324243
6420.680593
6443.959441
6452.954527
6453.344499
6458.560802
6459.808001
6466.177554
6480.55411
6481.064247
6486.326308
6493.091683
6512.052429
6514.103375
6538.298649
6611.553786
6641.748464
6642.649842
6666.514025
6771.988189
6783.839932
6827.41397
6848.443308
8265.976604
