64.143183
66.348617
95.156783
130.417093
131.922441
133.455687
134.745811
136.193433
140.845884
143.874448
144.184523
146.966494
150.814373
151.132533
161.147219
171.846775
173.857987
173.921089
174.348756
174.692065
174.827038
175.817635
176.11378
176.28978
176.289866
176.32691
177.022042
177.369894
177.403584
177.48404
177.513428
177.938873
177.950323
177.953938
178.095216
178.315698
178.317805
178.730022
178.799915
179.000943
179.184197
179.206062
179.43483
179.445152
179.491319
179.543733
179.715644
179.96283
180.23736
180.447502
180.519798
180.897979
180.910653
181.017924
181.106071
181.11976
181.154275
181.199474
181.235618
181.353772
181.391717
181.520072
181.574227
181.59055
181.607807
181.720582
181.756896
181.839519
182.03532
182.061029
182.322352
182.420745
182.454383
182.60957
182.805605
182.925109
182.936823
182.945957
183.248784
183.38495
183.656009
183.710884
183.831526
183.843229
183.845462
183.896265
183.94033
184.146974
184.281134
184.327292
184.351732
184.381461
184.405281
184.531712
184.574782
184.686908
184.852922
184.867362
184.949141
184.953879
184.996473
185.080984
185.106208
185.171817
185.288776
185.293446
185.315178
185.335862
185.443699
185.549117
185.639813
185.651511
185.654049
185.683348
185.727124
185.812907
185.861952
185.882682
185.914769
186.072866
186.083551
186.265916
186.277723
186.320531
186.393541
186.602364
186.627993
186.649823
186.65655
186.686309
186.737916
186.750915
186.75719
186.799824
186.856886
186.883458
186.88971
186.952332
186.971264
187.033193
187.084218
187.097869
187.216806
187.239101
187.240557
187.333295
187.335686
187.425925
187.442179
187.450261
187.503643
187.51297
187.538276
187.653998
187.698484
187.707794
187.717174
187.736183
187.777128
187.796311
187.824533
187.831008
187.833469
187.860176
187.904176
187.905183
187.936371
187.955707
187.95575
187.979283
187.997944
188.008622
188.035582
188.122064
188.142488
188.147819
188.16441
188.167383
188.185929
188.199315
188.259929
188.27164
188.280625
188.315641
188.336827
188.33804
188.35984
188.36559
188.366578
188.367897
188.397561
188.447272
188.480572
188.518778
188.528779
188.556678
188.634751
188.642883
188.671213
188.672658
188.680822
188.691531
188.737991
188.744925
188.76843
188.771456
188.772862
188.795876
188.802011
188.841975
188.859727
188.892967
188.915617
188.918415
188.918997
188.925835
188.927384
188.942768
189.015342
189.023678
189.108126
189.145034
189.14906
189.156838
189.167263
189.170705
189.211412
189.219253
189.227783
189.235383
189.251669
189.257893
189.29931
189.349128
189.39639
189.404128
189.435915
189.437423
189.454609
189.497935
189.501362
189.533423
189.571323
189.573713
189.610501
189.625122
189.636388
189.648959
189.672776
189.689557
189.691219
189.692761
189.705159
189.709853
189.710372
189.714926
189.72154
189.784098
189.801245
189.819495
189.820522
189.835194
189.844486
189.870045
189.87115
189.874547
189.890778
189.900855
189.921786
189.975646
190.040077
190.044827
190.06503
190.102882
190.108261
190.117534
190.131821
190.186905
190.187025
190.189055
190.194097
190.195929
190.203888
190.21209
190.237248
190.251976
190.29301
190.295732
190.302693
190.308227
190.318468
190.325266
190.327799
190.342953
190.345118
190.355365
190.363804
190.387734
190.388392
190.389015
190.453975
190.461158
190.465501
190.505051
190.508672
190.510017
190.517756
190.54623
190.582474
190.587244
190.608872
190.610414
190.632214
190.649244
190.673717
190.674855
190.679062
190.681522
190.682466
190.6883
190.696485
190.696547
190.706059
190.712009
190.732788
190.742336
190.747152
190.761161
190.763139
190.763413
190.766403
190.800038
190.816481
190.817067
190.831505
190.833737
190.845579
190.913677
190.9171
190.92365
190.933013
190.940395
190.96934
190.979893
190.982767
190.995238
191.010146
191.023576
191.027779
191.030239
191.064738
191.106973
191.112802
191.189218
191.194203
191.204896
191.207055
191.222479
191.223908
191.250989
191.257973
191.267592
191.277906
191.30279
191.314101
191.316849
191.322676
191.369387
191.398505
191.41294
191.414843
191.416096
191.42074
191.42704
191.471033
191.474079
191.502665
191.544718
191.549697
191.557709
191.57915
191.580502
191.595297
191.608842
191.624544
191.675922
191.693548
191.695453
191.723651
191.735422
191.744624
191.760932
191.793543
191.83017
191.836893
191.860712
191.885941
191.893078
191.904301
191.910806
191.92618
191.928212
191.928344
191.938454
191.953131
191.95591
191.960579
191.963358
191.988309
191.993224
192.018319
192.030726
192.042526
192.0604
192.076247
192.081242
192.086183
192.089956
192.099143
192.100415
192.106348
192.120074
192.138108
192.179394
192.207541
192.260721
192.290386
192.299985
192.329276
192.376432
192.383413
192.387567
192.402567
192.411444
192.415453
192.444412
192.446098
192.484181
192.495562
192.509632
192.534636
192.535489
192.543313
192.560772
192.580941
192.584893
192.611047
192.61427
192.639169
192.647308
192.671755
192.709124
192.725108
192.742751
192.758169
192.767229
192.786003
192.812664
192.818347
192.831273
192.832315
192.850021
192.851768
192.856393
192.866549
192.873893
192.884355
192.921902
192.925421
192.94452
192.945473
192.966433
192.979163
192.983442
193.028332
193.028551
193.032491
193.042937
193.086613
193.100854
193.129408
193.143553
193.175632
193.197907
193.214128
193.221857
193.238733
193.255018
193.271993
193.279746
193.285755
193.286712
193.31032
193.343354
193.345161
193.357759
193.369233
193.369851
193.395881
193.403883
193.428145
193.430213
193.436684
193.440215
193.455371
193.463146
193.463629
193.464778
193.46929
193.470059
193.479893
193.479989
193.480299
193.497722
193.503571
193.504268
193.546578
193.573547
193.591267
193.594749
193.596831
193.601146
193.619414
193.624488
193.633528
193.63501
193.636738
193.651369
193.65199
193.654511
193.664749
193.685091
193.694517
193.701198
193.706459
193.708898
193.713143
193.722467
193.734796
193.746441
193.771893
193.777023
193.785453
193.812886
193.840009
193.872855
193.917449
193.919297
193.942672
193.943875
193.958262
193.962529
193.97244
193.995741
194.033388
194.041245
194.083782
194.126637
194.130658
194.133854
194.15904
194.165558
194.188977
194.194279
194.209962
194.23579
194.243554
194.245015
194.255493
194.267614
194.269734
194.276499
194.283128
194.308232
194.326886
194.338842
194.341391
194.343192
194.356138
194.356187
194.407587
194.417022
194.419876
194.434359
194.451778
194.455289
194.486347
194.487535
194.505196
194.516697
194.524204
194.524665
194.543949
194.548832
194.55794
194.566152
194.57017
194.572208
194.582602
194.594174
194.599591
194.642805
194.646446
194.646543
194.663784
194.66437
194.67144
194.681862
194.682519
194.684885
194.686836
194.70138
194.717586
194.726058
194.737865
194.742727
194.759852
194.797617
194.813331
194.834839
194.838957
194.857238
194.857414
194.858388
194.860773
194.862434
194.891424
194.896865
194.900296
194.90577
194.92221
194.92766
194.9291
194.936934
194.956403
194.983526
194.992402
195.007818
195.008013
195.010321
195.011482
195.033701
195.053396
195.064232
195.074078
195.081332
195.096211
195.129501
195.129996
195.152648
195.164373
195.177508
195.19261
195.200296
195.227408
195.234615
195.253169
195.280332
195.304469
195.312353
195.316289
195.32186
195.329071
195.329742
195.334593
195.341084
195.348664
195.351401
195.363534
195.372814
195.378709
195.405229
195.405398
195.408224
195.438552
195.451308
195.451658
195.45396
195.464357
195.467267
195.479479
195.484584
195.487653
195.536235
195.537738
195.554592
195.567706
195.58666
195.594778
195.600636
195.613666
195.613849
195.626911
195.626949
195.630224
195.637542
195.650798
195.653432
195.674471
195.687342
195.729211
195.734575
195.741971
195.742746
195.746351
195.746972
195.755827
195.759396
195.778047
195.77951
195.781299
195.784708
195.786348
195.797226
195.810827
195.839642
195.845667
195.859939
195.867052
195.874242
195.875395
195.87717
195.878191
195.882776
195.888424
195.891302
195.894952
195.905817
195.906762
195.946317
195.960146
195.966781
195.968517
195.969841
195.983105
195.992035
196.000888
196.010397
196.010537
196.027247
196.031778
196.046631
196.046684
196.060669
196.06476
196.065144
196.066986
196.085156
196.087829
196.088757
196.090234
196.096803
196.107377
196.110901
196.125871
196.142538
196.147144
196.149105
196.149518
196.15241
196.154286
196.161047
196.161729
196.177837
196.188889
196.196263
196.207217
196.21179
196.213649
196.21855
196.233294
196.250473
196.258135
196.264263
196.277819
196.288849
196.288924
196.291092
196.294458
196.297678
196.298889
196.30618
196.307717
196.318729
196.319199
196.326166
196.353671
196.374351
196.379235
196.380448
196.399804
196.423775
196.442354
196.451345
196.467058
196.479684
196.4829
196.487498
196.494881
196.506824
196.509204
196.514302
196.526579
196.527986
196.529256
196.547403
196.55155
196.560981
196.570169
196.587178
196.589954
196.597122
196.604683
196.604976
196.611101
196.615315
196.617114
196.633568
196.640201
196.656095
196.659413
196.678434
196.682265
196.68909
196.695287
196.705191
196.707876
196.717972
196.741811
196.761181
196.786765
196.806404
196.81385
196.825882
196.840227
196.847265
196.849295
196.886633
196.890375
196.893204
196.912194
196.919456
196.935434
196.939604
196.942145
196.951961
196.960295
196.96117
196.966976
196.98697
197.000215
197.023141
197.028349
197.043386
197.052727
197.058631
197.065161
197.084556
197.085324
197.093855
197.109983
197.117143
197.12864
197.134162
197.136467
197.142257
197.155911
197.16111
197.171385
197.171847
197.179099
197.186141
197.187704
197.188018
197.196249
197.201861
197.20371
197.206081
197.23261
197.243653
197.245974
197.246298
197.246368
197.256612
197.27527
197.289508
197.297909
197.315979
197.318445
197.318706
197.326633
197.32723
197.327997
197.340395
197.353513
197.355828
197.364546
197.366231
197.371426
197.384808
197.386733
197.389911
197.394258
197.397684
197.397704
197.41234
197.424523
197.426383
197.433104
197.438152
197.440466
197.462534
197.467254
197.468895
197.481225
197.482074
197.483187
197.488819
197.491753
197.495501
197.499872
197.509877
197.513662
197.514719
197.541287
197.54238
197.544449
197.551421
197.557717
197.583011
197.611465
197.611525
197.614436
197.616615
197.637642
197.644962
197.652109
197.683387
197.694456
197.694777
197.712482
197.713798
197.749137
197.759889
197.780558
197.780958
197.781698
197.790492
197.793898
197.804633
197.81591
197.825733
197.840509
197.850664
197.865808
197.867024
197.881634
197.892694
197.894693
197.908485
197.911427
197.929774
197.937537
197.938772
197.945809
197.94753
197.966626
197.97796
197.980964
197.985057
197.989521
197.997642
198.011895
198.015115
198.023942
198.02772
198.03243
198.043472
198.055577
198.065411
198.08106
198.114687
198.129442
198.135317
198.138846
198.144066
198.146423
198.155832
198.16299
198.180625
198.196674
198.202736
198.208351
198.211996
198.221246
198.227485
198.230033
198.233789
198.243722
198.258169
198.284885
198.294763
198.297711
198.302495
198.310563
198.321043
198.336488
198.348033
198.353464
198.368539
198.373529
198.38591
198.391773
198.395475
198.400443
198.421822
198.424638
198.430443
198.433189
198.448627
198.467917
198.498093
198.499702
198.50474
198.51074
198.52416
198.528729
198.53285
198.532865
198.548962
198.556488
198.564158
198.565554
198.573639
198.574426
198.578772
198.583051
198.589424
198.593391
198.599443
198.6004
198.602406
198.613366
198.614301
198.621431
198.622851
198.624458
198.629596
198.634982
198.646888
198.647232
198.656998
198.671192
198.674024
198.709842
198.716784
198.725912
198.730563
198.755432
198.759572
198.762765
198.768001
198.783274
198.799571
198.804548
198.810178
198.819609
198.827287
198.83455
198.840775
198.846083
198.85198
198.857714
198.862883
198.876302
198.879507
198.89585
198.905961
198.920021
198.925842
198.927331
198.943234
198.945397
198.945559
198.948252
198.948553
198.981072
198.985988
198.998161
199.02937
199.041537
199.05963
199.068832
199.074081
199.076128
199.076662
199.080529
199.084565
199.084895
199.09372
199.095872
199.101444
199.102569
199.105342
199.119719
199.123108
199.144517
199.146374
199.149922
199.155037
199.169062
199.2226
199.232158
199.258414
199.265703
199.268984
199.270237
199.275805
199.287518
199.295375
199.305809
199.311141
199.311206
199.339757
199.347066
199.349582
199.355505
199.355902
199.358337
199.363143
199.381964
199.389123
199.397481
199.417207
199.440862
199.465983
199.4812
199.485852
199.489673
199.499053
199.499842
199.511602
199.521904
199.528955
199.541044
199.555066
199.574788
199.578225
199.583488
199.590333
199.595246
199.614144
199.617599
199.619472
199.637232
199.638224
199.639605
199.642237
199.656145
199.656503
199.65872
199.660368
199.665798
199.668692
199.670747
199.68627
199.691413
199.709554
199.717322
199.742526
199.748456
199.758667
199.762162
199.766227
199.770821
199.778012
199.78523
199.826117
199.83407
199.86956
199.879941
199.881444
199.882087
199.882954
199.885941
199.890908
199.92236
199.926651
199.932992
199.94629
199.954573
199.957719
199.964589
199.968545
199.96895
199.975099
199.975266
199.97757
199.986648
199.992582
199.995625
199.996661
199.998104
199.998656
200.006324
200.007363
200.01151
200.028283
200.060988
200.093976
200.112445
200.120111
200.121617
200.122737
200.125668
200.174672
200.189217
200.191325
200.193327
200.194222
200.194894
200.198859
200.199984
200.20182
200.20474
200.205352
200.2067
200.208075
200.21553
200.225636
200.245346
200.263108
200.284063
200.28437
200.287298
200.292327
200.293105
200.307755
200.321114
200.326488
200.326816
200.339973
200.379173
200.384272
200.389758
200.397392
200.400411
200.40615
200.406954
200.409034
200.414107
200.417171
200.420109
200.421119
200.428313
200.434541
200.442021
200.445192
200.445564
200.447346
200.448676
200.449636
200.453349
200.453621
200.463572
200.464847
200.466866
200.470033
200.472779
200.477561
200.479416
200.487266
200.496752
200.526435
200.543469
200.552145
200.56402
200.595862
200.609377
200.611395
200.635735
200.642906
200.644269
200.652579
200.653333
200.657694
200.658163
200.658631
200.681019
200.684161
200.689514
200.695483
200.707783
200.719118
200.724638
200.727751
200.735631
200.739066
200.740399
200.740667
200.743737
200.755831
200.75621
200.761164
200.763286
200.774962
200.780483
200.786368
200.810474
200.817712
200.822692
200.826806
200.827286
200.83186
200.841383
200.843083
200.8706
200.876221
200.878405
200.881059
200.885049
200.886127
200.892761
200.896201
200.916398
200.948864
200.952139
200.96863
200.990018
200.992467
200.993074
200.993605
200.997965
201.001438
201.009339
201.014176
201.016934
201.021598
201.039185
201.043777
201.043858
201.055559
201.059485
201.063533
201.076622
201.085928
201.0985
201.110389
201.112589
201.12223
201.127597
201.146908
201.153663
201.154862
201.183335
201.189558
201.196743
201.20587
201.208358
201.241366
201.245422
201.249067
201.262814
201.263502
201.285957
201.296343
201.299642
201.301197
201.307634
201.308165
201.310028
201.315712
201.321315
201.321732
201.323384
201.327427
201.331242
201.335589
201.351256
201.352174
201.365285
201.370448
201.372826
201.374094
201.374152
201.376138
201.395414
201.399789
201.408889
201.409823
201.418709
201.431836
201.449183
201.455046
201.467201
201.471565
201.473625
201.474717
201.510625
201.520557
201.528825
201.547752
201.554112
201.556816
201.56034
201.561404
201.578748
201.587123
201.595949
201.598804
201.60852
201.622078
201.6451
201.670054
201.677982
201.688506
201.688677
201.714131
201.714795
201.723949
201.743337
201.749813
201.751672
201.757447
201.762377
201.764811
201.767487
201.776226
201.781177
201.800408
201.815858
201.818166
201.819394
201.820179
201.830893
201.838418
201.842383
201.858622
201.860906
201.874242
201.885268
201.890684
201.89369
201.895395
201.899879
201.907868
201.910088
201.920202
201.920768
201.927558
201.957609
201.977228
201.984607
202.000064
202.004706
202.025391
202.033738
202.035276
202.037337
202.037936
202.04349
202.047416
202.048191
202.05041
202.050798
202.060248
202.084955
202.119227
202.132858
202.135649
202.153814
202.156135
202.156324
202.167021
202.172484
202.200872
202.210443
202.214143
202.224284
202.232837
202.233039
202.23341
202.240883
202.243598
202.250731
202.250795
202.260314
202.266695
202.277862
202.291276
202.295656
202.301138
202.302661
202.317244
202.317358
202.335373
202.344528
202.345622
202.351595
202.352925
202.353133
202.355377
202.366569
202.369497
202.376854
202.381613
202.391924
202.401255
202.41963
202.422501
202.427221
202.433893
202.434887
202.440892
202.456479
202.472442
202.482377
202.48469
202.486504
202.488812
202.503071
202.512247
202.526757
202.529354
202.545278
202.550494
202.566673
202.573615
202.577972
202.578961
202.606508
202.608059
202.619765
202.622582
202.629087
202.634719
202.643196
202.643764
202.651088
202.661653
202.675268
202.676299
202.678915
202.679717
202.705097
202.718599
202.718884
202.724518
202.733343
202.740215
202.740684
202.741619
202.745068
202.758091
202.761355
202.762656
202.770821
202.771541
202.788332
202.797293
202.811735
202.814487
202.819281
202.828785
202.835585
202.848447
202.852117
202.857182
202.86873
202.877438
202.878879
202.884121
202.890331
202.905849
202.911908
202.913026
202.926009
202.92828
202.953782
202.960227
202.99289
203.008928
203.011691
203.013744
203.021758
203.027539
203.029516
203.040393
203.051985
203.062231
203.075742
203.07724
203.080598
203.085476
203.089247
203.115809
203.150918
203.159783
203.161508
203.167001
203.170667
203.204357
203.207424
203.21358
203.215134
203.227029
203.234226
203.240739
203.24297
203.252316
203.252493
203.255548
203.25796
203.268717
203.286173
203.289878
203.292548
203.294689
203.312498
203.323951
203.326484
203.350465
203.358701
203.373456
203.380711
203.390772
203.39282
203.404312
203.411568
203.412638
203.415383
203.4353
203.458147
203.465063
203.467796
203.474078
203.476325
203.489354
203.504078
203.50644
203.509713
203.513716
203.514921
203.518176
203.523287
203.530101
203.532232
203.53686
203.559045
203.566669
203.571073
203.582972
203.594079
203.617614
203.62777
203.630896
203.637455
203.639126
203.650713
203.661782
203.665069
203.67309
203.678024
203.689541
203.720673
203.738742
203.747633
203.748109
203.749204
203.75586
203.759851
203.765264
203.765938
203.77613
203.791687
203.792001
203.800099
203.802015
203.813454
203.814864
203.818662
203.829819
203.836642
203.84696
203.861983
203.879091
203.88432
203.894156
203.899753
203.941165
203.947048
203.947048
203.94732
203.959179
203.959833
203.971127
203.975689
203.979207
203.985917
203.993627
204.00231
204.016554
204.025173
204.025232
204.056338
204.099539
204.15875
204.160461
204.174141
204.179653
204.222275
204.22718
204.230906
204.2359
204.248012
204.249689
204.273839
204.274495
204.292296
204.293277
204.307487
204.312125
204.325472
204.325628
204.329243
204.330792
204.332307
204.334388
204.381936
204.384126
204.384474
204.402302
204.407916
204.408244
204.433249
204.434492
204.439193
204.450583
204.459518
204.461645
204.461898
204.50732
204.508698
204.511122
204.531287
204.557966
204.567769
204.576198
204.577986
204.581021
204.5854
204.588313
204.593304
204.59491
204.599732
204.622621
204.634912
204.63663
204.652242
204.673325
204.682679
204.73298
204.739485
204.740052
204.752542
204.759991
204.76923
204.78299
204.791273
204.800281
204.80444
204.819053
204.828481
204.828982
204.85663
204.861092
204.866001
204.873005
204.875852
204.892808
204.897197
204.911054
204.917728
204.918613
204.919987
204.922676
204.938986
204.94824
204.95437
204.958516
204.967175
204.976857
204.997256
204.999474
205.000168
205.008657
205.013885
205.014839
205.015773
205.016039
205.02232
205.028042
205.064365
205.071904
205.073331
205.074712
205.079385
205.080391
205.085181
205.097514
205.103214
205.106639
205.113049
205.127898
205.13184
205.13356
205.135935
205.136707
205.141551
205.142239
205.147044
205.162625
205.173272
205.17603
205.181492
205.1899
205.195218
205.226321
205.232662
205.241817
205.243325
205.250499
205.261256
205.266891
205.269877
205.310677
205.324748
205.335961
205.336347
205.339515
205.376499
205.394777
205.418774
205.439871
205.458562
205.462542
205.479582
205.490153
205.509937
205.511269
205.537874
205.540738
205.544282
205.547519
205.562665
205.58075
205.58156
205.596769
205.600187
205.632968
205.649386
205.650306
205.654622
205.660375
205.664492
205.672029
205.683026
205.713244
205.724425
205.727735
205.749032
205.751262
205.751696
205.754841
205.757299
205.769053
205.77571
205.797395
205.811485
205.880622
205.884047
205.888418
205.892256
205.904752
205.927722
205.946571
205.952287
205.952521
205.967034
205.967361
205.975615
205.978789
205.980609
205.995793
205.996215
206.012613
206.015959
206.017555
206.033102
206.040799
206.045412
206.046185
206.064381
206.078455
206.090236
206.098693
206.119683
206.130495
206.14354
206.148288
206.164641
206.170675
206.184607
206.188617
206.190786
206.191721
206.191765
206.217243
206.228071
206.244949
206.251126
206.265035
206.275154
206.27857
206.284088
206.287222
206.287961
206.297023
206.304404
206.306212
206.307036
206.307309
206.309583
206.328764
206.33884
206.338922
206.345258
206.345726
206.354903
206.354968
206.358372
206.385708
206.394088
206.411344
206.413294
206.420862
206.429369
206.433254
206.440664
206.444763
206.445962
206.455382
206.456137
206.466082
206.476708
206.487768
206.490516
206.499992
206.50197
206.514754
206.516265
206.519469
206.519998
206.55005
206.554021
206.583444
206.587817
206.614596
206.617934
206.631804
206.640644
206.665596
206.668431
206.672393
206.696619
206.697414
206.702032
206.710771
206.721145
206.725522
206.727146
206.727524
206.728037
206.73138
206.738864
206.739186
206.74602
206.746317
206.751859
206.757699
206.761127
206.776188
206.777718
206.783229
206.784488
206.790703
206.795816
206.799111
206.80511
206.812915
206.921173
206.930241
206.932935
206.933376
206.943286
206.980847
206.982781
206.985033
207.011224
207.012777
207.029088
207.034618
207.041456
207.058663
207.059051
207.114407
207.125394
207.145935
207.157156
207.173683
207.176182
207.189258
207.20006
207.216257
207.227641
207.241209
207.294021
207.340435
207.347045
207.354242
207.363963
207.380761
207.388802
207.421229
207.427518
207.456047
207.469533
207.473124
207.480473
207.48244
207.514071
207.526296
207.552363
207.555319
207.557287
207.560965
207.576999
207.586071
207.600928
207.615322
207.618682
207.624112
207.64106
207.655243
207.661207
207.672245
207.675635
207.677404
207.693321
207.694569
207.705586
207.708152
207.714238
207.764371
207.766717
207.781678
207.803666
207.806816
207.806895
207.819305
207.828006
207.910095
207.917579
207.924283
207.934456
207.947699
207.964329
207.974943
208.043961
208.050191
208.059613
208.079168
208.097839
208.101051
208.103868
208.152173
208.162829
208.163509
208.17485
208.186422
208.189015
208.204167
208.209275
208.222512
208.226066
208.256959
208.262819
208.302581
208.308098
208.310156
208.310972
208.326298
208.329847
208.351972
208.360021
208.405464
208.40658
208.41683
208.43331
208.463627
208.48203
208.500921
208.507599
208.539483
208.540859
208.553507
208.55702
208.564031
208.568689
208.571034
208.582685
208.584988
208.588149
208.603228
208.60387
208.641114
208.704199
208.733022
208.738621
208.763106
208.767336
208.770209
208.809693
208.814429
208.816005
208.821521
208.821737
208.824536
208.863759
208.875063
208.899013
208.902216
208.958718
208.96575
208.969751
208.997914
209.013228
209.014339
209.018236
209.021593
209.040935
209.041446
209.050183
209.135237
209.135478
209.136251
209.147239
209.149509
209.157662
209.163464
209.169231
209.175326
209.177195
209.211984
209.214104
209.255408
209.265909
209.268775
209.273388
209.31688
209.335085
209.363366
209.394264
209.446424
209.483508
209.501523
209.516417
209.54111
209.559017
209.567985
209.648445
209.652164
209.652902
209.656932
209.657228
209.666043
209.675788
209.687803
209.728374
209.751251
209.761411
209.770238
209.865382
209.885413
209.88715
209.906655
209.918079
209.925984
209.938387
209.964828
209.9744
209.977552
210.060518
210.081082
210.090586
210.122724
210.140358
210.15672
210.262708
210.298036
210.302212
210.344287
210.362249
210.369257
210.370627
210.377217
210.389973
210.412226
210.451977
210.467385
210.474879
210.481974
210.49595
210.505626
210.5088
210.511743
210.519992
210.586467
210.626597
210.665022
210.679305
210.684448
210.714475
210.736697
210.756361
210.772471
210.859456
210.866095
210.87543
210.933832
210.998493
211.028178
211.058483
211.06873
211.087642
211.110719
211.132394
211.142245
211.194707
211.226102
211.234688
211.271986
211.300921
211.301098
211.305354
211.342296
211.363894
211.372413
211.373895
211.405576
211.43399
211.439376
211.44528
211.472965
211.503257
211.568204
211.593768
211.690341
211.716881
211.784619
211.795525
211.806001
211.866639
211.877943
211.90185
211.979125
211.996603
212.22536
212.294534
212.319442
212.352394
212.372685
212.374607
212.444204
212.645072
212.773716
212.784619
212.815049
212.832155
212.87421
212.941689
212.964044
212.981301
213.025674
213.129203
213.167441
213.17723
213.20678
213.362989
213.499744
213.508778
213.602855
213.647569
213.735631
213.821582
213.842978
213.895265
213.932691
213.966776
214.059164
214.102239
214.379462
214.43002
214.558772
214.779388
214.815024
214.820184
214.830539
215.110028
215.154963
215.170393
215.406326
215.412597
215.475927
215.548172
215.624418
215.678487
216.028723
216.054416
216.10369
216.373209
216.567252
216.579687
216.582
216.590396
216.616261
216.709522
216.725653
216.819687
216.878922
216.890467
216.935013
217.183409
217.295166
217.641938
218.053771
218.208013
218.321673
218.355545
218.797372
219.009648
219.032073
219.046272
219.334401
219.425091
220.022181
220.162802
220.469949
220.480308
220.632695
220.685982
220.701717
220.803542
221.015171
221.071956
221.407981
221.419993
221.592029
221.648206
222.10727
222.107949
222.336457
222.362062
222.460877
223.007651
223.715193
223.780345
224.486735
225.351068
225.71526
226.135536
226.246514
227.762796
228.478236
228.866995
229.165774
231.147506
231.162899
231.254656
231.623809
231.72265
231.762169
232.284057
232.71248
233.592052
234.020388
234.141483
238.579192
238.781022
247.292959
252.426114
266.741232
270.597325
283.264484
287.352187
287.882258
308.521462
309.278794
325.069726
326.884139
386.140159
396.449456
472.624489
579.555291
746.604812
