196.680937
198.2599
200.48654
211.428265
214.269456
217.995738
222.047099
223.952997
224.644268
228.416227
229.613763
234.769202
235.242064
237.799367
239.683551
240.531862
240.733745
242.182319
243.502792
243.994282
244.421093
244.671037
244.99349
246.946503
247.462922
248.057574
248.674758
250.996352
254.580261
256.210762
260.925384
261.804027
262.874537
265.847837
267.89142
270.091875
275.290259
275.658799
276.236242
277.876534
277.919855
278.001287
278.787853
280.151797
280.185188
280.194852
281.308572
281.343693
281.387545
281.470183
281.558951
281.5591
281.566036
282.242609
282.443134
282.672673
282.855253
282.995648
283.204388
283.210723
283.22615
283.441173
283.591217
283.674041
283.70876
283.865978
283.868846
283.900427
283.906687
283.941554
283.996849
284.080008
284.161094
284.481665
284.632507
284.63529
284.731477
284.753314
284.800802
284.830297
284.923079
284.955202
285.011523
285.055642
285.05627
285.125367
285.133056
285.171281
285.216881
285.246362
285.28458
285.358034
285.410273
285.598828
285.613073
285.622136
285.679252
285.736563
285.739268
285.767156
285.778395
285.815784
285.831563
285.890089
285.919723
285.922533
285.969818
285.97364
285.983927
286.084681
286.113526
286.163
286.187344
286.22274
286.232203
286.243656
286.246463
286.333678
286.353928
286.365334
286.371712
286.409877
286.435315
286.436757
286.438078
286.522434
286.590459
286.594458
286.619925
286.633913
286.658395
286.680963
286.744381
286.815335
286.865435
286.88875
286.929015
286.968937
287.031895
287.117514
287.198602
287.205406
287.254996
287.302857
287.307202
287.340709
287.351812
287.353043
287.408446
287.423165
287.428329
287.435998
287.485919
287.497943
287.511641
287.528921
287.542524
287.552181
287.553167
287.604385
287.631577
287.633695
287.634935
287.678982
287.68796
287.694733
287.720574
287.730444
287.766437
287.771524
287.875979
287.969389
287.986713
288.002207
288.012408
288.085209
288.086598
288.097581
288.112293
288.112452
288.244355
288.330958
288.343376
288.357282
288.364193
288.394281
288.394372
288.437631
288.44819
288.475444
288.504238
288.520954
288.552958
288.642789
288.651472
288.706058
288.748404
288.756066
288.810568
288.859392
288.878792
288.884233
288.889807
288.890947
288.909385
288.924884
288.940708
288.943368
288.955626
288.971275
288.986713
289.101117
289.105156
289.117792
289.120229
289.143784
289.144718
289.145325
289.152879
289.239935
289.262768
289.295647
289.316063
289.346891
289.353538
289.404744
289.437639
289.447203
289.454241
289.485746
289.493712
289.503615
289.511896
289.547516
289.567949
289.580004
289.587684
289.589597
289.600336
289.635876
289.655323
289.74347
289.77086
289.77441
289.774524
289.814801
289.822499
289.863614
289.908051
289.908761
289.91267
289.945075
289.95477
289.959413
289.959808
289.966153
290.006692
290.01401
290.019327
290.029798
290.055166
290.058719
290.058873
290.059461
290.076801
290.080298
290.102969
290.129573
290.209219
290.230857
290.250539
290.251816
290.252376
290.255306
290.294841
290.379255
290.430109
290.432292
290.452105
290.461945
290.476609
290.47893
290.484551
290.484968
290.496273
290.530933
290.539959
290.540438
290.541512
290.548355
290.559343
290.561509
290.570272
290.578637
290.582125
290.604533
290.617394
290.655168
290.67263
290.67978
290.70425
290.721263
290.743016
290.743081
290.749158
290.777724
290.792005
290.804626
290.825921
290.827946
290.874159
290.875771
290.895421
290.928777
290.957586
290.959177
290.964108
291.017274
291.021462
291.022521
291.033232
291.079795
291.094964
291.224111
291.224222
291.225422
291.245067
291.249191
291.341522
291.356637
291.377404
291.378578
291.383704
291.392063
291.394807
291.429161
291.429315
291.44911
291.464365
291.474639
291.477706
291.485402
291.511635
291.563187
291.570147
291.572317
291.586185
291.594269
291.594347
291.605107
291.627515
291.650226
291.662773
291.665942
291.666892
291.677592
291.682832
291.717954
291.741184
291.763218
291.766076
291.779211
291.799874
291.805321
291.813302
291.837302
291.839736
291.864151
291.86897
291.876065
291.878708
291.908343
291.908926
291.917229
291.922059
291.9566
291.98783
291.988698
291.993493
292.03763
292.079904
292.081472
292.096011
292.096738
292.107531
292.109609
292.152888
292.159953
292.171145
292.17422
292.179269
292.183377
292.189158
292.213235
292.236582
292.24246
292.248223
292.279701
292.305311
292.323754
292.325587
292.328837
292.344839
292.352762
292.354736
292.366037
292.381741
292.416246
292.454252
292.467998
292.473709
292.500743
292.50509
292.513296
292.521847
292.53007
292.533396
292.544455
292.556518
292.566107
292.577657
292.591827
292.610437
292.615918
292.630051
292.645101
292.646693
292.660445
292.660859
292.672829
292.674643
292.683182
292.684352
292.696592
292.702421
292.7114
292.71818
292.755466
292.755596
292.769368
292.790081
292.810029
292.820046
292.820625
292.825837
292.828588
292.844604
292.865638
292.879691
292.880925
292.883327
292.894473
292.900978
292.90858
292.915728
292.941983
292.985164
292.985642
293.000501
293.023703
293.033996
293.050486
293.053229
293.058162
293.064198
293.064365
293.127229
293.130547
293.130571
293.167018
293.174479
293.175894
293.195098
293.196769
293.201701
293.215555
293.247585
293.248742
293.277879
293.279128
293.321311
293.325088
293.327681
293.351072
293.356031
293.356075
293.356144
293.367236
293.378891
293.39651
293.398085
293.406775
293.441673
293.443219
293.450545
293.460239
293.461964
293.475227
293.487006
293.522176
293.534068
293.53628
293.559426
293.565098
293.572723
293.582306
293.591832
293.592374
293.602385
293.613033
293.615786
293.619439
293.628985
293.646072
293.648324
293.648654
293.653001
293.659108
293.670586
293.678202
293.6848
293.694883
293.706834
293.707021
293.708706
293.718074
293.724986
293.72617
293.734325
293.736449
293.748333
293.766543
293.79031
293.798841
293.812727
293.815606
293.843276
293.848995
293.862738
293.864675
293.86959
293.878896
293.892734
293.905125
293.909856
293.911687
293.922878
293.926291
293.936499
293.943914
293.947276
293.962018
293.970848
293.971324
293.988102
293.994545
294.014143
294.044207
294.051958
294.062033
294.068569
294.0746
294.082203
294.112666
294.118561
294.129687
294.130766
294.149173
294.153044
294.172197
294.179742
294.207991
294.212013
294.212315
294.222515
294.233756
294.249607
294.261434
294.262019
294.26492
294.269132
294.284731
294.29691
294.3048
294.316072
294.323301
294.34992
294.387445
294.41055
294.420669
294.437969
294.472604
294.490058
294.508135
294.510778
294.517616
294.540913
294.54675
294.575838
294.581601
294.583493
294.596401
294.603309
294.603922
294.6236
294.624332
294.646697
294.657865
294.663666
294.670851
294.677285
294.687715
294.704867
294.71388
294.726259
294.726781
294.729694
294.730934
294.733507
294.743493
294.744303
294.765873
294.769478
294.774875
294.779333
294.797781
294.818041
294.824024
294.838757
294.842871
294.870436
294.876069
294.902565
294.904114
294.913668
294.91817
294.932064
294.934339
294.941001
294.943026
294.956321
294.966004
294.968705
294.980536
294.984446
294.988276
294.992525
295.012185
295.016955
295.038001
295.038801
295.064075
295.071815
295.117647
295.118041
295.118419
295.119706
295.12752
295.1344
295.137762
295.160659
295.165194
295.170187
295.181434
295.196266
295.218397
295.223304
295.233786
295.288167
295.300305
295.306
295.317142
295.333107
295.358498
295.36175
295.374175
295.392204
295.400625
295.40506
295.415269
295.420242
295.423522
295.435848
295.436831
295.471991
295.478823
295.489838
295.494645
295.494831
295.50573
295.53544
295.537275
295.544996
295.545924
295.550114
295.556461
295.564436
295.58091
295.58117
295.588267
295.632904
295.665287
295.683343
295.693305
295.729793
295.73139
295.742258
295.743695
295.773962
295.793825
295.803273
295.806847
295.810284
295.81677
295.824728
295.849647
295.850256
295.865572
295.866165
295.872828
295.881277
295.890661
295.895782
295.908656
295.922972
295.937431
295.945645
295.947136
295.956467
295.959565
295.965188
295.968845
295.969702
295.980914
296.01482
296.018333
296.022652
296.023506
296.034462
296.048436
296.049709
296.054433
296.070465
296.074564
296.084917
296.11377
296.12919
296.134476
296.145871
296.149774
296.153399
296.15989
296.162873
296.16962
296.175483
296.176591
296.218086
296.225415
296.236042
296.250041
296.25851
296.289923
296.292156
296.292222
296.298342
296.317516
296.320281
296.347244
296.349651
296.359375
296.388386
296.391826
296.3922
296.396743
296.399112
296.402868
296.432
296.43857
296.452679
296.456497
296.473644
296.478817
296.484236
296.488667
296.489592
296.494844
296.505642
296.517796
296.528539
296.53321
296.538064
296.548315
296.553429
296.561688
296.563585
296.575798
296.576359
296.589716
296.602546
296.615378
296.619878
296.622641
296.630296
296.637317
296.645833
296.646432
296.652039
296.674308
296.678511
296.679037
296.683786
296.689697
296.703904
296.706259
296.720497
296.739842
296.7403
296.76359
296.774828
296.779886
296.781073
296.785247
296.785997
296.796154
296.797913
296.798344
296.798697
296.802479
296.820673
296.828412
296.835082
296.83956
296.840625
296.851095
296.864654
296.882612
296.883051
296.886777
296.888486
296.890191
296.896359
296.897682
296.903625
296.907391
296.915643
296.919995
296.930791
296.932464
296.950929
296.951523
296.969176
296.970121
296.974247
296.974345
296.975943
296.986795
296.989684
296.991738
296.992579
297.005133
297.01447
297.014788
297.019238
297.022564
297.026889
297.028081
297.035317
297.055219
297.070241
297.076143
297.087229
297.100524
297.102727
297.108607
297.112258
297.123084
297.126725
297.132108
297.133225
297.143315
297.15069
297.184178
297.192651
297.197962
297.205953
297.214198
297.217337
297.234135
297.243657
297.246212
297.251321
297.256755
297.257789
297.278468
297.280806
297.281778
297.305377
297.332078
297.346685
297.349066
297.364242
297.393921
297.394749
297.407535
297.414515
297.425159
297.426038
297.426438
297.431131
297.436755
297.448148
297.471798
297.472744
297.481645
297.496463
297.505919
297.506836
297.514889
297.518678
297.525582
297.528793
297.529002
297.535408
297.540147
297.551123
297.556059
297.568052
297.568933
297.576003
297.576333
297.589543
297.597213
297.63036
297.631564
297.637981
297.65109
297.68599
297.698492
297.719219
297.722472
297.723013
297.72442
297.724601
297.725233
297.760608
297.766775
297.776893
297.781854
297.788075
297.791097
297.79502
297.799472
297.807393
297.826906
297.842917
297.851493
297.869596
297.873007
297.876536
297.922871
297.933157
297.93424
297.947456
297.948664
297.954074
297.959605
297.96712
297.969041
297.975301
297.981195
297.986993
297.98803
297.992752
297.996142
297.998515
298.006917
298.011276
298.016018
298.0272
298.04383
298.044315
298.092467
298.109315
298.110725
298.11571
298.14695
298.158007
298.164737
298.167049
298.168899
298.170416
298.176851
298.179694
298.181056
298.18343
298.195885
298.202036
298.20887
298.219638
298.21985
298.221073
298.241159
298.260799
298.261735
298.264294
298.270039
298.273641
298.287144
298.288744
298.30818
298.315193
298.317087
298.317199
298.328857
298.329785
298.335842
298.336285
298.346843
298.356586
298.397043
298.414482
298.41569
298.426188
298.431702
298.43783
298.442979
298.443412
298.465283
298.466454
298.474831
298.475497
298.477009
298.485699
298.488489
298.49598
298.498424
298.500955
298.503532
298.50497
298.522612
298.533545
298.537043
298.537452
298.538452
298.562359
298.573012
298.580104
298.587783
298.588977
298.589284
298.589429
298.594052
298.605338
298.61237
298.613012
298.615531
298.616408
298.61765
298.632626
298.639836
298.645299
298.646592
298.656849
298.658574
298.667507
298.669938
298.678536
298.693624
298.705032
298.706072
298.714259
298.716206
298.726074
298.738873
298.748417
298.76634
298.773849
298.785503
298.802224
298.802372
298.807185
298.811186
298.821371
298.84056
298.841227
298.842143
298.86213
298.873379
298.87745
298.892476
298.902386
298.911003
298.936772
298.938088
298.970142
298.971391
298.974696
298.980541
298.986092
298.988698
299.002065
299.002952
299.004974
299.011611
299.017362
299.021865
299.025649
299.033263
299.048922
299.082537
299.111967
299.112616
299.124115
299.127513
299.141621
299.148116
299.150629
299.16858
299.174649
299.175656
299.178439
299.180723
299.19178
299.19343
299.201646
299.202019
299.208573
299.240667
299.254107
299.256716
299.257832
299.258841
299.269842
299.284647
299.287063
299.300683
299.303386
299.303614
299.303886
299.313164
299.319248
299.330038
299.333479
299.335338
299.351057
299.352696
299.354499
299.374536
299.395836
299.396417
299.408186
299.409926
299.420303
299.422351
299.425602
299.431354
299.443911
299.449182
299.456279
299.458771
299.46869
299.476884
299.509986
299.515792
299.520218
299.522701
299.525615
299.54428
299.568524
299.576446
299.589631
299.622195
299.625833
299.648925
299.64948
299.672049
299.672117
299.672923
299.685145
299.686006
299.68652
299.703608
299.707549
299.72226
299.743638
299.744073
299.747341
299.753063
299.765664
299.766999
299.787833
299.800844
299.81889
299.822362
299.83374
299.855001
299.855154
299.858923
299.860462
299.887941
299.908692
299.90885
299.912905
299.9153
299.920679
299.92224
299.930101
299.93191
299.933254
299.934897
299.94191
299.942001
299.94863
299.964469
299.971927
299.973605
299.979268
299.987161
299.995929
299.998403
300.001335
300.022149
300.033228
300.036844
300.039629
300.040786
300.045686
300.051816
300.052514
300.059075
300.072568
300.080262
300.091776
300.093053
300.093509
300.098705
300.109305
300.115395
300.118411
300.126648
300.132761
300.13579
300.142824
300.146618
300.149701
300.152202
300.153578
300.168819
300.170465
300.174236
300.187175
300.20168
300.213032
300.221075
300.232347
300.242195
300.242884
300.244606
300.26679
300.274891
300.295325
300.296244
300.297662
300.305629
300.306803
300.321098
300.339602
300.375426
300.375706
300.387378
300.387899
300.397546
300.403135
300.410919
300.411445
300.428243
300.434071
300.435154
300.435721
300.461047
300.463192
300.475349
300.494898
300.496936
300.497993
300.500081
300.500882
300.52459
300.528462
300.540906
300.555355
300.570183
300.583474
300.629529
300.640655
300.642578
300.644942
300.644967
300.648287
300.650973
300.668206
300.674224
300.680427
300.681362
300.708094
300.709314
300.711769
300.712696
300.713694
300.717373
300.740773
300.75689
300.760809
300.763968
300.769771
300.781061
300.786865
300.802745
300.815387
300.816594
300.825985
300.829887
300.853195
300.855766
300.860823
300.866166
300.871809
300.876712
300.878448
300.888075
300.890819
300.894137
300.897539
300.89971
300.900149
300.905129
300.914103
300.93892
300.940676
300.96677
300.968709
301.010609
301.018236
301.0218
301.028294
301.044675
301.045844
301.047019
301.064962
301.081547
301.092517
301.093098
301.100885
301.103453
301.130611
301.141034
301.142763
301.160176
301.172762
301.178993
301.185316
301.19095
301.193611
301.210399
301.21444
301.239096
301.243143
301.243887
301.247706
301.25063
301.250855
301.257482
301.257886
301.264085
301.276149
301.285373
301.294787
301.298744
301.301114
301.304156
301.307976
301.314178
301.315589
301.338086
301.339337
301.366568
301.368826
301.374921
301.408228
301.429485
301.430084
301.443504
301.456549
301.459082
301.459158
301.464308
301.476469
301.488836
301.490996
301.496281
301.514298
301.519499
301.526177
301.537126
301.543868
301.547559
301.55444
301.561775
301.567603
301.581619
301.591009
301.592586
301.59363
301.601961
301.618822
301.625239
301.627939
301.631145
301.631154
301.63373
301.655142
301.668471
301.671792
301.67643
301.677551
301.689981
301.693742
301.718153
301.719859
301.72009
301.72734
301.733261
301.74791
301.752156
301.765239
301.787259
301.809119
301.819005
301.822183
301.823857
301.842335
301.84369
301.846611
301.854314
301.868194
301.872525
301.874256
301.882557
301.887568
301.895931
301.901969
301.912099
301.912539
301.916108
301.921585
301.927448
301.934243
301.93611
301.939636
301.949444
301.968719
301.969946
301.971588
301.983039
302.014737
302.027834
302.044444
302.049365
302.049693
302.055269
302.060375
302.065105
302.069425
302.076339
302.079986
302.087715
302.100377
302.113547
302.116309
302.1175
302.122372
302.141403
302.157134
302.166789
302.171422
302.176239
302.185263
302.197291
302.213392
302.222825
302.225759
302.254195
302.259232
302.262532
302.264704
302.273848
302.274785
302.277838
302.289631
302.299032
302.299917
302.300572
302.310375
302.32433
302.333797
302.35277
302.378858
302.383221
302.393275
302.398556
302.411737
302.419018
302.428178
302.428765
302.439097
302.445424
302.456808
302.493524
302.497271
302.499518
302.500951
302.520794
302.533668
302.536277
302.540127
302.540265
302.544607
302.553232
302.558056
302.558598
302.559004
302.569808
302.573256
302.574996
302.584772
302.595987
302.63558
302.636302
302.637676
302.652713
302.654953
302.656183
302.658044
302.673801
302.680628
302.68553
302.692306
302.699013
302.701638
302.709368
302.712995
302.719359
302.728159
302.7374
302.741696
302.745174
302.766326
302.766434
302.77468
302.784833
302.789364
302.79091
302.793529
302.800263
302.818962
302.835187
302.841963
302.84337
302.86029
302.862204
302.868508
302.886461
302.892519
302.896133
302.897174
302.897443
302.909293
302.91539
302.916698
302.917224
302.920009
302.926896
302.930982
302.945943
302.951118
302.955059
302.966156
302.973065
302.982728
302.993978
303.010784
303.014637
303.017326
303.02749
303.029184
303.030516
303.078054
303.087436
303.088045
303.088727
303.117114
303.117159
303.118682
303.120318
303.145651
303.150708
303.15815
303.166615
303.201385
303.203106
303.204627
303.210279
303.222383
303.231813
303.236286
303.256087
303.272401
303.281876
303.289813
303.292688
303.302846
303.30358
303.314911
303.316782
303.317622
303.318778
303.343319
303.359108
303.375287
303.402504
303.413865
303.420655
303.436684
303.437796
303.439322
303.465438
303.474488
303.494031
303.524387
303.536845
303.542858
303.545602
303.553584
303.555347
303.573294
303.575306
303.587307
303.587531
303.588579
303.604922
303.605528
303.622994
303.623249
303.634256
303.634568
303.641137
303.644989
303.650034
303.6529
303.669414
303.669544
303.678852
303.6801
303.680863
303.690845
303.702239
303.707728
303.716726
303.72696
303.733377
303.742233
303.74794
303.748425
303.752781
303.763506
303.765825
303.780923
303.786219
303.804115
303.812098
303.815075
303.823851
303.826002
303.832586
303.833294
303.838755
303.8525
303.85936
303.861507
303.86942
303.882393
303.899137
303.901807
303.913544
303.916397
303.936578
303.938014
303.941925
303.941971
303.943224
303.950428
303.954348
303.970134
303.977738
303.979235
304.012483
304.016374
304.028853
304.037838
304.058834
304.066789
304.080392
304.087731
304.106146
304.10616
304.133364
304.136934
304.145778
304.162176
304.179094
304.193252
304.198595
304.199094
304.200644
304.21487
304.218259
304.22744
304.249656
304.257062
304.264906
304.267459
304.300427
304.303123
304.306862
304.309674
304.328444
304.348504
304.349248
304.352911
304.354919
304.367392
304.385581
304.387465
304.393516
304.399264
304.418492
304.421707
304.429486
304.443316
304.44378
304.446973
304.453679
304.461862
304.481479
304.482727
304.488646
304.48922
304.495837
304.504155
304.512556
304.515254
304.520688
304.534452
304.537358
304.538008
304.549996
304.555906
304.572243
304.581077
304.600828
304.604004
304.617767
304.640741
304.642853
304.655635
304.65858
304.683121
304.688593
304.689497
304.708327
304.71785
304.731563
304.748534
304.763063
304.797408
304.801408
304.801446
304.802273
304.833564
304.835094
304.864429
304.868064
304.876916
304.89188
304.900879
304.908514
304.913769
304.93754
304.948388
304.954985
304.963532
304.974647
304.993329
304.999162
305.019019
305.04985
305.063065
305.083443
305.09911
305.112412
305.135526
305.138423
305.149849
305.152228
305.153983
305.186049
305.188989
305.191591
305.194161
305.194552
305.196975
305.201065
305.203394
305.222314
305.236102
305.260031
305.261537
305.267895
305.268683
305.32098
305.326692
305.346742
305.351155
305.351165
305.355133
305.373245
305.374708
305.411273
305.412271
305.439311
305.496654
305.546081
305.551191
305.566401
305.571477
305.572593
305.575052
305.582636
305.585615
305.586058
305.590476
305.59647
305.606423
305.616695
305.654096
305.654277
305.673548
305.676192
305.701239
305.706886
305.723609
305.729082
305.731787
305.733645
305.736919
305.74004
305.753214
305.761371
305.775197
305.777783
305.782563
305.793517
305.797151
305.799468
305.810207
305.858806
305.864914
305.909513
305.911142
305.927721
305.932591
305.93734
305.937481
305.960779
305.987073
306.002093
306.014283
306.015785
306.037885
306.065476
306.069616
306.071667
306.078988
306.106949
306.109869
306.116841
306.137399
306.141368
306.148078
306.14868
306.162119
306.162361
306.16829
306.180525
306.18512
306.212071
306.247394
306.254976
306.255348
306.263099
306.274922
306.278848
306.279733
306.299662
306.308126
306.323177
306.345639
306.355319
306.37733
306.383913
306.385546
306.418146
306.441783
306.450118
306.461423
306.476692
306.493396
306.499618
306.509237
306.517344
306.559863
306.56136
306.563586
306.594028
306.594353
306.594577
306.621012
306.621452
306.632961
306.649713
306.665775
306.679096
306.682127
306.708917
306.73132
306.747953
306.759961
306.76088
306.765535
306.803391
306.805621
306.807139
306.807558
306.810455
306.812878
306.829681
306.830668
306.836392
306.84247
306.885079
306.889209
306.906031
306.911373
306.91844
306.92891
306.941056
306.947433
306.956445
306.994546
307.01216
307.017713
307.027785
307.042967
307.070896
307.071262
307.079408
307.082385
307.086619
307.087394
307.107962
307.132811
307.134761
307.135332
307.139589
307.157424
307.178119
307.183531
307.193167
307.197665
307.227905
307.234832
307.240326
307.256188
307.299647
307.313916
307.314834
307.335186
307.348488
307.369555
307.372262
307.378935
307.396716
307.404727
307.412299
307.416659
307.439039
307.440595
307.457098
307.459813
307.464585
307.471543
307.482378
307.515539
307.535917
307.556402
307.567118
307.579136
307.599929
307.607408
307.611895
307.626896
307.631487
307.633587
307.656647
307.659176
307.662282
307.6705
307.688411
307.728481
307.740084
307.759479
307.770393
307.771324
307.780989
307.784432
307.803678
307.814521
307.817856
307.863118
307.865084
307.870074
307.896381
307.934952
307.943685
307.952335
307.952424
307.957299
307.969722
307.985482
308.003262
308.006759
308.007173
308.008466
308.009223
308.013062
308.042684
308.08278
308.107236
308.111905
308.127108
308.168763
308.169332
308.175459
308.189681
308.202093
308.212568
308.235319
308.255997
308.266867
308.298601
308.304411
308.327137
308.33267
308.352399
308.409299
308.415768
308.431622
308.431821
308.44574
308.448712
308.453554
308.463216
308.483873
308.494839
308.500618
308.501465
308.508222
308.52036
308.524123
308.541423
308.551466
308.551671
308.561737
308.58024
308.58951
308.590552
308.619774
308.623434
308.62361
308.628315
308.635948
308.64913
308.660668
308.679306
308.692179
308.753213
308.756134
308.808534
308.808675
308.81436
308.819056
308.853203
308.856246
308.88035
308.906734
308.935755
308.937126
308.941428
308.952657
308.954625
308.959836
308.975541
308.999861
309.005959
309.028654
309.041613
309.041942
309.050421
309.070921
309.077273
309.077676
309.078374
309.082297
309.08356
309.094903
309.112309
309.115418
309.117426
309.137562
309.159612
309.188268
309.208453
309.233629
309.241718
309.243001
309.268313
309.277964
309.31164
309.325814
309.337227
309.358417
309.360016
309.374505
309.397581
309.404258
309.431955
309.43208
309.434094
309.435323
309.436756
309.442866
309.484436
309.506126
309.518846
309.525466
309.559044
309.581617
309.583615
309.597511
309.659808
309.680316
309.695011
309.697839
309.700189
309.713843
309.718962
309.719121
309.721151
309.756432
309.761861
309.774225
309.782055
309.803973
309.83503
309.840652
309.862232
309.880541
309.890652
309.901815
309.906553
309.924439
309.937508
309.942145
309.965153
309.967315
309.968014
309.974471
309.976541
310.015238
310.026265
310.032049
310.034592
310.057504
310.075087
310.078022
310.087493
310.098884
310.108266
310.121347
310.136413
310.154643
310.185134
310.198691
310.217618
310.219593
310.220569
310.226571
310.239622
310.24705
310.257845
310.278302
310.296237
310.299601
310.301365
310.305097
310.305377
310.335653
310.361113
310.370858
310.371878
310.385278
310.389354
310.398256
310.406035
310.429511
310.432092
310.457976
310.475838
310.487697
310.524906
310.548485
310.550131
310.57611
310.591416
310.637096
310.638826
310.66008
310.660987
310.792694
310.800437
310.801282
310.819092
310.823568
310.826559
310.83188
310.834326
310.838059
310.873266
310.89023
310.895236
310.922701
310.9246
310.954676
310.960148
310.971967
310.974761
310.982753
311.047384
311.048222
311.063707
311.090845
311.09283
311.104851
311.136127
311.139098
311.165102
311.183157
311.185925
311.193577
311.198249
311.221566
311.228039
311.265545
311.314005
311.319739
311.325965
311.330181
311.334291
311.334594
311.342088
311.380343
311.393158
311.393388
311.403087
311.419629
311.427913
311.527412
311.550743
311.571655
311.575587
311.614173
311.634244
311.648254
311.657377
311.679819
311.695882
311.709154
311.738242
311.78375
311.901268
311.901609
311.935484
311.952273
311.95838
311.971687
312.018579
312.088218
312.103274
312.104835
312.133409
312.139734
312.147082
312.151905
312.155087
312.168441
312.172033
312.178328
312.197509
312.207209
312.221189
312.245684
312.246658
312.250734
312.258836
312.260427
312.374014
312.376645
312.379537
312.387787
312.395891
312.465462
312.487281
312.494989
312.496699
312.503949
312.52974
312.696382
312.718572
312.731997
312.789942
312.843343
312.859854
312.875194
312.921892
312.987434
313.017141
313.023031
313.033895
313.121976
313.223481
313.227977
313.231588
313.237715
313.241129
313.254794
313.255893
313.270559
313.275348
313.292818
313.315169
313.322411
313.322437
313.331329
313.346534
313.346907
313.36387
313.377708
313.404113
313.420784
313.454762
313.459647
313.488234
313.543045
313.546315
313.569067
313.57215
313.636592
313.679733
313.701905
313.706267
313.719271
313.777101
313.828883
313.856373
313.882645
313.920977
313.950207
314.005793
314.021567
314.083941
314.084627
314.117786
314.140766
314.167161
314.185422
314.22282
314.228637
314.282402
314.282742
314.316794
314.320799
314.32211
314.332585
314.358887
314.416108
314.470081
314.49354
314.50147
314.570334
314.591023
314.614696
314.675196
314.748606
314.890008
314.907089
314.916339
314.953203
314.975562
315.012687
315.155314
315.184771
315.196786
315.215841
315.225241
315.259402
315.284811
315.31597
315.353437
315.424094
315.453571
315.479726
315.554221
315.634785
315.641631
315.724026
315.74531
315.792216
315.81125
315.826767
315.850048
315.925157
315.949037
315.970149
315.999239
316.006532
316.03454
316.0406
316.102274
316.10713
316.109964
316.159623
316.171137
316.195672
316.204581
316.245988
316.261225
316.261798
316.277993
316.352136
316.395941
316.423371
316.450151
316.475081
316.486671
316.503582
316.522484
316.543397
316.673748
316.778444
316.844064
316.852556
316.865552
316.87426
316.909022
316.950056
317.003464
317.071898
317.214196
317.283591
317.353424
317.367588
317.383948
317.402511
317.406994
317.419779
317.45362
317.477306
317.598735
317.643021
317.654468
317.678478
317.707046
317.811604
318.05258
318.102283
318.165718
318.245707
318.278647
318.3575
318.399799
318.44016
318.505919
318.558688
318.614849
318.621338
318.642485
318.678866
318.771473
318.916779
318.93023
319.123052
319.131582
319.135687
319.218224
319.249003
319.270696
319.296566
319.348073
319.375458
319.510521
319.607554
319.708404
319.716006
319.739637
319.743284
319.751065
319.847852
319.886784
319.891171
319.939086
320.234856
320.246674
320.288466
320.306725
320.321505
320.323787
320.341441
320.347552
320.439469
320.509588
320.569187
320.640384
320.751889
320.837985
320.845075
320.872649
320.965362
320.971151
321.087368
321.094812
321.157053
321.32331
321.332782
321.402576
321.454781
321.537998
321.63047
321.63944
321.663458
321.736444
321.832011
321.837944
321.983382
322.106712
322.131642
322.145449
322.18756
322.42555
322.435462
322.440561
322.446868
322.459221
322.475832
322.533072
322.565122
322.68991
322.842511
322.885975
323.259604
323.487683
323.526958
323.552542
323.607056
323.614301
323.747419
323.775824
323.838767
323.962589
324.038912
324.044984
324.218195
324.227952
324.342997
324.766135
324.817878
324.838589
324.883131
324.911416
324.915876
324.958677
325.091842
325.218047
325.223987
325.467872
325.55005
325.585441
325.645761
325.69957
325.722117
325.825186
325.865731
326.112317
326.118055
326.142607
326.201946
326.219208
326.401945
326.44583
326.46388
326.502246
326.539411
326.562079
326.649739
326.656224
326.88557
327.023725
327.067157
327.332036
327.390724
327.431817
327.621443
327.665478
327.685266
327.702693
327.743688
327.889198
328.006433
328.012103
328.029393
328.213998
328.30445
328.346117
328.427774
328.471882
328.506958
328.512174
328.54656
328.745315
328.776483
328.863158
329.164285
329.242334
329.251161
329.267016
329.272617
329.492885
329.513919
329.526724
329.648255
329.661634
329.692894
329.767346
330.027017
330.059799
330.159911
330.199463
330.352017
330.971114
331.002774
331.062363
331.074198
331.087085
331.257347
331.325116
331.673525
331.867148
332.089482
332.346231
332.444031
332.52018
332.576276
332.91256
333.204656
333.786995
334.096751
334.239246
334.242404
334.354146
334.632012
334.647512
334.965706
335.209839
335.583581
335.628555
335.635593
335.715863
335.755132
335.831748
335.928631
336.090653
336.315754
336.637908
336.798545
336.88826
337.012808
337.052308
337.241445
337.662599
337.719216
339.781082
339.811275
340.206029
340.423912
340.747238
341.113851
341.132449
341.2166
342.272436
342.774483
342.901259
343.207869
343.275401
343.389732
343.949533
344.93443
345.113721
346.050402
346.255215
346.323112
346.540049
346.739664
346.741563
346.917967
347.874904
348.251751
348.91691
349.358325
349.388233
351.359024
351.660086
354.698887
355.367376
355.741486
355.876341
356.945733
357.255734
357.775125
366.772054
366.952862
368.164566
369.149514
373.052837
375.218396
375.529347
382.133923
384.99668
404.249616
414.391543
417.44508
417.865151
426.815706
428.626711
431.643857
457.496195
533.016635
590.721302
607.658734
702.555994
758.90373
