1.471747
1.530044
1.551453
6.74627
7.269693
7.324049
7.336043
7.484675
7.489849
7.557549
7.630111
7.652686
7.662671
7.734919
7.895011
8.034904
8.488382
8.509922
8.851366
8.897055
8.952719
9.008243
9.133409
9.393054
9.442315
9.621034
9.650391
9.839093
9.858469
9.866551
9.996923
10.01149
10.261062
10.276681
10.326713
10.401004
10.525863
10.786782
10.807217
10.875443
10.915114
10.939039
11.104243
11.12248
11.179877
11.252689
11.326279
11.354939
11.452772
11.517973
11.625015
11.726413
11.735117
11.740109
11.74299
12.052019
12.088263
12.091524
12.210446
12.27302
12.343709
12.348768
12.841259
12.870592
12.900702
12.948435
12.962498
13.034658
13.1061
13.176577
13.290209
13.328253
13.340663
13.371866
13.393446
13.425031
13.572276
13.655455
13.755522
13.780266
13.806076
14.01797
14.060353
14.066968
14.190088
14.210527
14.216027
14.417126
14.474885
14.614676
14.689883
14.760348
14.7728
14.792185
14.849433
14.918261
15.005774
15.034347
15.057533
15.185695
15.245367
15.43539
15.55717
15.712698
15.713546
15.763799
15.914436
16.059896
16.322132
16.532022
16.773559
17.011798
17.058437
17.08801
17.239708
17.317908
17.328616
17.370863
17.438878
18.223515
18.297358
18.501819
18.512018
18.534794
18.612062
18.65426
18.800828
18.830795
18.831552
19.057449
19.175207
19.245045
19.485673
19.543313
19.733339
19.806512
19.920774
20.067582
20.084145
20.257535
20.338606
20.49123
20.595401
20.766154
20.780335
21.105246
21.34041
21.343155
21.534214
21.954195
22.033341
22.11495
22.204208
22.491213
22.586205
22.684359
22.840138
22.972642
23.255682
23.269874
23.600473
23.602032
23.711695
24.744501
25.067924
25.182778
25.437584
26.25844
27.506874
28.158819
28.949473
31.163649
34.336257
34.982453
35.461732
35.622751
36.65525
38.051147
38.331213
39.654455
40.706311
41.029741
44.545172
46.19449
46.254556
49.39554
51.565277
52.157366
54.619237
54.915772
57.056938
58.148676
60.723982
65.635502
78.556775
81.322038
81.596453
82.465334
92.543211
106.345521
107.904541
108.870768
109.08111
109.317368
109.79369
114.318292
115.008154
115.927467
116.526523
116.96037
117.139976
118.657538
119.596899
119.63763
119.640807
120.096707
120.172917
120.679013
120.697198
120.934437
121.079508
121.318098
121.335761
121.49601
121.988091
122.672435
122.734732
123.056717
123.541452
123.562202
123.568505
124.307159
124.612553
124.730222
124.73502
124.998165
125.374931
125.502384
125.582733
125.64788
125.656503
125.694743
125.766577
125.770925
126.235637
126.357871
126.571671
126.623381
126.660401
126.876643
126.999808
127.00372
127.340165
127.376741
127.527154
127.564273
127.727238
127.995934
128.446016
128.480725
128.631782
128.635877
128.736336
128.74954
128.8379
129.036693
129.180407
129.580231
129.599335
129.697811
129.760648
130.064461
130.363674
130.384092
130.503223
130.772714
130.775076
130.777279
131.328453
131.633641
132.087826
132.245485
133.249029
133.273112
133.36297
133.386657
133.415061
133.782131
133.803801
133.910168
134.277794
134.607671
135.062953
135.197766
135.575719
135.919714
136.193923
136.208673
136.326378
136.586456
136.750158
137.685212
137.97057
138.349261
138.7279
139.338089
139.348401
139.474963
140.72801
140.810206
140.973001
141.109357
141.500256
141.520509
141.975267
142.114619
142.236673
142.378159
142.828968
143.292873
143.46088
144.815905
144.882092
144.928109
145.362755
145.410762
146.276176
146.918981
146.947426
147.024294
147.352455
147.616372
147.676137
147.832827
148.023937
148.385879
148.451691
148.68725
148.817568
148.836308
149.00647
149.198081
149.761984
150.268415
150.547224
150.655026
150.786472
151.071921
151.348092
151.495385
151.856798
152.035875
152.181244
152.265279
152.364415
153.076631
153.509004
153.691903
153.778646
153.960926
154.141928
154.281413
154.335756
154.628695
154.70646
154.733831
154.739041
154.754668
154.87373
154.93271
155.166367
155.338174
155.689251
155.896694
155.94714
156.228303
156.433366
156.499616
156.763433
156.965762
157.476867
157.51093
157.547236
157.861897
158.956379
159.463068
159.91138
160.476405
161.978773
162.502191
162.51298
163.1058
163.526493
163.663508
164.363653
165.465151
166.270792
166.916112
167.65496
167.978355
169.571067
169.790042
169.813505
170.251942
170.803203
170.844207
170.851965
171.127731
172.958761
173.041056
173.878133
174.049193
175.081719
175.716152
176.950077
177.40116
177.809061
177.861948
177.898393
177.903073
179.318962
179.331231
179.343051
179.962472
180.07904
180.947829
181.071777
181.205696
182.199107
182.511036
182.618504
183.077697
183.742451
183.939074
184.21276
184.327118
184.505405
184.63789
184.65972
184.904669
185.064742
185.173198
185.187407
185.210016
185.425901
185.616842
186.165774
186.267857
186.27001
186.403712
186.942239
187.016232
187.693417
187.862683
188.382247
188.491741
188.559075
188.995254
189.111543
189.297277
189.39095
189.411492
189.548924
189.565257
189.616486
189.748002
189.754492
189.842268
189.861777
189.940474
190.081776
190.091827
190.268247
190.495276
190.498644
190.744208
190.954276
191.141139
191.249189
191.254647
191.34558
191.416717
191.947454
192.068262
192.15022
192.182321
192.444082
192.581457
192.675202
192.738309
192.855649
193.349263
193.47768
193.635986
193.820296
193.822602
193.919277
193.930062
194.220437
194.303562
194.463374
194.501836
194.507346
194.529818
194.680364
194.693366
194.700501
194.857749
194.88448
195.408249
195.509806
195.725247
196.096811
196.150886
196.191383
196.331265
196.352398
196.363327
196.458676
197.469387
197.616583
197.674481
197.898707
198.069938
198.180486
198.40296
198.680096
198.767727
198.926375
198.964533
199.13513
199.140179
199.164688
199.192976
199.705939
199.729221
199.842931
199.925501
200.107519
200.122111
200.154586
200.197306
200.528687
201.361037
201.406791
201.628774
201.772985
202.230194
202.727885
202.889438
203.305083
203.47441
203.501236
203.526142
204.08357
204.625461
204.776958
204.923571
205.016508
205.059781
205.777632
206.008121
206.028856
206.204361
206.302273
206.836611
206.900079
207.752071
208.424861
209.114004
209.535492
209.536674
210.078564
210.325274
211.5733
211.852401
211.996411
212.06194
212.828105
214.477567
214.797024
215.257667
215.459911
215.802808
216.189947
216.900135
218.724386
219.949279
220.522423
221.206061
222.517864
225.146019
227.93276
228.266589
228.777177
231.286091
231.749225
232.629391
235.583904
245.001306
245.746449
246.558551
247.706657
249.009958
249.193956
249.868172
251.823296
252.525339
252.568064
253.205607
253.222995
253.243592
253.802648
254.248382
254.363915
254.537199
255.197032
256.216132
256.852515
256.857029
257.747261
258.003592
259.215559
259.299778
259.678464
260.717959
263.327237
263.766066
264.137176
264.158139
267.015852
268.046977
268.878175
271.409332
272.147362
272.253102
272.900798
273.16791
273.182148
274.993435
275.465655
275.709514
276.734526
287.37127
289.496644
291.63598
291.805155
292.422604
292.72759
292.878836
293.918506
294.701473
295.196087
295.769116
295.888928
296.586823
298.65854
299.358646
299.733065
300.420784
300.733112
301.432912
306.326075
307.696914
308.309476
308.930531
310.329289
321.466974
321.631134
322.759036
335.895077
341.801095
342.330828
344.276509
346.479858
372.365926
385.374458
390.698187
5159.163821
6488.203593
