139.338089
140.810206
143.292873
144.815905
145.362755
148.817568
149.00647
150.547224
150.655026
152.035875
152.181244
152.364415
154.141928
154.754668
155.166367
155.338174
156.228303
156.965762
157.476867
169.813505
170.251942
175.081719
177.809061
177.898393
177.903073
179.962472
180.07904
180.947829
181.071777
184.505405
185.064742
186.165774
186.27001
186.942239
187.862683
188.995254
189.111543
191.141139
191.947454
192.068262
192.738309
192.855649
194.88448
198.926375
203.305083
218.724386
220.522423
232.629391
249.009958
249.193956
251.823296
253.205607
255.197032
263.766066
267.015852
271.409332
292.72759
292.878836
295.196087
295.769116
295.888928
299.733065
301.432912
308.309476
308.930531
310.329289
321.466974
322.759036
342.330828
