115.061585
127.313342
138.74031
152.283527
154.519245
154.794403
159.638562
185.403625
186.804512
190.143401
192.603185
193.932935
194.380376
194.548685
196.411824
196.517558
197.620163
197.851427
198.297872
203.744874
204.020353
204.725884
213.066173
213.990868
229.739998
243.558887
319.655644
326.488085
327.863241
351.202459
415.999936
499.661001
1077.790469
1087.144115
1092.521892
1102.65023
1109.383718
1113.98605
1118.639998
1126.713706
1142.974731
1189.526757
1198.854834
1298.930929
1865.289256
1902.306083
1905.532526
1919.761421
1921.39651
1948.167103
1948.26965
1948.317366
1949.537395
1949.724889
1952.365354
1958.480325
1959.847606
1961.094297
1966.081883
1970.20009
1973.422871
1975.082246
1981.020366
1986.757303
1990.36495
1992.751401
2005.147793
2007.461005
2013.998474
2046.170568
2075.212208
2085.538323
2137.063465
2164.838332
2185.599946
2187.030464
2219.476804
2254.190659
2370.674865
2945.299141
3011.187724
3035.772556
3177.220317
3345.620343
3358.7534
3489.680395
3719.207487
6629.861737
10802.950526
