115.061585
127.313342
138.74031
152.283527
153.930239
154.519245
154.794403
159.638562
185.403625
186.804512
188.79895
189.410654
190.143401
190.484131
192.603185
193.163107
193.932935
194.380376
194.548685
194.801698
196.411824
196.517558
197.620163
197.851427
198.174708
198.297872
200.593833
203.744874
204.020353
204.725884
204.817103
204.867285
205.899994
206.604642
208.361924
208.440294
210.737629
211.388845
211.466054
212.088013
212.20573
212.920207
213.066173
213.318283
213.328258
213.402477
213.443801
213.752166
213.819418
213.958956
213.990868
214.800481
214.832249
215.078395
215.135547
215.481825
215.872058
216.396162
216.458087
216.639004
216.809828
217.001706
217.022914
217.358548
217.815291
217.824057
218.365855
218.866452
218.886174
219.231719
220.053761
220.348764
220.39853
220.700366
221.244114
221.688118
222.494342
222.813846
223.233889
223.46675
223.685458
224.26163
224.323616
226.192528
226.41078
228.055523
229.221115
229.739998
235.06911
243.558887
252.592685
257.986629
275.620901
319.655644
326.488085
327.863241
351.202459
415.999936
499.661001
1077.790469
1087.144115
1092.521892
1102.65023
1109.383718
1113.98605
1118.639998
1126.713706
1142.974731
1189.526757
1198.854834
1298.930929
1865.289256
1902.306083
1905.532526
1919.761421
1921.39651
1948.167103
1948.26965
1948.317366
1949.537395
1949.724889
1952.365354
1958.480325
1959.847606
1961.094297
1966.081883
1970.20009
1973.422871
1975.082246
1981.020366
1986.757303
1990.36495
1992.751401
2005.147793
2007.461005
2013.998474
2046.170568
2075.212208
2085.538323
2124.061878
2137.063465
2164.838332
2185.599946
2187.030464
2207.532318
2219.476804
2254.190659
2261.428952
2269.801861
2370.674865
2945.299141
3011.187724
3035.772556
3177.220317
3207.205288
3219.257332
3233.193387
3345.620343
3358.7534
3489.680395
3540.751577
3719.207487
6629.861737
7218.37937
10802.950526
10803.384271
