2085.378977
2092.837481
2093.558527
2103.139528
2110.343045
2111.784083
2112.544528
2114.988458
2115.937983
2116.138993
2120.379397
2122.225121
2123.137601
2125.855039
2126.893283
2129.509475
2130.815012
2130.871505
2131.285518
2132.790763
2133.985272
2136.03051
2136.09234
2144.50215
2144.770735
2145.381965
2145.434648
2145.904595
2148.016479
2149.075479
2149.209852
2149.397
2150.915234
2152.061702
2152.325172
2152.455627
2152.615629
2152.957871
2153.090911
2153.135131
2155.004178
2155.171523
2155.470003
2156.193703
2156.361062
2157.572327
2157.76763
2157.89357
2158.444839
2158.462134
2158.538745
2158.710785
2159.062708
2160.68736
2160.750179
2160.833419
2161.652956
2162.293598
2162.447865
2162.668193
2165.415246
2165.658083
2167.098566
2167.84286
2168.352529
2168.816172
2168.937544
2169.239526
2169.720798
2169.874944
2170.693911
2171.239911
2171.436751
2171.791219
2172.511261
2172.517864
2172.792536
2172.92086
2173.116808
2174.568893
2175.668212
2176.682997
2176.812787
2177.776661
2177.964795
2178.340455
2179.398987
2180.252243
2180.329879
2180.51899
2181.732726
2182.658645
2182.696375
2182.858018
2183.335265
2183.74544
2183.899521
2184.043246
2184.04531
2184.771057
2184.823377
2185.120546
2185.572655
2185.710758
2185.75811
2185.779734
2186.806401
2186.926152
2188.743606
2189.348288
2190.194452
2190.295091
2191.066214
2191.345697
2191.415911
2191.60958
2191.715709
2191.795543
2192.034337
2192.093782
2192.479302
2192.754267
2192.966802
2193.113684
2193.196584
2193.220694
2193.393014
2193.641674
2194.838466
2195.675011
2195.855233
2196.030975
2196.421881
2196.515528
2196.972375
2197.415997
2197.915329
2198.016689
2198.351141
2199.461423
2201.35575
2202.415536
2202.459129
2202.485283
2202.549591
2202.781572
2203.406385
2203.81535
2204.262789
2204.276556
2204.422897
2204.730155
2204.876539
2204.939533
2205.909305
2206.378504
2206.459251
2206.590527
2207.006925
2207.339365
2207.949392
2208.798496
2209.571468
2210.160584
2210.793238
2210.930246
2211.423153
2211.488954
2211.803265
2212.065774
2212.724418
2213.261059
2213.361022
2214.577485
2214.646465
2215.170835
2215.665288
2216.349259
2217.181525
2217.571709
2217.745433
2217.904429
2217.934786
2218.212861
2218.415866
2218.857033
2218.967993
2219.219271
2219.916528
2219.939261
2220.177514
2220.667413
2221.055832
2221.468194
2222.11904
2222.4127
2222.79426
2223.479641
2223.491314
2223.663054
2225.087571
2225.192872
2225.867336
2226.241709
2227.608917
2228.540703
2228.655007
2229.256605
2230.313638
2230.884619
2231.315397
2233.166085
2233.759712
2234.234842
2235.036528
2235.388781
2237.602864
2238.25261
2238.544778
2239.282285
2239.448962
2239.693935
2239.894869
2241.436985
2244.117084
2244.301511
2245.327001
2247.618769
2247.670716
2248.849188
2249.261519
2250.476862
2250.801227
2253.665481
2254.807488
2255.350567
2255.352655
2255.741858
2256.429812
2256.636102
2257.195922
2259.853222
2260.891078
2261.363858
2262.082374
2265.528972
2267.166195
2267.538554
2267.910614
2268.658334
2271.979761
2272.558047
2272.656071
2277.863792
2278.025227
2278.966649
2279.692867
2280.736588
2281.667172
2284.384654
2285.11437
2289.817812
2290.067036
2295.776709
2297.256761
2297.699271
2300.350608
2312.646578
2314.179779
2314.410419
2316.873643
2320.743554
2322.541234
2325.856011
2329.369669
2329.516631
2331.767219
2333.67462
2334.663946
2334.927274
2335.070521
2336.687324
2338.354476
2338.56643
2344.187862
2353.216884
2354.182153
2355.469067
2358.756461
2361.771342
2363.140255
2365.35581
2367.140369
2368.283817
2372.412257
2377.923997
2380.399379
2380.841813
2388.066848
2388.377301
2389.968226
2391.85347
2393.712466
2402.408312
2406.295537
2408.071217
2414.518536
2415.7756
2417.543275
2417.861192
2418.727505
2419.881562
2421.281859
2422.906355
2425.290576
2435.479153
2437.733567
2454.314801
2457.275974
2469.487704
2484.111092
2492.689529
2493.13545
2507.75171
2512.941089
2513.683411
2526.234108
2533.441316
2538.523584
2539.763409
2545.753801
2558.355317
2561.217972
2701.494358
3145.824415
3174.240447
3181.010807
3185.101661
3185.785479
3189.924258
3192.665177
3192.828069
3201.78111
3203.147051
3206.249764
3207.494699
3210.805258
3211.302386
3212.42051
3213.118244
3214.058646
3214.70159
3215.216866
3215.45739
3215.464627
3215.837879
3215.928444
3217.390326
3217.445936
3219.161171
3219.318922
3219.554489
3219.968778
3220.239102
3220.288868
3221.076989
3221.98862
3222.279278
3222.70785
3223.14793
3223.402916
3223.427271
3224.187149
3224.428532
3224.574913
3225.529449
3226.29998
3226.550195
3226.884067
3226.987117
3227.230567
3227.254444
3227.411045
3227.609131
3228.397179
3229.548958
3229.556525
3229.710552
3229.972091
3230.191041
3230.212626
3230.862374
3231.760066
3232.246796
3232.376392
3232.818856
3233.042271
3233.448922
3233.624192
3233.766715
3233.991468
3234.453193
3234.839275
3235.303189
3235.827371
3236.044523
3236.248464
3236.266824
3236.368615
3236.496627
3236.899258
3237.059074
3237.573311
3237.589508
3237.869695
3238.3753
3238.633363
3238.670002
3239.079216
3239.361344
3239.425252
3239.499742
3239.793269
3239.795881
3239.976105
3240.204739
3240.263384
3240.5216
3240.731528
3240.923077
3240.927053
3240.99837
3241.761188
3241.927362
3242.050141
3242.112994
3242.157927
3242.246731
3242.508047
3243.278542
3243.402379
3243.422272
3243.451247
3243.514103
3243.604319
3243.74657
3243.762579
3243.822987
3243.913169
3244.211822
3244.266356
3244.28474
3244.479606
3244.551877
3244.562511
3244.645863
3244.646137
3244.810498
3244.998365
3245.322191
3245.374286
3245.9985
3246.266725
3246.311045
3246.34866
3246.456239
3246.548682
3246.773626
3247.165772
3247.35896
3247.365277
3248.118607
3248.44572
3248.800499
3249.064852
3249.156586
3249.889119
3250.259234
3250.722731
3251.359027
3251.36029
3251.557148
3251.571049
3251.590042
3251.634178
3252.033568
3252.43583
3252.446827
3252.56672
3252.631929
3252.784907
3252.957827
3253.244138
3253.366995
3253.410731
3253.427886
3253.603917
3253.880754
3254.024159
3254.042487
3254.189004
3254.346135
3254.374719
3254.687112
3254.768611
3254.840367
3254.93028
3255.101371
3255.139949
3255.293258
3255.312515
3255.39833
3255.628446
3255.803274
3256.018209
3256.171493
3256.402084
3256.656514
3256.757113
3256.769669
3256.876097
3256.999106
3257.027329
3257.03484
3257.287472
3257.360061
3257.374258
3257.871631
3258.038939
3258.154674
3258.187173
3258.561176
3259.028193
3259.045832
3259.667709
3259.745584
3259.793284
3259.83772
3259.837772
3259.863332
3259.952316
3259.985028
3260.271112
3260.31252
3260.583479
3260.646593
3260.677378
3260.741148
3260.824627
3260.866157
3260.873443
3260.971542
3261.075822
3261.34569
3261.392299
3261.524721
3261.903182
3261.921146
3261.935982
3261.999109
3262.045203
3262.0487
3262.089534
3262.109337
3262.279088
3262.280309
3262.671136
3263.028519
3263.13923
3263.585399
3263.613791
3263.672624
3263.713835
3263.947518
3264.16683
3264.274403
3264.593394
3264.855626
3264.885958
3264.917182
3265.000352
3265.142858
3265.306719
3265.465936
3265.77689
3266.063204
3266.486588
3266.631133
3266.724135
3266.873358
3267.165522
3267.315623
3267.346401
3267.373181
3267.455507
3267.538004
3267.547325
3267.8655
3268.002722
3268.126559
3268.233293
3268.445421
3268.599569
3268.611248
3268.671508
3268.77618
3268.816408
3268.841275
3268.895154
3268.904987
3269.13315
3269.21267
3269.26923
3269.325563
3269.341445
3269.407757
3269.552771
3269.726737
3269.909646
3270.017284
3270.115581
3270.177874
3270.2839
3270.306505
3270.323651
3270.415162
3270.514808
3270.531279
3270.58859
3270.869428
3271.064386
3271.476758
3271.493357
3271.591929
3271.683691
3271.794501
3271.815022
3271.852619
3272.100961
3272.21221
3272.442975
3272.575145
3272.655406
3272.843547
3272.854309
3272.854759
3272.857121
3272.881095
3273.008972
3273.066692
3273.135669
3273.464546
3273.559588
3273.621321
3273.641131
3273.644059
3273.661714
3273.829287
3274.020524
3274.082491
3274.19131
3274.52009
3274.554542
3274.810268
3274.835269
3275.058819
3275.090598
3275.112933
3275.19869
3275.249142
3275.295963
3275.45881
3275.581622
3275.601053
3275.68416
3275.710706
3275.851964
3276.033805
3276.312027
3276.400917
3276.468691
3276.485128
3276.505663
3276.567683
3276.618386
3276.706215
3276.727709
3276.846475
3276.900155
3277.089613
3277.097774
3277.179683
3277.234336
3277.318347
3277.698968
3277.87218
3277.930239
3278.039031
3278.05168
3278.078378
3278.157243
3278.28398
3278.682925
3278.823616
3278.864615
3278.916529
3278.963305
3279.476741
3279.611896
3279.669861
3279.687919
3279.7016
3279.751578
3279.852535
3279.934582
3279.954813
3280.070529
3280.173672
3280.269121
3280.342467
3280.625331
3280.636239
3280.653044
3280.698155
3280.718231
3280.726357
3280.819621
3280.842925
3280.86387
3280.996358
3280.998535
3281.043505
3281.08758
3281.106289
3281.269278
3281.354949
3281.387591
3281.585139
3281.61626
3281.853026
3281.99693
3282.053743
3282.064961
3282.19113
3282.192766
3282.236704
3282.279422
3282.330314
3282.393777
3282.406671
3282.533363
3282.608775
3282.678554
3282.679789
3282.789994
3282.827819
3282.902043
3282.95805
3283.090565
3283.098409
3283.127804
3283.272289
3283.508515
3283.527167
3283.594082
3283.789476
3283.842008
3283.911406
3283.980264
3284.081548
3284.288654
3284.3042
3284.370004
3284.416168
3284.518426
3284.552741
3284.658259
3284.791178
3284.802321
3285.035655
3285.154819
3285.239521
3285.318076
3285.362716
3285.53285
3285.621017
3285.798563
3285.977414
3286.039483
3286.09801
3286.334857
3286.749924
3286.76329
3286.79815
3286.810033
3286.811804
3286.814811
3287.102908
3287.2398
3287.522611
3287.596658
3287.623024
3287.651063
3287.710115
3287.828043
3287.862917
3287.957298
3288.00307
3288.043552
3288.099083
3288.204375
3288.221873
3288.23303
3288.280087
3288.435649
3288.606027
3288.654449
3288.73472
3289.131181
3289.180534
3289.318662
3289.524102
3289.791964
3289.880332
3290.063646
3290.076039
3290.203739
3290.374858
3290.526029
3290.639888
3290.643359
3290.730432
3290.779091
3290.796268
3290.799236
3290.821959
3291.022051
3291.06164
3291.088825
3291.176354
3291.263175
3291.277906
3291.35547
3291.388854
3291.47943
3292.031267
3292.050901
3292.096654
3292.220761
3292.234786
3292.248107
3292.336434
3292.385362
3292.46649
3292.51801
3292.592865
3292.632498
3292.645739
3292.666805
3292.760178
3292.843699
3292.850115
3293.008028
3293.074889
3293.14526
3293.167373
3293.245434
3293.318845
3293.450558
3293.560687
3293.660857
3293.750344
3293.912492
3293.935644
3293.959141
3294.00337
3294.07488
3294.226858
3294.242208
3294.450925
3294.799683
3294.809777
3294.832871
3294.893684
3294.971155
3295.076506
3295.229057
3295.237886
3295.268902
3295.32279
3295.33171
3295.374168
3295.403748
3295.516969
3295.568566
3295.701566
3295.714232
3295.837653
3295.904738
3295.935388
3296.090985
3296.100929
3296.259671
3296.69187
3296.721177
3296.735656
3296.746854
3296.764181
3296.87884
3296.937701
3297.045542
3297.136578
3297.285505
3297.28872
3297.322451
3297.326747
3297.545299
3297.59749
3297.606472
3297.71312
3297.904575
3297.942962
3298.03839
3298.150789
3298.220881
3298.226565
3298.26432
3298.324025
3298.46875
3298.498712
3298.770283
3298.826067
3298.907745
3298.948359
3299.034905
3299.220824
3299.314412
3299.442563
3299.458421
3299.549863
3299.665595
3299.750492
3299.778407
3299.789132
3299.963051
3300.126133
3300.334204
3300.443714
3300.60039
3300.633298
3300.682153
3300.867124
3300.917936
3300.94808
3301.229617
3301.266173
3301.273526
3301.339075
3301.413746
3301.629065
3301.70045
3301.731105
3301.83259
3302.115753
3302.13019
3302.153957
3302.173755
3302.314677
3302.360385
3302.49952
3302.527106
3302.579371
3302.677659
3302.716464
3302.767256
3302.799637
3303.115739
3303.253554
3303.315478
3303.548623
3303.607971
3303.646168
3303.762238
3303.811461
3303.841621
3303.894135
3303.956068
3303.992291
3304.008357
3304.128556
3304.251156
3304.291031
3304.308258
3304.391948
3304.420018
3304.488699
3304.649681
3304.674487
3304.834322
3304.837355
3304.95734
3305.055159
3305.055355
3305.065528
3305.067496
3305.106969
3305.292738
3305.39372
3305.437298
3305.536692
3305.799822
3305.888369
3305.961119
3305.993411
3305.998789
3306.205754
3306.618806
3306.650258
3306.681475
3306.911022
3306.949895
3307.027525
3307.037886
3307.070815
3307.088623
3307.142245
3307.142581
3307.229719
3307.255074
3307.443248
3307.486966
3307.525831
3307.534288
3307.538076
3307.876915
3307.888708
3307.888779
3307.891328
3308.014476
3308.045623
3308.102786
3308.302873
3308.30384
3308.333744
3308.381121
3308.382443
3308.444402
3308.479442
3308.507793
3308.544266
3308.71646
3308.842547
3308.895597
3308.898984
3308.950488
3309.009537
3309.072736
3309.104968
3309.109916
3309.182969
3309.228029
3309.243951
3309.271167
3309.410435
3309.523574
3309.705542
3309.821228
3309.942487
3309.959168
3310.020961
3310.212764
3310.213489
3310.301105
3310.366484
3310.451244
3310.687186
3310.739858
3310.843307
3310.901144
3311.013287
3311.106295
3311.118012
3311.201413
3311.497208
3311.580695
3311.618362
3311.820346
3311.894573
3312.052715
3312.135084
3312.188703
3312.485359
3312.576158
3312.663657
3312.696038
3313.051463
3313.117725
3313.147641
3313.193438
3313.408803
3313.468155
3313.533581
3313.624433
3313.658623
3313.705241
3313.94925
3313.956143
3314.024766
3314.061807
3314.272118
3314.301857
3314.326319
3314.383774
3314.385661
3314.403545
3314.460423
3314.57
3314.653237
3314.999851
3315.015486
3315.233604
3315.246164
3315.330187
3315.343614
3315.410393
3315.512788
3315.583356
3315.645319
3315.661186
3315.667004
3315.700622
3315.809661
3315.840937
3315.921349
3315.936645
3315.943531
3316.057553
3316.276692
3316.283655
3316.303596
3316.361658
3316.398828
3316.430263
3316.436779
3316.485508
3316.596296
3316.701461
3316.804839
3316.885222
3316.946604
3317.017388
3317.253772
3317.4169
3317.468647
3317.47928
3317.498836
3317.562202
3317.673571
3317.72646
3317.769472
3317.779713
3317.787557
3317.891732
3317.906521
3317.918299
3317.928297
3317.998163
3318.075046
3318.077736
3318.330738
3318.347947
3318.459943
3318.545945
3318.592533
3318.698963
3318.70857
3318.819505
3318.891714
3319.023994
3319.055856
3319.06316
3319.132538
3319.208664
3319.256228
3319.541015
3319.618415
3319.69229
3319.843671
3319.851861
3319.882102
3320.283412
3320.392684
3320.421239
3320.518589
3320.596315
3320.660185
3320.729012
3320.737905
3320.741061
3320.765638
3320.788927
3320.792142
3320.839324
3320.841347
3320.950316
3321.139708
3321.220513
3321.221359
3321.296617
3321.305978
3321.329766
3321.589053
3321.648713
3321.67166
3321.678587
3321.788321
3322.210439
3322.275445
3322.378092
3322.444692
3322.639897
3322.674044
3322.696774
3322.710543
3322.762317
3322.771531
3322.800731
3322.809805
3322.824543
3322.844207
3322.887315
3322.898387
3323.037923
3323.050568
3323.133306
3323.397215
3323.592193
3323.885206
3323.966255
3324.055713
3324.098618
3324.150502
3324.163042
3324.241123
3324.249301
3324.289637
3324.291506
3324.323673
3324.414649
3324.470759
3324.508235
3324.554368
3324.635162
3324.687618
3324.722389
3324.727435
3324.861975
3324.889716
3325.052688
3325.120533
3325.149812
3325.151062
3325.402127
3325.526059
3325.689718
3325.756927
3325.803485
3325.818362
3325.865065
3326.039132
3326.046758
3326.074728
3326.136646
3326.163071
3326.212044
3326.272226
3326.496985
3326.52202
3326.531651
3326.69869
3326.781927
3326.889216
3326.892766
3326.919055
3326.940295
3327.001282
3327.042283
3327.149173
3327.384193
3327.573778
3327.708018
3327.709445
3327.747003
3327.793782
3327.862865
3327.867798
3328.099283
3328.305398
3328.408269
3328.631058
3328.650282
3328.666496
3328.78218
3328.807992
3328.955577
3329.000914
3329.127179
3329.13066
3329.561791
3329.856328
3329.887751
3330.098978
3330.142776
3330.182846
3330.320471
3330.387053
3330.402019
3330.483775
3330.495326
3330.524242
3330.544227
3330.699041
3330.731543
3330.797831
3331.104853
3331.265144
3331.444094
3331.516434
3331.547069
3331.575258
3331.642203
3331.649122
3331.655173
3331.686794
3331.871041
3331.940574
3331.97064
3331.984587
3332.091961
3332.105748
3332.191655
3332.247078
3332.272211
3332.31142
3332.466228
3332.793097
3332.800368
3332.954571
3332.962351
3333.01639
3333.469844
3333.483894
3333.521076
3333.639363
3333.669866
3333.884415
3333.936034
3333.991233
3333.997255
3334.153472
3334.227169
3334.25595
3334.346276
3334.455597
3334.505582
3334.714477
3334.813999
3334.89197
3334.91807
3334.937231
3334.998259
3335.131395
3335.253423
3335.32806
3335.609554
3335.620014
3335.636069
3335.643837
3335.669403
3335.774133
3335.776792
3335.801183
3335.807424
3335.815447
3335.86272
3336.089322
3336.103513
3336.175096
3336.179483
3336.186124
3336.22425
3336.243104
3336.254598
3336.450277
3336.665895
3336.731586
3336.747833
3336.916504
3337.140841
3337.167756
3337.256811
3337.267767
3337.280973
3337.379158
3337.442041
3337.853106
3337.927304
3338.10065
3338.283835
3338.510567
3338.535043
3338.714334
3338.996065
3339.101569
3339.159121
3339.174001
3339.251293
3339.411305
3339.43963
3339.583296
3339.649315
3339.671802
3339.676432
3339.680876
3339.701821
3339.750204
3339.962481
3340.06151
3340.217489
3340.290587
3340.353375
3340.377118
3340.419193
3340.421325
3340.466753
3340.614938
3340.662168
3340.713558
3340.786065
3340.791009
3340.796146
3341.010258
3341.019633
3341.194072
3341.215267
3341.217942
3341.232503
3341.282963
3341.365569
3341.694048
3341.719143
3341.750575
3341.803332
3341.815152
3341.885743
3342.02026
3342.054047
3342.133693
3342.185197
3342.493316
3342.545517
3342.54762
3342.59729
3342.63392
3342.810629
3342.933069
3342.998619
3343.063753
3343.084202
3343.107373
3343.362957
3343.760634
3343.777992
3343.820597
3343.826631
3343.87628
3343.922458
3343.98097
3343.987061
3344.136004
3344.278133
3344.323494
3344.378707
3344.419433
3344.429739
3344.515022
3344.597468
3344.611291
3344.727114
3344.927441
3344.965183
3344.988849
3345.020962
3345.050901
3345.134893
3345.199593
3345.345489
3345.398497
3345.54526
3345.54528
3345.561409
3345.644683
3345.844875
3345.852932
3345.985884
3346.035601
3346.073889
3346.17989
3346.452326
3346.483721
3346.497407
3346.559914
3346.613461
3346.628921
3346.698343
3346.702181
3346.711575
3346.917168
3346.937313
3346.975577
3346.976383
3347.013169
3347.230517
3347.324213
3347.417427
3347.472025
3347.486902
3347.596502
3347.800988
3347.850683
3347.903464
3347.936524
3348.06994
3348.112209
3348.209446
3348.277269
3348.477426
3348.554502
3348.57499
3348.622983
3348.755505
3348.802144
3348.836835
3349.07293
3349.115904
3349.155374
3349.251608
3349.286331
3349.380993
3349.435966
3349.528462
3349.563368
3349.89121
3349.911309
3349.980809
3350.034033
3350.058299
3350.074792
3350.10253
3350.217965
3350.321198
3350.352301
3350.380621
3350.451507
3350.669863
3350.69505
3350.701692
3350.735052
3350.752986
3350.806404
3350.841048
3350.906036
3350.91297
3350.922378
3350.99778
3351.051423
3351.233069
3351.235976
3351.33992
3351.592071
3351.626026
3351.660931
3352.022462
3352.147818
3352.169486
3352.462895
3352.510006
3352.895758
3352.91999
3352.937994
3353.082622
3353.128185
3353.136682
3353.303239
3353.764599
3353.918337
3353.977515
3353.99661
3354.534614
3354.563657
3354.703264
3354.738474
3354.89261
3354.90531
3354.960358
3355.045639
3355.169484
3355.384732
3355.640572
3355.728909
3355.779747
3355.798503
3355.879038
3355.922483
3355.977582
3356.056452
3356.1048
3356.105242
3356.226753
3356.290097
3356.326921
3356.415992
3356.463034
3356.465474
3356.611045
3356.691993
3356.763921
3356.803696
3356.906973
3356.946574
3357.04095
3357.08223
3357.121288
3357.177074
3357.286526
3358.052495
3358.127338
3358.404
3358.431233
3358.528783
3358.572878
3358.714582
3358.86363
3358.908313
3358.920511
3358.942146
3359.118453
3359.163414
3359.299792
3359.305443
3359.334024
3359.42849
3359.477896
3359.803704
3359.843566
3359.942686
3360.316384
3360.393513
3360.428281
3360.506541
3360.512055
3360.994481
3361.034616
3361.113221
3361.274609
3361.333542
3361.453921
3361.456701
3361.493841
3361.645511
3361.787831
3361.920538
3361.976863
3362.012584
3362.251382
3362.278062
3362.309888
3362.398528
3362.511045
3362.612268
3362.6126
3362.72202
3362.723999
3362.742812
3362.926564
3363.239577
3363.300727
3363.449259
3363.458739
3363.465116
3363.681907
3363.850581
3363.933652
3364.221898
3364.279968
3364.296383
3364.511293
3364.522172
3364.683723
3364.783324
3364.834454
3364.843525
3364.896036
3364.934597
3365.089402
3365.129147
3365.219155
3365.325483
3365.405524
3365.449801
3365.463069
3365.492321
3365.682124
3365.791981
3365.843937
3365.912301
3366.045235
3366.404948
3366.605751
3366.613651
3366.746611
3366.762277
3366.773182
3366.774983
3366.844682
3366.868649
3366.901731
3367.074827
3367.085085
3367.133991
3367.309042
3367.416
3367.489185
3367.569908
3367.694321
3367.715658
3367.759397
3367.858004
3367.926789
3368.053055
3368.149225
3368.1865
3368.653811
3368.664292
3368.687925
3368.810036
3369.016633
3369.147563
3369.263738
3369.366077
3369.545288
3369.807185
3369.839
3369.911504
3370.058301
3370.540872
3370.62518
3370.791621
3370.922241
3370.972286
3371.174737
3371.186118
3371.239384
3371.581664
3371.704748
3371.813595
3371.875499
3372.003523
3372.199526
3372.246005
3372.259309
3372.32632
3372.359731
3372.37632
3372.487133
3372.512444
3372.777988
3372.823072
3372.844656
3373.086374
3373.101712
3373.11792
3373.2496
3373.265936
3373.518803
3373.520858
3373.616305
3373.889698
3373.921756
3373.993571
3374.110654
3374.198209
3374.397609
3374.399661
3374.439535
3374.79273
3374.904494
3374.921417
3375.057083
3375.085117
3375.087933
3375.261268
3375.903481
3376.036553
3376.073535
3376.095538
3376.136136
3376.262863
3376.278168
3376.472206
3376.532898
3376.57313
3376.705647
3376.897602
3376.997128
3377.164676
3377.180745
3377.268501
3377.832168
3378.164638
3378.222368
3378.257019
3378.317794
3378.321703
3378.355458
3378.453402
3378.47186
3378.47392
3378.500487
3378.548279
3378.893702
3378.906994
3378.946274
3378.983306
3378.992801
3379.235126
3379.399462
3379.511788
3379.53046
3379.532288
3379.566098
3379.76858
3379.926884
3379.933144
3379.942758
3380.020128
3380.044224
3380.1965
3380.473139
3380.590091
3380.777138
3380.885097
3380.946996
3381.351163
3381.656898
3381.665696
3381.694897
3381.732154
3381.749439
3382.379423
3382.569437
3382.743061
3382.773107
3382.855604
3383.013976
3383.068764
3383.151349
3383.231539
3383.382458
3383.410986
3383.485202
3383.533214
3383.898532
3383.949729
3383.951451
3383.9533
3384.005688
3384.100245
3384.123194
3384.255749
3384.309095
3384.361089
3384.419147
3384.444185
3384.483109
3384.652487
3384.770672
3384.922072
3385.074468
3385.081384
3385.206538
3385.25904
3385.342633
3385.444884
3385.464725
3385.709848
3386.050539
3386.322589
3386.325922
3386.334268
3386.370267
3386.404407
3386.644399
3386.875903
3387.004384
3387.195891
3387.513685
3387.736565
3387.843404
3387.846204
3387.967921
3388.276762
3388.29188
3388.531209
3388.87362
3389.080846
3389.110804
3389.171479
3389.263749
3389.53195
3389.670848
3389.718236
3390.045148
3390.222758
3390.457378
3390.922152
3391.0979
3391.155686
3391.237163
3391.651613
3392.202187
3392.261688
3392.395894
3392.413335
3392.766557
3392.979989
3393.067444
3393.654865
3393.719462
3393.758245
3393.781626
3393.836395
3393.879316
3393.899492
3394.191721
3394.221107
3394.347232
3394.428968
3394.790857
3394.945972
3394.972553
3394.984717
3395.082314
3395.145759
3395.31464
3395.374695
3395.502517
3395.651604
3395.700794
3395.793833
3396.039815
3396.201828
3396.602215
3396.663438
3396.708088
3396.728273
3396.758977
3397.275369
3397.434288
3398.477126
3398.567809
3398.66899
3398.705267
3398.793871
3399.159862
3399.583399
3399.847503
3399.860039
3399.963858
3400.347839
3400.48362
3400.562279
3400.80454
3401.218373
3401.508456
3401.529102
3401.551262
3402.157755
3402.27288
3402.362204
3402.383003
3402.56843
3402.615083
3402.62429
3403.034626
3403.058811
3403.297969
3403.574879
3403.584836
3403.787906
3403.893142
3403.921097
3404.320263
3404.333389
3404.434823
3404.907745
3404.928251
3404.990436
3405.082242
3405.637601
3405.888385
3406.258489
3406.517809
3406.73633
3407.012005
3407.018764
3407.53367
3407.766866
3407.880655
3407.893836
3408.050774
3408.241115
3408.378452
3408.540383
3408.541019
3408.909557
3408.965232
3409.246771
3409.448842
3409.724543
3409.950951
3410.089843
3410.127751
3410.81087
3410.969674
3411.086329
3411.180063
3412.13775
3412.223749
3412.244865
3412.368472
3412.506839
3412.625628
3412.675906
3412.687239
3413.252356
3413.576316
3413.616441
3413.708388
3413.744006
3413.866811
3414.085198
3414.141114
3414.22037
3414.467514
3414.821866
3414.947932
3415.26326
3415.442585
3415.927251
3416.106598
3416.108798
3416.10907
3416.314025
3416.345461
3417.118671
3417.176684
3417.232533
3417.32122
3417.429126
3417.492094
3417.760109
3417.875602
3418.08587
3418.099716
3418.339366
3418.375589
3418.427504
3418.445114
3418.66504
3419.215068
3419.389807
3419.441892
3419.461925
3419.977366
3420.080325
3420.427768
3420.440578
3420.771682
3420.809239
3420.862865
3421.296949
3421.297141
3421.30013
3421.387922
3421.875184
3422.114255
3422.289044
3423.12722
3423.451041
3423.452691
3423.465297
3423.489666
3423.527167
3423.834264
3424.280457
3424.653804
3424.919415
3425.075811
3425.348756
3425.611694
3425.958224
3426.100532
3426.290558
3426.381634
3426.38672
3426.54179
3426.55858
3426.665062
3426.811327
3426.965911
3427.458491
3427.625696
3427.714651
3427.837072
3427.843258
3427.859031
3427.92843
3427.944148
3428.017926
3428.587975
3428.786588
3428.902714
3428.985753
3429.530281
3429.547165
3429.630404
3429.66409
3430.813202
3430.929446
3430.962894
3430.963385
3430.96844
3431.165017
3431.166881
3431.277597
3431.793961
3432.294516
3432.309478
3432.390052
3432.717416
3433.161118
3433.203437
3433.3683
3433.813666
3434.259487
3434.27594
3434.529935
3434.573646
3434.875763
3435.569947
3436.032532
3436.076344
3437.461794
3437.561173
3437.747022
3438.338783
3439.649066
3440.218151
3440.553493
3440.565136
3440.777959
3440.817456
3440.837336
3441.130439
3441.889248
3441.892609
3443.896714
3444.094015
3444.200325
3445.098078
3445.491107
3445.585464
3445.775595
3445.976417
3446.930044
3446.95805
3447.299178
3447.572074
3447.605274
3447.719569
3448.066056
3448.41512
3448.490961
3448.547472
3448.89722
3449.709818
3449.917856
3450.4417
3451.608492
3452.044468
3452.094658
3452.523564
3453.731364
3453.860368
3453.997096
3455.554202
3456.506874
3456.608459
3456.75291
3457.000215
3457.545694
3458.501653
3458.953417
3459.043252
3459.27043
3459.509448
3459.758811
3460.115426
3460.152912
3460.601996
3461.083617
3461.291547
3461.828015
3462.086225
3462.91727
3463.390996
3463.529775
3463.719062
3463.843543
3464.416517
3466.183919
3466.336905
3466.709167
3466.845238
3467.107251
3468.006445
3468.836074
3468.910056
3469.966498
3470.096226
3470.380475
3470.950035
3471.27485
3471.315568
3471.802565
3472.304535
3472.570103
3473.222653
3473.553487
3473.583719
3474.350275
3474.692019
3475.394479
3476.730864
3477.476891
3478.282254
3478.311316
3478.432976
3478.674103
3478.717305
3479.624112
3480.031198
3481.346498
3481.453682
3481.913818
3482.028999
3482.488564
3482.903181
3483.798643
3484.080897
3484.129248
3484.315076
3484.474197
3484.488311
3485.236853
3485.407135
3487.187016
3487.619446
3488.727475
3489.240216
3489.8308
3489.93458
3490.534052
3491.290117
3491.565696
3491.875937
3495.124413
3495.499341
3495.778699
3495.779527
3495.800697
3495.985519
3497.228862
3497.547467
3497.953843
3498.133035
3498.377754
3498.397822
3498.889459
3499.032467
3499.074359
3499.856259
3499.97344
3500.138937
3502.36238
3503.036308
3504.263201
3504.387229
3504.499593
3506.870937
3508.190084
3509.142519
3509.283457
3509.696823
3509.709541
3510.087135
3511.025467
3512.345055
3512.715932
3513.474086
3513.593626
3513.598063
3514.084534
3514.541769
3516.055024
3516.880883
3517.709347
3517.833964
3518.135252
3519.628233
3520.126494
3521.020191
3524.79091
3524.807641
3526.303087
3526.405471
3527.883105
3528.416122
3529.473441
3532.604701
3532.70752
3532.755692
3535.800701
3535.833845
3536.169649
3537.578948
3538.948469
3539.108358
3540.290209
3540.932562
3541.588478
3542.514157
3543.609021
3545.254041
3548.575801
3549.360639
3552.775238
3553.213147
3554.370424
3559.85782
3560.026033
3561.033434
3562.499095
3562.580337
3563.21823
3566.483943
3566.48487
3567.879704
3568.438327
3570.941966
3571.098993
3572.92229
3574.246634
3574.735875
3577.261565
3578.736021
3579.243589
3583.506761
3584.895195
3585.321097
3586.502734
3587.483542
3592.737859
3594.890174
3596.996676
3597.922732
3598.105696
3599.719386
3599.831604
3602.877564
3607.284438
3608.657265
3609.858166
3613.458974
3613.557475
3614.601147
3615.811572
3621.08264
3623.069134
3627.278506
3630.832204
3633.16119
3633.612087
3634.349617
3640.084682
3641.428667
3642.676451
3646.688331
3651.268143
3651.810196
3652.925476
3653.979731
3660.414086
3660.913345
3661.075425
3662.959668
3666.216649
3668.009044
3668.089292
3671.941525
3672.996904
3676.000019
3681.657844
3685.122413
3685.438989
3687.189283
3691.834444
3700.173207
3702.473514
3706.065988
3708.49264
3709.556702
3711.335648
3723.397593
3738.558158
3750.245392
3755.691287
3763.93818
3801.964271
3809.396146
3834.140643
3842.349941
3980.096492
4005.478301
4056.241454
4115.398402
4137.440955
4148.991463
4149.607228
4167.910477
4172.134809
4179.42566
4181.140582
4190.746173
4208.52881
4256.625881
4263.100139
4285.913022
4359.245065
4506.364813
4555.480602
4627.593879
4637.267081
4657.063695
4669.722101
4693.702942
4701.718232
4711.823017
4740.275061
4758.329938
4773.155712
4810.381097
4811.546018
4825.476274
4831.679677
4836.69177
4851.320827
4853.129114
4854.312925
4868.530051
4872.415423
4879.46841
4882.099371
4886.696438
4912.439548
4926.551715
4941.663066
4950.39839
4952.892089
4960.021286
4987.444915
5002.562573
5038.28903
5040.563762
5051.800056
5066.788192
5077.095144
5088.195547
5094.741934
5095.022265
5098.569727
5112.856322
5119.674495
5124.645117
5137.66145
5155.635503
5156.343576
5159.027257
5162.227709
5199.370808
5203.649862
5206.283992
5207.276919
5214.277898
5215.88023
5236.320673
5264.164783
5284.280527
5301.803111
5303.588664
5306.35876
5318.153123
5349.136757
5431.743158
5490.567667
5790.712293
