1.490028
1.507893
7.413337
7.46434
7.52772
7.596447
7.683796
8.355392
8.744379
8.887241
9.00919
9.1759
9.286146
9.30356
9.516605
9.697365
9.82247
9.906612
9.912817
9.935305
10.17308
10.452205
10.521228
10.584609
10.692657
10.713485
10.725912
10.741093
10.792003
10.817782
10.93299
11.046637
11.210176
11.212788
11.291948
11.326813
11.422232
11.450692
11.626781
11.670006
11.860028
11.891695
11.949141
11.960716
12.022706
12.066694
12.087131
12.119613
12.268323
12.275878
12.395462
12.425441
12.439949
12.534502
12.642692
12.799233
12.988908
13.012265
13.060035
13.062231
13.095162
13.104365
13.294081
13.350637
13.448037
13.470966
13.618154
13.661641
13.805459
13.809461
13.816909
13.925172
14.017687
14.11687
14.120424
14.257593
14.289189
14.716789
14.768642
14.89846
14.903268
14.959299
15.003332
15.114138
15.251316
15.283453
15.296848
15.326603
15.4323
15.435808
15.448495
15.489046
15.49388
15.498584
15.588285
15.733772
15.789899
15.82068
15.823369
15.872197
15.884235
15.900288
15.94255
15.987636
16.013126
16.063756
16.18859
16.406785
16.510304
16.582339
16.645549
16.925896
17.00552
17.045846
17.261123
17.351067
17.418958
17.483133
17.489759
17.55889
17.583683
17.691415
17.948464
18.050367
18.198407
18.282398
18.317186
18.386055
18.478197
18.511404
18.654266
18.65741
18.803132
18.816917
18.856361
18.882776
18.93379
18.942402
18.990022
19.134022
19.240677
19.260291
19.275937
19.292174
19.509735
19.519953
19.671235
19.678503
19.706378
19.712296
19.772739
19.785631
20.084178
20.220613
20.244303
20.339879
20.359652
20.43713
20.540124
20.592813
20.906174
20.93943
20.958459
21.085981
21.193405
21.232223
21.608562
21.69795
21.803148
22.04876
22.054647
22.458696
22.616174
22.66481
22.756102
22.773923
22.828633
22.841332
23.007226
23.050544
23.596258
23.878817
23.929322
24.066893
24.073432
24.210449
24.493105
24.56181
24.687104
25.072071
25.378797
25.382229
25.437683
26.074442
26.09555
26.125146
26.250085
26.374067
26.703964
26.73967
26.922895
26.941518
27.383536
28.215894
28.436255
28.441942
28.66047
28.67152
29.115138
29.207021
29.468966
29.654858
30.001347
30.479367
31.144462
31.169394
31.574901
32.944919
33.791017
33.836155
33.919151
34.354653
34.66567
35.852228
35.96889
36.916129
38.310736
38.987116
40.238332
40.535106
41.963426
42.108173
46.926328
47.157798
47.698188
48.859443
49.303825
51.137108
51.910675
52.503454
59.501193
61.05617
61.786827
69.281154
70.042088
70.823935
80.597648
96.921597
104.945966
106.773684
108.839001
108.888414
112.886548
113.690574
114.231864
115.048902
116.552242
116.964016
118.062142
119.041993
119.554284
119.939365
119.967685
121.352411
121.356322
121.810258
122.398743
122.699938
122.830113
122.926009
123.68248
123.686411
123.695335
123.821617
123.947758
123.991004
124.044923
124.257267
124.88446
125.17714
125.273418
125.289834
125.29821
125.346854
125.426832
125.488078
126.109607
126.620165
126.654891
126.698299
126.776167
127.120403
127.181064
127.310126
127.340076
127.491813
127.676546
127.70501
127.943515
128.249821
128.346262
128.625817
128.647868
128.653194
128.907492
128.930959
129.002043
129.018042
129.023222
129.29012
129.372764
129.388947
129.423822
129.473373
129.633655
129.945565
130.295992
130.555781
130.716917
130.720058
131.165751
131.267492
131.270809
131.315659
131.557166
131.603123
131.702646
131.749382
131.799385
131.987416
132.568768
132.876939
132.88854
133.244934
133.663642
133.866397
134.083378
134.178811
134.6997
135.193194
135.350609
136.243649
136.526976
137.304054
137.332119
137.416488
137.554556
138.27385
138.594764
139.153576
139.398078
140.057279
140.096276
140.274435
140.365776
140.705061
140.873311
141.047115
141.346146
141.564914
141.778674
142.31467
144.002253
144.341381
144.616019
146.359345
147.629764
149.043786
149.591392
150.224233
151.98042
152.433185
153.08437
156.010514
157.615943
159.364328
160.600385
161.042342
161.101828
161.500538
163.980163
167.174432
168.341683
169.530996
172.139272
172.851935
173.236353
173.63108
175.107934
177.069025
177.494597
177.986141
179.967588
180.757787
181.21501
182.249307
182.617893
183.096059
184.516311
185.443211
185.712525
186.161523
188.383592
194.465894
194.493522
195.037349
200.239587
203.807182
204.802649
207.745151
209.74134
210.097043
210.368896
211.462827
211.821833
216.858551
217.948573
218.082382
218.481291
220.222446
220.729416
222.112992
222.336524
224.93969
225.100751
225.912128
228.030342
228.504032
230.145839
231.31084
232.3898
232.935165
232.983679
233.295571
234.789142
235.581553
235.684701
236.477739
236.910879
237.456437
241.04107
241.269529
241.709621
242.426797
242.960659
243.266801
244.251314
244.785614
244.826341
245.057023
246.315168
248.350049
248.738292
248.781487
248.923741
249.743591
252.509329
254.477376
257.224774
257.853797
258.45611
259.849498
262.013443
263.268698
265.345436
267.227323
267.995649
272.808182
273.343906
274.141008
276.519052
276.836323
278.438057
281.481118
281.571049
290.476134
290.592268
292.773103
294.488877
296.566689
304.679415
307.364905
309.022331
315.627384
316.519961
317.226462
318.862382
322.735359
331.302606
331.410491
332.571429
333.752917
336.670387
338.02632
342.387033
345.141708
345.804749
348.058669
348.324119
348.842224
351.977751
353.083761
353.234661
356.96212
363.769116
369.310259
369.945852
371.090255
382.409804
383.324818
386.868089
406.640619
408.519531
410.127112
411.525644
414.472743
414.577653
419.467288
421.356775
421.421815
425.259298
425.895112
432.438823
434.442382
439.435593
447.756004
450.291614
452.805668
455.168037
457.987849
466.292891
469.738188
473.962313
474.615412
477.21758
485.050233
486.97412
487.95563
488.195999
491.941085
493.736839
497.561461
498.336362
503.055611
509.51986
511.024215
515.481636
515.490268
520.490403
522.464775
524.655109
534.756083
538.581291
549.417355
561.611902
563.867102
574.716025
576.422886
577.903976
583.656025
585.891198
587.328255
590.497554
591.391932
600.836558
607.502019
607.639826
615.699679
623.972962
630.498229
630.747227
635.990123
638.474537
642.0368
654.113696
657.317779
662.154788
664.772763
666.231611
676.343478
677.134914
680.85405
685.223659
694.132608
694.34687
698.840707
700.486138
706.262013
707.892297
708.47342
709.183111
714.474164
718.873935
719.586406
720.367413
742.489643
783.15076
787.888211
792.884819
798.880533
801.11053
854.590417
862.625314
869.499024
932.342359
964.789063
990.914854
1068.469515
1076.744175
1117.080973
1158.347946
1194.521073
1214.132224
1237.122395
1240.769788
1241.688825
1241.718724
1246.462773
1246.53077
1248.372807
1254.300098
1255.758068
1268.489898
1270.743318
1272.861159
1278.408633
1283.495737
1284.51182
1290.350958
1296.366752
1309.810546
1314.459437
1318.808818
1406.103224
1565.711372
1730.107321
1754.594857
2143.147933
4647.77655
4779.14024
6813.325597
6831.382198
