9.935305
152.433185
153.08437
200.239587
204.802649
209.74134
216.858551
222.336524
242.960659
244.785614
258.45611
272.808182
276.519052
278.438057
356.96212
369.310259
419.467288
421.421815
425.895112
432.438823
439.435593
455.168037
466.292891
473.962313
474.615412
485.050233
486.97412
488.195999
493.736839
503.055611
511.024215
515.481636
522.464775
524.655109
534.756083
576.422886
600.836558
657.317779
662.154788
666.231611
706.262013
792.884819
798.880533
932.342359
1214.132224
1237.122395
1241.688825
1246.462773
1246.53077
1248.372807
1268.489898
1270.743318
1278.408633
1283.495737
1284.51182
1296.366752
1309.810546
1314.459437
1318.808818
1406.103224
