643.603645
659.20103
672.135543
675.686225
682.860827
696.109586
698.346978
701.901987
702.42618
703.026825
706.19843
714.652449
717.385604
718.663046
724.379613
724.397791
725.396702
725.517523
726.768686
728.336101
729.138984
731.756735
733.513309
737.405776
738.891076
745.053779
747.871114
748.351793
748.87662
749.131856
752.572353
752.930351
756.808539
761.220215
762.873521
763.957267
764.256767
769.103203
772.099397
779.878048
780.129696
782.727627
788.366943
788.894179
792.103015
792.373086
793.910134
794.288479
794.586444
794.64071
795.090915
801.41006
802.054535
803.806606
809.709632
812.031576
813.691832
814.226869
816.163877
818.438482
819.229221
820.455936
820.569568
823.146842
823.622602
825.34916
828.148461
829.599971
831.767848
833.912013
835.762873
836.144039
836.303571
837.454983
837.599577
839.343664
840.291543
840.374345
840.510599
842.033904
842.646388
845.31827
845.750492
846.453351
850.242692
852.361346
856.207547
859.846972
861.519475
863.492334
864.175871
872.222551
873.162669
875.104584
879.349137
885.905664
886.409475
886.585554
907.575697
909.180054
909.82246
913.945579
916.273324
916.796884
925.891946
935.578767
936.239878
942.65259
942.665109
943.576415
949.340777
951.526637
985.612975
985.871335
986.852103
1023.621916
1025.800112
1037.966998
1048.024832
1049.816115
1064.085088
1071.551092
1086.255027
1092.520754
1093.304906
1094.553092
1094.561956
1095.605445
1096.818628
1096.958278
1098.390312
1098.476899
1099.07944
1099.808924
1099.962657
1101.491254
1102.175616
1102.564185
1102.727645
1103.660631
1103.829503
1105.128741
1105.200342
1105.776632
1106.146974
1107.523635
1107.811285
1107.988179
1108.245647
1108.726005
1108.82495
1109.020351
1109.522503
1110.367315
1110.783046
1111.299329
1111.353217
1112.502034
1112.903496
1113.275068
1114.308495
1114.34932
1114.442329
1114.971234
1115.070039
1115.129892
1115.220142
1115.244268
1115.714597
1115.859123
1116.09902
1116.185234
1116.229236
1116.249693
1116.293045
1116.609475
1116.747836
1116.834209
1116.983345
1117.320268
1118.308444
1118.311902
1118.586619
1118.790483
1119.304052
1119.400182
1119.690722
1119.985226
1120.064451
1120.278146
1120.378315
1120.416103
1121.318532
1121.717482
1121.820081
1121.822848
1122.473078
1122.50908
1122.75741
1122.95111
1123.148315
1123.464299
1123.837545
1124.03065
1124.514561
1124.581188
1124.612262
1124.766844
1124.955856
1124.983162
1125.183161
1125.245351
1125.974666
1126.495444
1126.676098
1126.758166
1126.880457
1126.930271
1127.622036
1127.726587
1127.765277
1127.965396
1128.043444
1128.264866
1128.651192
1129.111321
1129.130443
1129.217646
1129.255676
1129.354343
1129.361399
1129.519506
1129.631726
1129.985693
1130.135996
1130.496321
1130.55226
1130.942249
1131.315657
1131.368462
1131.645862
1131.728291
1132.052127
1132.145549
1132.34849
1132.479547
1132.518063
1132.835598
1133.017843
1133.049194
1133.28213
1133.462436
1133.611497
1133.641731
1133.761556
1134.068776
1134.071643
1134.250991
1134.423334
1134.591936
1134.70353
1134.720819
1134.975248
1135.022398
1135.078914
1135.504359
1135.54705
1135.651973
1135.703384
1135.774549
1136.324642
1136.341337
1136.708751
1136.798058
1136.799065
1137.006691
1137.151626
1137.425091
1137.543613
1137.597984
1137.680118
1137.847952
1137.908272
1137.923821
1137.948885
1137.975125
1138.369619
1138.373432
1138.469427
1138.663187
1138.748334
1138.940388
1139.167737
1139.264436
1139.29247
1139.436677
1139.638313
1139.676804
1139.758311
1139.838044
1139.958605
1139.971744
1139.972894
1139.978576
1140.030637
1140.137578
1140.243145
1140.311124
1140.373492
1140.385457
1140.54108
1140.542818
1140.542844
1140.649282
1140.934109
1141.002245
1141.056649
1141.111623
1141.245375
1141.346784
1141.452913
1141.668284
1141.675532
1141.699324
1141.858638
1141.89014
1141.910106
1142.08586
1142.113838
1142.230585
1142.248431
1142.320895
1142.344951
1142.586131
1142.89519
1143.070077
1143.087934
1143.092264
1143.246207
1143.317212
1143.332975
1143.408492
1143.595603
1143.947401
1143.956418
1144.113386
1144.133299
1144.303926
1144.660217
1144.726291
1144.733673
1144.755652
1145.087361
1145.163698
1145.248179
1145.35068
1145.437543
1145.443366
1145.612968
1145.679625
1145.770619
1145.777862
1145.821288
1145.999931
1146.031115
1146.031474
1146.113053
1146.223297
1146.502815
1146.526846
1146.572444
1146.633841
1146.708853
1146.938933
1147.355161
1147.496242
1147.61059
1147.662161
1147.671629
1147.694823
1147.705802
1147.749703
1147.837109
1148.010219
1148.047879
1148.070812
1148.091553
1148.09877
1148.12909
1148.135059
1148.519402
1148.596739
1148.660451
1148.701459
1148.973517
1149.004786
1149.02698
1149.087936
1149.294998
1149.37919
1149.406532
1149.419671
1149.544163
1149.666638
1149.752632
1149.943102
1150.047478
1150.05293
1150.093665
1150.205667
1150.644564
1150.713169
1150.716109
1150.912832
1151.177205
1151.196498
1151.287715
1151.377723
1151.412384
1151.420905
1151.518193
1151.610546
1151.682991
1151.699743
1151.86816
1151.918296
1151.918981
1151.937428
1151.972157
1152.001403
1152.298489
1152.306184
1152.3332
1152.335309
1152.467518
1152.564915
1152.58998
1152.613958
1152.626008
1152.713898
1152.940009
1153.102058
1153.113334
1153.120283
1153.227054
1153.301941
1153.45107
1153.589956
1153.693463
1153.699391
1153.710286
1153.731906
1153.818091
1153.905515
1154.139945
1154.41762
1154.519331
1154.523014
1154.528532
1154.55394
1154.557991
1154.612771
1154.630193
1154.80533
1154.893052
1154.914928
1154.939908
1154.945387
1154.945683
1154.9807
1154.991304
1155.176855
1155.33068
1155.3373
1155.397782
1155.557411
1155.685333
1155.772303
1155.775227
1155.795872
1155.928614
1156.00787
1156.085221
1156.198849
1156.319184
1156.325824
1156.401105
1156.537446
1156.739727
1156.868882
1156.916755
1156.953246
1156.965863
1156.971372
1157.001171
1157.01694
1157.049537
1157.136304
1157.273499
1157.303329
1157.325186
1157.33638
1157.362058
1157.421787
1157.603654
1157.882386
1157.959534
1158.079601
1158.135363
1158.185207
1158.284689
1158.456819
1158.473116
1158.4821
1158.493364
1158.663748
1158.75963
1158.908734
1158.975986
1159.104952
1159.309384
1159.354529
1159.741865
1159.759913
1159.820102
1159.923388
1160.185482
1160.390435
1160.563726
1160.567875
1160.574296
1160.698977
1160.733128
1160.752826
1160.874257
1160.88557
1160.89163
1161.022814
1161.081568
1161.111959
1161.23728
1161.354429
1161.407021
1161.41941
1161.431172
1161.441365
1161.502793
1161.55213
1161.560645
1161.61659
1161.635968
1161.819162
1161.856013
1161.911701
1161.94453
1161.968841
1162.072677
1162.117124
1162.159211
1162.395457
1162.466795
1162.485349
1162.514042
1162.619839
1162.718097
1162.92815
1163.008369
1163.066157
1163.591793
1163.736208
1163.780375
1163.90763
1163.921963
1164.037932
1164.085648
1164.129196
1164.1335
1164.241399
1164.310553
1164.340225
1164.355518
1164.406423
1164.563949
1164.573583
1164.670671
1164.717197
1164.802581
1164.891544
1164.916692
1164.962152
1164.999861
1165.213877
1165.260982
1165.393613
1165.407892
1165.471247
1165.510628
1165.525632
1165.6734
1165.750848
1165.790398
1165.897984
1165.932493
1165.96824
1165.988193
1166.027184
1166.033586
1166.056282
1166.174109
1166.213189
1166.372041
1166.377417
1166.402241
1166.540913
1166.564694
1166.66214
1166.780846
1166.798918
1166.939728
1166.955711
1166.990699
1166.99504
1167.018408
1167.141986
1167.318794
1167.374297
1167.884277
1168.146159
1168.184933
1168.206801
1168.789268
1168.829236
1168.868808
1168.923089
1168.936572
1169.222735
1169.26322
1169.263563
1169.287706
1169.345503
1169.502802
1169.578668
1169.585512
1169.749375
1169.763107
1169.855589
1169.864957
1169.913123
1169.954716
1169.971586
1170.079591
1170.122449
1170.370083
1170.405598
1170.422344
1170.437526
1170.486493
1170.528664
1170.57236
1170.597672
1170.606237
1170.665217
1170.665356
1170.721818
1170.853405
1170.925525
1171.003201
1171.012062
1171.051629
1171.103965
1171.136012
1171.168532
1171.292233
1171.3204
1171.351868
1171.469105
1171.612652
1171.639068
1171.710578
1171.747462
1171.761643
1171.777715
1171.787757
1171.807608
1171.834586
1171.875632
1171.983142
1171.992155
1172.016142
1172.110869
1172.196396
1172.249067
1172.266466
1172.307806
1172.308273
1172.379673
1172.386906
1172.392409
1172.399072
1172.51403
1172.531193
1172.677495
1172.749617
1172.750765
1172.839718
1172.860364
1172.871211
1172.879245
1172.908592
1172.919254
1173.088079
1173.19293
1173.201312
1173.243111
1173.298288
1173.353723
1173.605127
1173.610609
1173.638713
1173.709437
1173.712918
1173.734151
1173.752357
1173.762537
1173.815121
1173.909838
1174.210594
1174.288669
1174.319975
1174.397975
1174.433873
1174.434245
1174.451079
1174.470786
1174.602839
1174.668558
1174.684947
1174.747522
1175.039737
1175.099525
1175.135734
1175.247648
1175.281291
1175.404648
1175.434837
1175.505997
1175.542819
1175.556728
1175.712885
1175.728046
1175.870626
1175.873569
1175.949397
1175.961407
1176.023659
1176.14579
1176.164985
1176.216551
1176.333802
1176.341885
1176.392844
1176.45697
1176.457011
1176.485611
1176.500381
1176.526801
1176.53617
1176.578048
1176.609244
1176.682513
1177.097284
1177.163284
1177.184475
1177.230319
1177.264232
1177.268617
1177.300817
1177.307158
1177.424994
1177.426897
1177.443107
1177.569957
1177.571345
1177.618414
1177.638507
1177.641059
1177.644513
1177.751432
1177.751782
1177.833736
1177.909677
1177.921399
1177.952579
1177.994776
1178.028029
1178.039448
1178.055372
1178.096895
1178.126301
1178.189175
1178.204327
1178.227358
1178.247448
1178.259661
1178.445247
1178.490398
1178.540218
1178.656693
1178.662886
1178.713086
1178.766692
1178.860425
1178.965887
1178.973263
1179.000053
1179.0124
1179.042545
1179.134754
1179.148394
1179.162129
1179.173418
1179.252558
1179.529562
1179.623434
1179.643036
1179.654644
1179.697149
1179.719819
1179.761881
1179.808944
1179.81462
1179.880948
1179.968217
1180.096804
1180.146377
1180.237206
1180.37134
1180.425518
1180.47483
1180.609702
1180.6394
1180.731831
1180.741255
1180.768957
1180.773442
1180.844164
1180.911776
1180.940637
1181.079489
1181.098888
1181.2393
1181.35676
1181.371959
1181.388143
1181.397473
1181.481207
1181.492187
1181.519701
1181.523121
1181.534328
1181.671368
1181.738884
1181.94541
1181.947394
1182.010799
1182.02685
1182.031535
1182.03488
1182.081026
1182.103957
1182.161196
1182.203823
1182.208023
1182.240513
1182.252583
1182.265613
1182.338498
1182.370362
1182.372975
1182.489929
1182.516558
1182.531521
1182.66017
1182.667599
1182.682755
1182.772471
1182.784748
1182.965156
1183.089152
1183.180876
1183.273801
1183.28171
1183.28883
1183.452142
1183.45337
1183.460568
1183.522723
1183.565977
1183.579083
1183.66486
1183.69513
1183.769856
1183.775584
1183.897491
1183.913215
1184.079032
1184.118951
1184.127352
1184.137648
1184.159753
1184.210343
1184.237962
1184.319379
1184.472725
1184.485484
1184.485764
1184.529934
1184.619015
1184.653976
1184.673626
1184.694205
1184.712844
1184.873004
1184.886246
1184.895312
1184.932652
1184.990674
1185.095449
1185.174943
1185.194531
1185.226708
1185.358279
1185.406902
1185.449578
1185.570976
1185.652438
1185.657899
1185.681255
1185.829708
1185.875671
1185.885159
1186.030228
1186.186889
1186.294875
1186.325273
1186.342338
1186.347322
1186.443945
1186.504023
1186.548164
1186.588541
1186.791877
1186.793943
1186.896158
1186.921694
1187.075178
1187.146886
1187.156552
1187.212986
1187.305088
1187.335086
1187.440873
1187.464805
1187.486472
1187.599355
1187.679962
1187.736774
1187.776124
1187.924467
1187.958583
1188.175136
1188.199464
1188.224516
1188.304968
1188.309056
1188.324105
1188.375054
1188.456192
1188.475865
1188.507612
1188.706693
1188.75524
1188.773672
1188.9265
1188.962514
1188.977648
1189.045662
1189.0566
1189.107831
1189.160936
1189.251417
1189.252818
1189.286195
1189.311716
1189.418863
1189.449033
1189.52131
1189.584211
1189.646823
1189.699607
1189.809673
1189.810304
1189.853527
1189.871646
1189.916884
1189.958485
1190.024966
1190.044373
1190.055619
1190.096021
1190.218478
1190.222805
1190.241741
1190.280689
1190.298324
1190.339157
1190.359513
1190.371149
1190.435715
1190.460989
1190.475146
1190.488104
1190.538577
1190.559877
1190.637388
1190.637716
1190.703224
1190.714328
1190.863832
1190.900834
1190.97797
1191.082624
1191.095091
1191.128037
1191.134352
1191.140169
1191.153294
1191.355593
1191.506637
1191.520558
1191.526045
1191.597045
1191.624999
1191.651722
1191.657763
1191.727745
1191.732463
1191.756328
1191.886072
1191.903644
1191.920793
1191.955616
1191.9846
1192.066538
1192.130331
1192.279343
1192.326241
1192.346668
1192.387422
1192.441117
1192.486969
1192.504906
1192.575625
1192.630025
1192.811181
1192.874476
1192.875231
1192.878677
1193.112825
1193.160205
1193.165783
1193.190745
1193.246643
1193.348131
1193.377567
1193.429033
1193.508797
1193.519711
1193.551334
1193.582787
1193.613458
1193.657625
1193.705999
1193.739642
1193.775754
1193.780348
1193.812877
1193.843044
1193.857034
1193.957693
1194.025026
1194.027077
1194.17546
1194.392721
1194.401168
1194.444258
1194.5192
1194.573246
1194.845131
1194.990152
1195.074855
1195.135083
1195.196422
1195.320645
1195.321786
1195.334928
1195.415743
1195.629555
1195.779138
1195.804322
1195.816834
1195.867684
1195.939745
1195.959014
1196.057507
1196.099421
1196.131109
1196.174174
1196.205992
1196.218064
1196.255467
1196.309671
1196.434474
1196.480143
1196.50509
1196.569175
1196.580563
1196.672209
1196.758518
1196.863779
1196.925568
1197.128344
1197.158279
1197.227175
1197.480624
1197.493222
1197.528785
1197.552164
1197.597291
1197.610802
1197.653313
1197.653681
1197.744392
1197.744848
1197.758614
1197.816696
1197.851837
1197.977046
1198.008913
1198.152694
1198.194647
1198.235981
1198.362909
1198.373318
1198.406704
1198.447512
1198.519647
1198.528846
1198.529754
1198.594448
1198.597326
1198.677224
1198.830128
1198.881271
1198.979949
1198.984558
1199.066158
1199.15723
1199.179033
1199.307321
1199.352226
1199.357369
1199.372377
1199.395238
1199.513963
1199.526705
1199.570406
1199.585507
1199.630595
1199.686261
1199.765536
1199.824229
1199.915561
1200.053732
1200.206196
1200.291533
1200.405742
1200.448276
1200.474397
1200.549844
1200.575202
1200.576257
1200.678242
1200.678975
1200.703743
1200.736131
1200.808483
1200.842385
1200.907239
1200.995304
1201.169965
1201.181972
1201.183618
1201.26794
1201.280629
1201.373019
1201.39997
1201.406898
1201.412205
1201.433069
1201.451499
1201.575343
1201.584368
1201.611652
1201.686914
1201.705775
1201.707799
1201.72996
1201.741212
1201.81726
1201.849271
1202.001545
1202.067568
1202.069829
1202.119278
1202.19502
1202.225682
1202.300161
1202.319693
1202.464704
1202.491151
1202.5636
1202.565278
1202.614393
1202.616283
1202.645188
1202.698751
1202.771434
1202.834709
1202.904757
1202.935283
1202.939701
1202.993689
1202.996073
1203.011787
1203.046231
1203.057475
1203.085502
1203.152196
1203.192862
1203.206142
1203.297486
1203.328044
1203.338755
1203.368896
1203.43691
1203.439514
1203.449581
1203.470473
1203.627106
1203.766465
1203.779521
1203.782471
1203.79112
1203.966536
1203.985485
1204.121038
1204.159893
1204.239531
1204.249312
1204.422941
1204.481437
1204.64619
1204.762021
1204.763176
1204.820006
1204.824501
1204.857347
1204.876925
1204.882627
1204.885722
1204.897296
1204.913011
1204.974482
1205.025844
1205.090006
1205.133136
1205.141475
1205.208499
1205.219787
1205.25883
1205.300878
1205.379777
1205.424232
1205.509511
1205.521261
1205.522819
1205.594987
1205.692886
1205.704878
1205.757894
1205.889826
1205.927188
1205.966029
1205.990001
1206.009951
1206.022239
1206.128383
1206.179788
1206.18233
1206.234889
1206.274233
1206.285274
1206.381545
1206.452146
1206.510816
1206.517627
1206.521283
1206.547132
1206.619313
1206.641852
1206.781925
1206.821836
1206.833696
1206.837362
1206.885581
1207.032691
1207.04129
1207.268846
1207.283922
1207.532319
1207.69554
1207.713345
1207.719305
1207.830939
1207.895771
1207.96789
1208.004484
1208.080432
1208.220807
1208.261244
1208.262905
1208.320395
1208.406082
1208.629879
1208.679313
1208.692669
1208.700565
1208.804658
1208.85711
1208.890266
1208.895459
1209.109377
1209.259295
1209.322499
1209.375071
1209.416034
1209.441619
1209.446702
1209.482301
1209.48715
1209.523236
1209.556437
1209.59461
1209.600593
1209.863264
1209.921729
1209.925479
1209.944847
1209.989973
1210.033897
1210.057902
1210.12089
1210.144523
1210.155616
1210.219565
1210.275015
1210.360985
1210.39097
1210.466022
1210.564696
1210.588077
1210.755889
1210.767371
1210.806411
1210.845123
1210.882936
1210.928061
1211.02257
1211.260623
1211.299069
1211.355237
1211.389713
1211.393443
1211.405479
1211.42172
1211.463662
1211.486266
1211.528673
1211.558465
1211.649591
1211.710396
1211.719006
1211.773916
1211.868016
1211.874742
1211.899116
1211.909311
1212.064103
1212.348932
1212.406118
1212.513928
1212.523947
1212.538028
1212.58317
1212.584422
1212.6033
1212.627236
1212.743335
1212.857214
1212.955298
1213.150849
1213.244155
1213.290986
1213.299827
1213.364691
1213.369839
1213.410381
1213.464987
1213.501142
1213.558409
1213.580006
1213.656825
1213.867646
1214.023326
1214.05224
1214.070852
1214.118483
1214.123779
1214.148807
1214.254677
1214.289441
1214.317823
1214.361659
1214.368926
1214.387985
1214.430328
1214.508014
1214.509137
1214.573148
1214.711192
1215.080993
1215.102517
1215.135503
1215.272147
1215.321595
1215.400794
1215.427106
1215.449893
1215.549822
1215.66189
1215.770281
1215.791653
1215.949324
1215.955392
1216.070747
1216.287996
1216.323467
1216.383821
1216.569843
1216.593354
1216.626953
1216.704846
1216.744589
1216.869507
1216.885302
1216.890288
1216.916152
1217.093886
1217.216465
1217.228526
1217.286863
1217.387168
1217.439053
1217.575145
1217.619887
1217.678557
1217.787823
1217.812711
1217.849208
1217.908913
1217.934693
1217.964697
1217.978185
1218.015022
1218.030176
1218.058348
1218.067753
1218.093214
1218.103975
1218.104898
1218.180986
1218.189894
1218.200332
1218.229333
1218.338202
1218.340206
1218.473634
1218.563058
1218.771974
1218.804813
1218.890991
1218.925296
1219.03552
1219.036765
1219.267997
1219.357343
1219.390507
1219.494414
1219.578133
1219.688179
1219.689269
1219.888969
1219.901106
1219.925168
1219.945332
1219.969926
1220.041486
1220.054458
1220.055001
1220.136051
1220.276101
1220.369134
1220.583906
1220.663213
1220.672685
1220.696778
1220.783666
1220.830929
1221.007995
1221.032161
1221.068105
1221.18531
1221.314042
1221.342555
1221.446576
1221.484805
1221.523969
1221.682808
1221.790294
1221.907294
1221.954116
1222.128571
1222.155198
1222.184137
1222.454465
1222.48959
1222.52976
1222.558701
1222.671854
1222.675166
1222.707528
1222.731912
1222.754291
1222.766581
1222.827667
1222.976852
1223.011054
1223.055777
1223.100796
1223.10946
1223.154742
1223.236268
1223.251765
1223.366386
1223.438908
1223.512742
1223.65382
1223.689532
1223.74594
1223.777684
1223.791972
1223.957685
1223.964047
1223.976949
1224.123371
1224.154741
1224.157859
1224.261445
1224.281977
1224.427847
1224.466556
1224.49369
1224.652017
1224.665163
1224.726175
1224.760077
1224.824071
1224.890692
1224.939648
1225.372899
1225.440004
1225.532344
1225.607437
1225.648359
1225.675858
1225.77516
1225.798348
1225.850003
1226.094442
1226.160142
1226.182929
1226.255766
1226.265311
1226.348287
1226.421332
1226.438027
1226.440966
1226.484269
1226.515105
1226.533223
1226.538712
1226.56058
1226.590202
1226.653595
1227.170037
1227.255365
1227.302343
1227.303044
1227.386935
1227.600958
1227.623997
1227.86602
1227.910252
1227.910598
1227.96659
1228.121893
1228.185784
1228.260477
1228.305491
1228.30618
1228.474741
1228.607181
1228.617737
1228.795885
1228.974388
1228.991751
1229.11239
1229.332265
1229.407549
1229.409419
1229.499663
1229.643984
1229.653667
1229.654407
1229.668065
1229.710943
1229.748527
1229.789247
1229.94909
1230.072041
1230.073956
1230.129972
1230.281876
1230.282917
1230.303957
1230.305432
1230.318022
1230.467526
1230.584073
1230.666764
1230.682817
1230.691668
1230.706134
1230.910397
1231.193627
1231.235033
1231.457565
1231.500103
1231.538432
1231.715529
1231.742398
1232.056927
1232.163484
1232.21066
1232.32353
1232.332774
1232.352574
1232.366488
1232.483256
1232.682464
1232.798552
1232.841165
1232.98657
1233.108456
1233.108698
1233.159828
1233.234165
1233.50631
1233.559737
1233.580219
1233.59027
1233.638521
1233.683566
1233.837343
1233.880653
1233.893384
1233.946476
1233.96266
1233.982763
1234.013996
1234.03377
1234.195885
1234.340342
1234.344321
1234.399946
1234.400439
1234.404801
1234.512961
1234.527648
1234.603784
1234.660945
1234.662908
1234.711325
1234.937878
1235.025802
1235.027713
1235.101226
1235.104727
1235.186433
1235.320153
1235.358639
1235.397222
1235.414413
1235.449718
1235.469811
1235.58031
1235.659666
1235.690251
1235.74206
1235.767401
1235.771633
1235.825682
1235.851213
1235.923895
1235.983891
1235.992256
1236.049647
1236.073716
1236.118109
1236.180986
1236.580335
1236.63296
1236.64767
1236.685617
1236.689574
1236.738917
1236.780767
1236.887321
1236.927133
1236.951677
1237.100607
1237.196135
1237.267026
1237.341716
1237.495918
1237.78455
1237.982954
1238.044784
1238.0933
1238.164495
1238.251854
1238.3202
1238.551486
1238.651067
1238.683898
1238.693093
1238.735902
1238.880783
1238.980207
1239.096997
1239.138905
1239.30509
1239.366551
1239.367394
1239.555847
1239.692555
1239.695479
1240.008872
1240.041547
1240.118643
1240.292241
1240.308132
1240.401456
1240.467767
1240.477174
1240.498609
1240.504548
1240.625039
1240.630676
1240.710518
1240.866279
1240.964436
1241.001879
1241.104012
1241.110996
1241.123503
1241.192798
1241.26173
1241.307614
1241.344676
1241.580917
1241.597941
1241.633883
1241.844775
1241.966688
1242.051658
1242.112624
1242.177442
1242.221613
1242.27931
1242.374275
1242.387402
1242.464791
1242.563448
1242.654955
1242.704679
1242.724987
1242.770276
1242.788369
1242.803137
1242.82591
1243.113552
1243.209771
1243.212488
1243.270625
1243.410619
1243.468483
1243.530327
1243.539876
1243.587672
1243.713927
1243.788435
1243.833145
1243.857199
1243.872993
1244.051956
1244.160969
1244.270418
1244.342839
1244.344413
1244.362516
1244.385406
1244.436148
1244.477745
1244.528432
1244.628608
1244.844448
1244.861977
1244.940499
1245.144702
1245.152713
1245.315782
1245.391996
1245.513995
1245.54549
1245.734102
1245.833101
1245.83828
1245.844738
1245.880176
1246.05755
1246.250328
1246.448303
1246.461823
1246.481477
1246.548768
1246.686437
1246.786411
1246.830401
1246.91963
1246.960464
1247.108564
1247.160013
1247.247853
1247.397755
1247.422732
1247.594781
1247.695762
1247.896115
1247.944507
1248.152813
1248.219285
1248.353677
1248.372001
1248.647395
1248.739442
1248.786578
1248.801944
1248.80903
1248.868349
1249.017578
1249.227449
1249.279072
1249.35283
1249.416078
1249.419963
1249.44527
1249.602787
1249.744162
1249.845933
1249.846267
1249.996909
1250.015361
1250.272556
1250.508748
1250.562483
1250.689947
1250.748696
1250.932738
1250.976219
1251.254426
1251.306136
1251.35133
1251.393525
1251.489003
1251.541789
1251.653452
1251.736716
1251.742821
1252.121583
1252.194335
1252.417412
1252.526807
1252.617227
1252.635968
1252.804404
1252.80665
1252.875978
1252.969921
1253.116515
1253.158327
1253.433036
1253.441729
1253.533801
1253.56913
1253.720144
1253.798049
1253.954615
1254.065004
1254.074828
1254.342423
1254.366645
1254.607555
1254.690065
1254.826
1254.863522
1254.908272
1255.30632
1255.33683
1255.349629
1255.627392
1255.669075
1255.701115
1255.881138
1256.09509
1256.153382
1256.408778
1256.544593
1256.593239
1256.675776
1256.811023
1256.822208
1256.837383
1256.901521
1257.280659
1257.460199
1257.468729
1257.502399
1257.642377
1257.659642
1257.669964
1257.698975
1257.791325
1257.87088
1257.902976
1257.940226
1257.959496
1257.997572
1258.073654
1258.116078
1258.121504
1258.213049
1258.249354
1258.291196
1258.425718
1258.615519
1258.653076
1258.828877
1258.856489
1259.043432
1259.060837
1259.098204
1259.281012
1259.352457
1259.378927
1259.504364
1259.639076
1259.797069
1259.919384
1259.924825
1260.101543
1260.154142
1260.157266
1260.207604
1260.300573
1260.348068
1260.355184
1260.402085
1260.414223
1260.424079
1260.453967
1260.523121
1260.594235
1260.714236
1260.744823
1260.745118
1260.997962
1261.108917
1261.109101
1261.143462
1261.221666
1261.239648
1261.288062
1261.288776
1261.33441
1261.553784
1261.637586
1261.726444
1261.732487
1261.767177
1261.930309
1261.969273
1261.982166
1262.042716
1262.422508
1262.43047
1262.46029
1262.639721
1262.769402
1262.791958
1263.047171
1263.357705
1263.437216
1263.437843
1263.482
1263.495785
1263.547001
1263.690644
1263.743523
1263.85223
1263.887509
1263.922237
1263.928509
1263.972086
1263.993208
1264.178071
1264.644255
1264.705901
1264.784492
1265.041403
1265.190346
1265.310505
1265.316303
1265.695478
1265.820348
1265.843886
1266.040073
1266.099506
1266.161934
1266.412179
1266.443247
1266.519869
1266.674421
1266.825171
1267.06131
1267.398531
1267.455173
1267.512351
1267.650785
1267.687967
1267.762274
1267.76253
1267.84389
1267.998549
1268.011195
1268.176936
1268.198705
1268.200387
1268.278783
1268.492676
1268.606792
1268.706992
1268.830477
1268.971473
1269.393433
1269.506057
1269.549803
1269.58152
1270.211527
1270.268096
1270.286169
1270.358496
1270.613142
1270.632182
1270.668809
1270.715395
1270.879194
1270.925521
1270.932826
1270.9367
1270.967028
1271.356725
1271.398906
1271.528342
1271.75354
1271.84147
1272.156893
1272.211111
1272.262277
1272.32186
1272.438723
1272.797276
1272.831103
1273.027419
1273.099024
1273.290606
1273.4079
1273.429727
1273.54953
1273.894292
1274.161105
1274.199251
1274.3591
1274.37918
1274.428769
1274.523945
1274.632146
1274.690164
1275.102351
1275.171875
1275.335639
1275.38711
1275.421095
1275.70737
1275.723766
1275.823644
1276.301043
1276.340317
1276.437203
1276.515711
1276.565018
1276.660099
1276.712693
1276.758023
1276.765008
1276.847736
1276.853299
1276.884924
1276.972972
1277.008094
1277.038082
1277.266469
1277.488274
1277.660363
1277.722318
1277.775119
1277.967089
1278.180623
1278.297846
1278.347615
1278.448697
1278.657499
1278.756458
1278.992525
1279.095544
1279.157901
1279.363805
1279.380208
1279.439224
1279.649322
1279.67546
1279.696981
1279.837013
1279.881834
1280.006682
1280.084554
1280.324773
1280.326824
1280.380843
1280.654871
1280.829668
1281.234246
1281.248739
1281.773723
1281.806974
1281.945173
1282.094937
1282.435723
1282.465718
1282.543593
1282.597
1282.656031
1282.943022
1282.943521
1282.959944
1283.256824
1283.342728
1283.504465
1283.763171
1283.841315
1284.228615
1284.276045
1284.327184
1284.401945
1284.629539
1284.676998
1284.691277
1284.827511
1284.931286
1284.961945
1285.099278
1285.29493
1285.313271
1285.579536
1285.598838
1285.787737
1286.022879
1286.652306
1286.979204
1287.00162
1287.058907
1287.153406
1287.259851
1287.407682
1287.447432
1287.45907
1287.489693
1287.593057
1287.620042
1288.092268
1288.169979
1288.201822
1288.406382
1288.463478
1288.475487
1288.476228
1288.57331
1288.696645
1288.912352
1288.962294
1289.119351
1289.402133
1289.410526
1289.552459
1289.62847
1289.66832
1290.068079
1290.449717
1290.75
1290.884548
1290.911095
1290.919415
1291.190695
1291.312234
1291.468382
1291.575365
1291.631498
1291.788136
1291.89903
1292.073123
1292.513096
1292.528569
1292.597812
1292.658337
1292.697923
1292.716953
1293.054618
1293.074581
1293.112963
1293.159767
1293.167609
1293.2358
1293.260674
1293.490097
1293.671223
1293.714993
1293.734184
1294.155963
1294.218357
1294.660861
1294.745746
1294.942648
1295.18591
1295.36536
1295.367766
1295.504308
1295.685522
1296.035917
1296.066042
1296.06788
1296.130569
1296.567605
1296.713173
1296.998812
1297.186768
1297.284935
1297.325791
1297.70822
1297.822256
1297.828839
1297.924089
1297.976888
1298.098973
1298.099647
1298.105902
1298.19857
1298.300758
1298.550723
1298.649788
1298.718913
1298.722162
1298.811217
1298.860543
1298.867048
1299.135709
1299.500373
1299.739045
1299.741159
1299.812922
1300.131677
1300.230279
1300.483719
1300.586719
1300.777471
1300.879578
1300.910898
1300.975527
1300.980378
1301.101828
1301.502192
1301.518114
1301.793776
1301.927245
1301.989577
1302.192428
1302.218901
1302.496561
1302.498705
1302.566584
1303.085974
1303.49867
1303.516577
1303.730762
1303.806218
1303.844442
1303.851969
1303.972551
1304.07736
1304.495886
1304.570341
1304.584533
1304.815278
1304.830539
1305.297816
1305.560639
1305.576357
1305.829343
1305.967682
1306.064466
1306.12688
1306.350829
1306.683846
1306.914394
1306.995952
1307.036818
1307.563034
1307.795178
1307.80114
1307.870388
1307.929209
1308.009274
1308.017533
1308.098178
1308.351136
1308.634149
1308.675427
1308.827412
1308.863586
1309.081261
1309.177261
1309.765701
1310.027675
1310.307314
1310.335736
1310.502593
1310.547337
1310.569761
1310.716612
1311.132305
1311.36209
1311.567264
1311.674028
1311.813351
1311.875626
1312.173275
1312.323609
1312.596645
1312.669413
1312.735458
1313.405183
1313.848313
1313.854779
1314.055312
1314.058463
1314.064506
1314.112406
1314.168724
1314.231814
1314.555815
1314.722033
1314.766074
1315.012937
1315.096405
1316.467192
1316.493254
1316.524774
1317.474801
1317.504198
1317.93807
1318.0114
1318.020196
1318.046495
1318.160187
1318.189341
1318.279045
1318.288519
1318.422736
1318.575407
1318.638523
1319.171258
1319.431465
1319.591205
1319.820423
1319.882049
1319.931158
1320.746133
1321.594141
1321.631076
1321.902052
1321.942552
1322.00943
1322.499147
1322.712669
1323.592116
1323.673887
1324.250071
1324.309919
1324.562674
1325.191731
1326.032943
1326.137857
1326.233998
1326.519925
1326.637151
1326.667835
1327.137307
1327.618173
1327.722373
1327.749567
1327.792838
1328.00105
1328.560586
1328.978019
1329.328115
1329.439672
1329.626712
1329.749222
1330.072167
1330.558368
1330.681636
1331.41548
1331.778701
1331.883202
1332.025309
1332.316649
1332.876741
1333.301055
1334.657627
1334.795161
1334.812519
1335.868483
1336.54885
1336.780279
1336.816347
1337.005444
1337.096991
1337.63951
1337.700565
1338.026205
1338.170167
1338.17548
1338.557201
1338.635166
1338.97841
1339.305488
1341.026872
1341.4892
1341.599017
1341.633952
1342.055377
1343.344146
1343.899061
1344.727599
1345.158451
1345.173525
1345.406234
1346.111004
1346.363919
1346.464338
1346.672245
1347.079887
1347.424574
1347.449751
1348.094593
1348.696887
1348.784222
1348.988769
1349.135711
1349.179397
1349.872024
1349.951717
1350.089159
1350.363714
1350.393873
1351.090308
1351.182263
1352.547462
1352.720778
1353.377042
1354.374331
1354.640268
1355.93
1358.010028
1358.236179
1358.376444
1358.507602
1358.896342
1361.109806
1361.550636
1361.566787
1362.894354
1363.703179
1363.715797
1364.134583
1364.776426
1365.226947
1365.359292
1365.639013
1367.854314
1367.976926
1368.169768
1368.866302
1369.233606
1369.506504
1371.401268
1372.086976
1372.673856
1374.71305
1375.659258
1376.191496
1376.479861
1376.920744
1377.177316
1377.360365
1377.654639
1379.214248
1379.254047
1379.403171
1381.069036
1381.577914
1381.644141
1382.203955
1382.673079
1383.809945
1383.850552
1384.368097
1388.883282
1389.691419
1393.149265
1394.026803
1394.295098
1395.643214
1396.639785
1400.138258
1400.897894
1401.955567
1402.182669
1402.843919
1403.575919
1403.737341
1404.12471
1404.41917
1405.922478
1407.755635
1408.139048
1408.526184
1408.826388
1408.976342
1409.437461
1410.729486
1413.799749
1414.474731
1415.683276
1416.911538
1417.419455
1418.812161
1420.329139
1424.760825
1425.646329
1426.315878
1426.704984
1427.01699
1427.610678
1429.281386
1429.314247
1429.577921
1429.583684
1432.998693
1437.170168
1439.327278
1439.35229
1439.492145
1440.852475
1447.336593
1448.252403
1450.082376
1452.038356
1453.201777
1454.137291
1456.505615
1456.898028
1457.246948
1458.598571
1462.142611
1463.098948
1465.215978
1466.288498
1466.530879
1467.091594
1471.723013
1474.107711
1479.447519
1481.245188
1484.186885
1484.709661
1488.337967
1488.384941
1501.200043
1504.236491
1507.600177
1507.903138
1510.673807
1511.129193
1520.969918
1530.994717
1531.440149
1534.490639
1536.284206
1536.879343
1543.696073
1550.556115
1555.555481
1578.640724
1581.148461
1584.982477
1587.680431
1589.305738
1600.834314
1604.194353
1617.99258
1624.488093
1702.05049
1746.529292
1771.168594
1842.388789
1932.961708
1980.273384
2672.86486
2968.910543
