22.764765
26.229534
81.499883
138.954134
149.591022
149.904718
150.650055
158.101985
161.318653
190.463275
206.227686
207.022702
207.597272
208.299982
209.321385
209.428747
209.866179
210.721488
210.881593
211.12837
215.614936
216.548343
216.827234
216.943629
216.995209
221.048943
224.3311
227.634159
232.63793
251.863354
254.618216
256.240576
257.14351
258.45991
259.995728
260.742605
260.750666
260.96859
261.67353
264.557873
265.494266
265.648032
266.438113
266.806538
266.861402
266.960631
267.271783
268.874608
270.538786
270.896699
273.134107
273.969326
281.741006
303.68521
348.159104
372.758871
384.908714
385.511898
394.961582
408.59315
472.587979
483.606098
485.673886
488.236747
491.050871
494.385006
500.323329
500.881689
542.478208
640.939143
663.346981
766.531589
768.428819
831.308128
1275.658181
10802.567816
10802.851055
