1.467949
1.496308
7.36317
7.400775
7.485799
7.617294
7.620252
7.65128
7.658365
7.879539
8.284424
8.328895
8.380307
8.455725
8.460114
8.50473
8.572568
8.638494
8.708564
8.786224
8.91055
8.948598
8.979847
9.257429
9.301378
9.535072
10.023339
10.048035
10.163358
10.195982
10.670751
10.678615
10.72952
10.747765
10.937873
11.142906
11.392672
11.591107
11.604237
11.657169
11.674944
11.722862
11.779749
11.871892
11.908956
11.924536
11.987496
12.150333
12.349331
12.353848
12.443458
12.572769
12.724226
12.732534
12.738233
12.747714
12.75083
12.886248
12.996554
13.029378
13.063008
13.078136
13.107532
13.290014
13.301578
13.321691
13.347585
13.512262
13.792082
13.855335
13.984696
14.082667
14.174316
14.263696
14.314906
14.3279
14.402961
14.418445
14.648892
14.685982
14.687514
14.877261
15.004919
15.134505
15.181828
15.295908
15.325648
15.340384
15.373247
15.386161
15.394
15.502908
15.530779
15.551224
15.828378
15.829258
15.914981
15.962188
16.056035
16.109959
16.149247
16.155014
16.167938
16.269008
16.569304
16.739932
16.928276
16.964082
17.045823
17.107371
17.206898
17.229465
17.30061
17.65471
17.662249
17.730825
17.736959
17.817232
17.862217
17.899221
17.903892
17.974472
18.05444
18.058936
18.231346
18.369666
18.940525
18.998569
19.07998
19.23959
19.411361
19.443124
19.634558
19.759681
19.815871
19.823178
20.085197
20.312023
20.329149
20.453562
20.669149
20.829111
21.250645
21.444858
21.576329
21.722667
22.039655
22.087302
22.25735
22.495227
22.646883
22.764765
23.024375
23.305105
23.543799
23.564153
23.592696
24.19977
24.214673
24.224805
24.724886
25.030338
25.295654
25.39054
26.197798
26.229534
26.489158
26.667642
26.728161
26.78271
28.748769
29.996456
30.149585
30.240495
30.623845
30.704612
32.073889
32.83924
34.460962
35.118899
35.815328
36.407737
36.96065
37.623234
39.279
39.876524
40.966335
41.026605
42.28596
44.683049
45.586153
45.844614
48.270809
58.406853
60.823379
61.568165
65.171408
67.322808
76.541728
76.911016
81.499883
82.787058
84.660956
99.101782
106.119519
107.6012
109.349837
111.963124
112.072103
114.026318
114.069101
115.138575
116.406327
116.856015
117.144276
117.662969
118.346547
119.001116
119.306375
120.796635
121.025911
121.229559
121.349129
121.366188
121.763343
121.900469
122.034783
122.218517
122.28169
122.71735
123.012476
123.012891
123.094224
123.197756
123.254295
123.539867
123.690579
123.825791
123.940423
124.661603
124.918333
124.992332
125.178823
125.347954
125.420075
125.430197
126.00962
126.035946
126.111331
126.309237
126.457517
126.566718
126.694092
126.821321
126.9826
127.188027
127.428822
127.87184
127.916663
127.983743
128.331312
128.380463
128.489692
128.608671
128.659948
128.719062
128.729768
128.870224
128.978569
129.044952
129.487296
129.547208
129.596511
129.734855
129.756127
129.860893
130.332324
130.539508
130.588939
130.691757
130.813326
130.827116
130.858098
131.000232
131.089837
131.392124
131.493004
131.774579
131.820115
131.846598
132.037617
132.240321
132.385774
132.387144
132.492986
132.603776
132.87346
133.493119
133.516029
133.546186
133.595059
133.784518
133.95335
134.127544
134.58815
134.713558
135.017251
135.47732
135.579063
135.774149
136.364143
136.458164
136.962625
137.045798
137.33983
137.70312
138.477116
138.835557
138.954134
139.245692
140.584322
140.68008
141.201767
142.923854
143.7007
143.96384
144.748667
145.06312
146.381691
146.488287
147.08409
149.389086
149.436878
149.591022
149.673527
149.904718
149.937064
150.124208
150.160432
150.616246
150.650055
150.679045
150.849116
150.904548
151.255396
151.870504
152.152694
152.155976
152.538714
152.825696
152.922801
153.037941
153.040358
153.252212
153.253414
153.345531
154.128813
154.264488
154.319199
154.495348
154.66356
155.405444
155.443125
155.806355
155.868514
156.961662
158.101985
158.17376
159.090315
161.094154
161.318653
161.4172
161.52515
162.493766
163.146481
164.643947
165.909787
166.293471
169.453401
170.696414
171.750967
176.697543
176.968413
177.147824
177.872052
178.075482
178.994389
179.381716
179.616098
179.761798
180.056551
180.319102
181.362887
182.993227
183.240403
183.282867
185.121863
185.307627
185.378146
187.651824
188.935849
189.342965
189.483158
189.856324
190.393099
190.463275
190.582082
190.726119
192.375909
192.426724
192.720796
192.953974
194.297062
194.86309
195.400794
195.713046
200.071617
200.472202
202.265868
203.960037
203.990038
204.554443
204.599081
205.086179
205.850041
206.145895
206.227686
206.770021
207.022702
207.027857
207.597272
208.055423
208.299982
208.405046
209.321385
209.428747
209.557643
209.852521
209.866179
209.877062
209.997428
210.254756
210.468681
210.710593
210.721488
210.789222
210.881593
210.971712
211.12837
212.347248
212.362555
213.250917
213.283506
213.3246
213.495946
215.614936
216.100738
216.155798
216.548343
216.827234
216.941184
216.943629
216.995209
217.063024
217.176185
217.333121
218.623983
219.860647
221.048943
221.813658
221.87238
223.23814
224.3311
224.336878
225.304903
226.897496
227.634159
228.474759
229.955096
229.994101
231.098448
232.63793
237.009657
237.201906
237.233044
240.374292
240.509073
240.631238
240.862388
243.629496
244.251513
244.760034
246.864383
247.394902
247.560973
251.863354
252.540198
253.417495
254.618216
255.60842
256.240576
257.14351
257.889854
258.45991
258.665081
259.604968
259.772077
259.995728
260.111048
260.742605
260.750666
260.81583
260.96859
261.67353
262.659506
264.549564
264.557873
264.693853
264.87269
265.494266
265.648032
266.438113
266.806538
266.861402
266.960631
267.106985
267.271783
267.293596
267.666695
268.82757
268.85407
268.874608
270.538786
270.896699
273.134107
273.969326
274.034762
274.384693
274.82438
276.078308
277.449499
278.455186
279.844311
279.960356
281.741006
283.6533
284.389586
284.569965
284.817389
285.999499
286.285198
287.410002
287.892466
288.265188
288.736623
289.628822
290.599365
291.601114
291.699838
292.393574
292.692221
293.476549
294.510888
295.351324
295.747545
296.929654
299.71504
300.924568
301.246622
303.68521
306.182389
309.893949
310.52829
311.478889
314.293871
314.905172
316.972647
317.914734
318.299572
327.039552
340.381675
343.005589
348.159104
352.089086
356.129112
360.805075
364.602782
365.336788
372.758871
375.754441
377.534396
380.803068
384.533037
384.908714
385.511898
394.961582
401.359105
405.1564
406.579238
408.59315
409.481695
411.608704
413.327718
414.304584
422.099567
422.480019
423.06023
423.447405
428.360883
464.892454
466.940207
472.587979
474.873114
479.546802
483.342171
483.606098
485.598793
485.673886
485.844616
485.902639
488.236747
491.050871
493.862928
494.385006
500.323329
500.881689
517.645615
542.478208
542.963326
551.479059
557.239876
569.825542
572.964224
573.100982
575.614768
589.605755
601.922217
602.738432
606.03408
610.361522
619.134813
628.810441
633.923894
635.997327
640.939143
660.68818
663.346981
663.873006
665.392617
669.790091
676.791747
680.820712
691.337133
691.550379
692.688353
706.794748
714.91693
719.292874
720.134591
730.344506
759.400463
761.041309
766.531589
768.428819
768.747048
795.851109
807.291959
825.020795
831.308128
872.950419
874.864411
887.484807
904.836616
906.061671
907.159277
911.567192
911.638926
921.669635
935.052344
945.958875
990.033765
998.807973
1000.755636
1011.518281
1027.944973
1048.400369
1063.707792
1079.58727
1079.707723
1124.639859
1130.071896
1131.045762
1133.211088
1141.790389
1153.180677
1163.287505
1172.408211
1191.215231
1194.516831
1201.705304
1202.348703
1209.244851
1209.252193
1221.636327
1223.227129
1224.291129
1245.565469
1246.953806
1247.435035
1267.889229
1275.658181
1281.283107
1283.048778
1293.490412
1294.617705
1297.362136
1300.559534
1301.219933
1314.570681
1348.954514
1373.664996
1402.695105
1420.929061
1434.448404
1453.080548
1466.606844
1502.775747
1554.638064
1560.432958
1576.225322
1598.183836
1612.430179
1621.729317
1635.86981
1640.624839
1693.002167
1726.857554
2834.547936
4960.63281
6720.173946
6730.576214
7229.152918
9162.178717
10110.626712
10802.567816
10802.851055
21605.680297
38241.609698
328824.787817
