606.547322
615.847706
620.151684
627.56652
631.439255
636.304084
639.405877
652.155674
653.480079
662.477016
676.385328
684.970999
692.562874
693.20425
694.516024
694.763462
706.909593
708.32466
709.892746
727.318921
729.439215
730.558187
738.148967
743.080582
748.901855
764.386723
766.398549
771.21433
779.566773
782.091353
782.826435
787.513798
789.954853
797.561065
799.351109
799.41491
801.178279
801.880357
803.358983
805.344733
809.110382
812.227881
812.954438
817.584502
817.863968
824.814154
825.297664
825.502288
828.264348
829.991873
832.545358
833.362006
837.821346
839.523475
845.08365
845.80626
847.231287
851.216662
861.730628
862.153895
867.422476
875.457647
887.709871
893.273356
895.549055
901.616611
903.74147
904.056644
904.179639
904.968191
905.646337
907.905507
908.068976
910.484105
910.706815
910.972661
911.147912
911.391637
911.404086
913.530355
913.637473
913.959273
914.112799
914.200173
914.407225
914.544376
914.751136
914.984265
915.10439
915.161251
915.422183
915.857686
915.974836
915.991413
916.000179
916.496047
916.628471
916.913053
917.298383
917.567409
918.286036
918.400334
918.710564
918.811917
918.880201
918.924161
918.994559
919.110774
919.625372
919.972446
920.536629
920.640139
920.653704
920.710963
921.035946
921.088828
921.097762
921.306404
921.512334
922.040334
922.119211
922.234132
922.433637
922.450429
922.504988
922.517887
922.630422
922.729477
922.77911
923.295102
923.299701
923.304866
923.375426
923.464804
923.533427
923.674862
924.047952
924.124609
924.277746
924.36454
924.445889
924.508446
924.633912
924.814854
924.966081
925.236965
925.303244
925.38979
925.446747
925.558853
925.73467
925.857866
926.059933
926.225815
926.333735
926.604728
926.69596
926.875867
927.2169
927.388401
927.390139
927.396155
927.451163
927.593514
927.628352
927.642855
928.081235
928.20976
928.327208
928.416813
928.451442
928.628236
928.862419
928.907276
928.925065
928.952157
929.021816
929.169566
929.177094
929.204725
929.234972
929.319826
929.348399
929.51864
929.551378
929.589842
929.747633
929.817046
929.838718
929.856547
929.858191
929.918373
929.93417
930.022218
930.100064
930.137142
930.449268
930.567751
930.723997
930.78868
930.793296
931.047573
931.05156
931.195234
931.212317
931.399003
931.412066
931.631339
931.687861
931.830686
931.862785
931.865997
932.062024
932.313739
932.344864
932.408612
932.530817
932.60175
932.643657
932.658415
932.667806
932.773423
933.098501
933.12023
933.16836
933.40981
933.541672
933.577715
933.70079
933.712062
933.731632
933.903268
933.922324
933.940662
934.010819
934.180958
934.205424
934.217467
934.229194
934.248591
934.320642
934.334042
934.345995
934.352026
934.450816
934.480197
934.491445
934.530246
934.540672
934.61697
934.626988
934.720221
934.72461
934.785325
934.850093
934.868309
934.875135
934.96371
935.001068
935.07873
935.181378
935.182786
935.189257
935.205871
935.24436
935.277671
935.32255
935.350005
935.402851
935.429076
935.628345
935.685558
935.766127
935.793948
935.805827
935.836304
935.89226
935.926112
936.06031
936.128436
936.221757
936.24126
936.290431
936.309112
936.374777
936.414575
936.437423
936.465236
936.468364
936.496639
936.565071
936.571765
936.651637
936.712388
936.714033
936.784508
936.814564
936.815366
936.878253
936.902871
936.917436
936.961252
937.049156
937.069014
937.079321
937.097699
937.12169
937.128182
937.159629
937.263903
937.421588
937.445561
937.508296
937.568807
937.576229
937.689316
937.709164
937.730352
937.805614
937.903911
937.915167
937.9657
937.969082
937.996381
938.035688
938.103588
938.13499
938.14772
938.149776
938.173777
938.230118
938.232999
938.235677
938.365181
938.375728
938.426536
938.46256
938.473576
938.504956
938.506369
938.560012
938.564247
938.636575
938.780683
938.811904
938.861987
938.900679
938.957147
938.997533
939.002825
939.026973
939.05279
939.099792
939.136709
939.362482
939.372701
939.479139
939.482908
939.520692
939.531039
939.543959
939.554834
939.592468
939.66815
939.681717
939.816398
939.826025
939.826532
939.954512
939.96314
940.023326
940.038444
940.107266
940.208139
940.326093
940.40906
940.471047
940.484945
940.487406
940.670975
940.689097
940.791153
940.859663
940.950814
940.987646
941.078939
941.088484
941.119373
941.139419
941.286581
941.307324
941.326296
941.328187
941.329562
941.382157
941.427231
941.504317
941.518248
941.536168
941.540282
941.569324
941.576045
941.625092
941.660566
941.732024
941.877334
941.899689
941.902836
942.116432
942.121039
942.128977
942.150103
942.204571
942.222107
942.222175
942.265217
942.28278
942.380465
942.459726
942.486648
942.492462
942.524645
942.555971
942.559352
942.596176
942.666579
942.682504
942.712156
942.743932
942.911367
943.080448
943.119889
943.269828
943.40306
943.444219
943.503272
943.583122
943.584265
943.588175
943.616034
943.696167
943.850115
943.87698
943.893463
943.903315
943.957884
943.981808
943.995153
944.056184
944.067634
944.093122
944.101948
944.237508
944.262736
944.26911
944.288804
944.688077
944.819517
944.844894
944.877252
944.901978
944.909818
944.933439
944.99611
945.087113
945.135647
945.144301
945.226246
945.261953
945.28681
945.30999
945.478168
945.504059
945.512551
945.545657
945.550536
945.602849
945.665964
945.69193
945.692909
945.770304
945.793052
945.844144
945.844456
945.89785
945.944138
946.013372
946.110278
946.13399
946.135301
946.173139
946.188665
946.342912
946.373907
946.458648
946.465813
946.488586
946.50688
946.530762
946.549439
946.552695
946.573906
946.588318
946.600294
946.650314
946.680934
946.680982
946.683362
946.72449
946.82287
946.840187
947.041042
947.07737
947.120837
947.145403
947.161626
947.170003
947.194401
947.238835
947.281032
947.308609
947.346138
947.455533
947.497358
947.531289
947.539565
947.633246
947.664127
947.667289
947.670843
947.77702
947.80133
947.816985
947.834162
947.836424
947.840511
947.853167
947.871085
947.896133
947.907587
947.939996
948.006098
948.00611
948.053441
948.08299
948.110146
948.120758
948.129281
948.195064
948.317864
948.322685
948.358644
948.369984
948.372711
948.378755
948.418899
948.419632
948.432117
948.43326
948.490594
948.570866
948.597037
948.676028
948.724111
948.787266
948.792307
948.797179
948.798672
948.812111
948.921339
948.926721
949.028841
949.120568
949.134131
949.194724
949.215071
949.259133
949.326297
949.373971
949.455344
949.490178
949.522309
949.573897
949.707946
949.724707
949.819842
949.861533
949.887967
949.92181
949.99735
950.108874
950.164965
950.175411
950.220588
950.303625
950.318008
950.335224
950.341117
950.350023
950.438652
950.473058
950.521522
950.528056
950.52925
950.552292
950.662197
950.716932
950.728579
950.760888
950.772688
950.793444
950.835934
950.843248
950.863695
950.868691
950.890655
950.922858
950.96406
950.966047
950.972131
950.985859
951.022223
951.048878
951.110419
951.118242
951.126665
951.195373
951.214712
951.241804
951.402904
951.429335
951.471868
951.486922
951.54197
951.564342
951.595707
951.633348
951.659912
951.665234
951.738616
951.832014
951.83448
951.861779
951.864048
951.877092
951.96637
951.978441
952.008838
952.028469
952.124346
952.131088
952.164573
952.234026
952.273986
952.298382
952.325177
952.368284
952.385857
952.453087
952.481751
952.509986
952.511821
952.513815
952.515997
952.580902
952.600584
952.606185
952.615258
952.618743
952.636642
952.643047
952.645982
952.650047
952.700683
952.71729
952.769234
952.78494
952.806916
952.824755
952.829726
952.838527
952.850883
952.89242
952.921386
952.932786
953.009514
953.029819
953.044214
953.054843
953.107247
953.118107
953.12134
953.130456
953.142583
953.18046
953.184719
953.190546
953.232427
953.239479
953.264303
953.281484
953.322461
953.34687
953.39538
953.424013
953.431831
953.431998
953.541334
953.566348
953.597476
953.601175
953.640351
953.660033
953.700948
953.702224
953.740201
953.78056
953.831144
953.867775
953.933245
954.048138
954.05646
954.114086
954.156066
954.173761
954.192002
954.227742
954.294458
954.379493
954.380997
954.392043
954.441888
954.44837
954.471745
954.472178
954.474938
954.476867
954.528137
954.568667
954.577397
954.586488
954.591213
954.655441
954.710585
954.72684
954.828985
954.841776
954.943564
955.021031
955.034304
955.066914
955.087821
955.106477
955.117071
955.173069
955.19256
955.293437
955.308345
955.323839
955.406677
955.430372
955.441706
955.586346
955.611372
955.612455
955.634149
955.690556
955.699832
955.745382
955.835468
955.873281
955.911006
955.925319
955.935228
955.963833
956.001459
956.041038
956.087937
956.109487
956.115043
956.116362
956.119089
956.134645
956.140552
956.165028
956.201494
956.217092
956.225824
956.227032
956.272378
956.285058
956.298528
956.393147
956.444464
956.456769
956.463659
956.497171
956.505876
956.51565
956.532178
956.534812
956.584645
956.609788
956.636592
956.664493
956.67818
956.692572
956.701314
956.737414
956.757423
956.772011
956.786339
956.788807
956.833973
956.880946
956.924726
956.939072
956.945355
956.964839
956.987862
956.999613
957.030812
957.052622
957.109514
957.125298
957.137893
957.147891
957.179465
957.221812
957.243342
957.250338
957.254727
957.269277
957.290444
957.350123
957.366838
957.419876
957.420476
957.504958
957.512325
957.524283
957.594007
957.633852
957.652718
957.696374
957.698742
957.722421
957.733947
957.839954
957.861275
957.927433
957.928101
957.930631
957.99315
958.035292
958.042371
958.155434
958.20428
958.208753
958.264779
958.307473
958.385317
958.386787
958.41615
958.462763
958.484624
958.596684
958.61803
958.647883
958.678565
958.681749
958.691954
958.745914
958.807826
958.808155
958.92992
958.993371
959.031411
959.032584
959.034077
959.228234
959.234625
959.276106
959.276126
959.290532
959.310516
959.321351
959.340403
959.375619
959.376601
959.396225
959.461317
959.477638
959.495252
959.501845
959.531816
959.583555
959.585145
959.627017
959.645834
959.675964
959.712643
959.715178
959.744554
959.750355
959.761367
959.762541
959.765544
959.770039
959.772015
959.921985
959.924587
959.928025
959.974927
960.029073
960.076347
960.090609
960.113702
960.195685
960.208277
960.242754
960.34806
960.396431
960.409121
960.410344
960.421878
960.460453
960.482314
960.491589
960.54515
960.553455
960.565468
960.575105
960.584206
960.634941
960.657158
960.695759
960.730982
960.792088
960.823841
960.832057
960.868791
960.920384
960.958287
960.990235
960.991019
960.997797
960.998455
960.99965
961.009057
961.075991
961.076569
961.089155
961.163442
961.171666
961.179666
961.224967
961.241486
961.271336
961.303004
961.340191
961.383189
961.409608
961.462301
961.467439
961.510763
961.518566
961.537
961.603252
961.617432
961.65209
961.703532
961.748807
961.770217
961.815263
961.838871
961.84104
961.876857
961.877554
961.900285
961.958463
961.983569
962.017951
962.022132
962.031935
962.06639
962.174818
962.197121
962.24046
962.274228
962.274982
962.3498
962.373776
962.447639
962.509454
962.522172
962.525119
962.534603
962.564381
962.596362
962.60793
962.65513
962.746838
962.786669
962.795488
962.813509
962.824894
962.861489
962.911077
962.916586
962.951823
963.000085
963.014722
963.079097
963.082873
963.158975
963.163809
963.180239
963.208887
963.249584
963.290712
963.294972
963.303978
963.331063
963.343378
963.346061
963.440206
963.527872
963.580475
963.682237
963.693495
963.697775
963.698161
963.70687
963.716994
963.717666
963.724723
963.737923
963.790545
963.801347
963.803448
963.870068
963.896841
963.908282
963.909041
963.984313
964.042028
964.045316
964.071699
964.073732
964.089766
964.104374
964.128383
964.195312
964.206387
964.221381
964.248209
964.256697
964.312623
964.350197
964.357192
964.357702
964.401951
964.459792
964.500761
964.515729
964.518574
964.546564
964.568082
964.575373
964.58163
964.602816
964.664599
964.686816
964.690933
964.700545
964.738216
964.865016
964.933363
964.939988
964.963532
965.019236
965.022833
965.098285
965.129609
965.13343
965.178231
965.194763
965.200742
965.202273
965.258913
965.292284
965.316212
965.327297
965.354507
965.357395
965.432674
965.447261
965.468304
965.532596
965.549292
965.575527
965.617267
965.62695
965.62995
965.675796
965.691401
965.697751
965.769405
965.846381
965.904727
965.917121
965.932458
965.969101
965.988516
965.991286
965.996126
966.048703
966.076885
966.148278
966.267515
966.372302
966.429748
966.491975
966.498297
966.512828
966.559774
966.568816
966.618916
966.620971
966.645516
966.737306
966.771879
966.845053
966.871422
966.900378
966.917567
966.933189
966.973505
967.013206
967.103056
967.105761
967.10623
967.208505
967.208681
967.215285
967.216107
967.251346
967.252239
967.275894
967.372797
967.403936
967.43813
967.439113
967.449477
967.471937
967.474579
967.498541
967.508919
967.530191
967.550296
967.572236
967.614271
967.631259
967.632344
967.662734
967.68207
967.707753
967.801736
967.817414
967.83726
967.918636
967.938593
967.942114
968.023581
968.028919
968.072592
968.112631
968.115406
968.174477
968.228097
968.245528
968.247281
968.253106
968.265503
968.301066
968.327622
968.34044
968.354058
968.441157
968.481827
968.484841
968.500996
968.513727
968.579583
968.603696
968.608471
968.619925
968.73535
968.747393
968.747427
968.771375
968.841012
968.895705
968.897211
968.949265
969.002433
969.015965
969.086313
969.128042
969.13535
969.196562
969.208453
969.222792
969.231994
969.23366
969.238462
969.253904
969.277026
969.290329
969.367458
969.377876
969.382172
969.39241
969.427471
969.42749
969.439682
969.446224
969.465296
969.485593
969.502386
969.515113
969.539779
969.564557
969.567438
969.628904
969.654527
969.665883
969.675081
969.678627
969.682507
969.699574
969.707778
969.710514
969.712556
969.745571
969.817612
969.825474
969.827219
969.861101
969.888314
969.889444
969.902409
969.905861
969.922916
969.927017
969.940693
969.953227
970.037272
970.063508
970.223431
970.242633
970.294341
970.321631
970.331429
970.340541
970.376336
970.395515
970.429941
970.491891
970.509676
970.596505
970.670089
970.718289
970.72143
970.729218
970.754583
970.770209
970.843579
970.905476
970.974155
971.023373
971.02937
971.046277
971.129817
971.13447
971.135199
971.165414
971.168574
971.171014
971.215753
971.248957
971.249378
971.280379
971.301274
971.340039
971.417256
971.422783
971.54288
971.550772
971.557501
971.609348
971.619458
971.629593
971.656083
971.707947
971.708368
971.714731
971.768639
971.826393
971.837056
971.862845
971.882285
971.913547
971.928248
972.015355
972.023469
972.031681
972.074328
972.092441
972.154149
972.187425
972.248646
972.250549
972.349474
972.364078
972.391651
972.401978
972.414935
972.424455
972.443034
972.478315
972.482056
972.539622
972.57566
972.588768
972.598647
972.614653
972.616669
972.618102
972.643375
972.645811
972.744922
972.762676
972.813291
972.844418
972.850616
972.869083
972.888534
972.900544
972.974818
973.025847
973.073885
973.076148
973.10095
973.128101
973.168439
973.175661
973.182895
973.223499
973.2237
973.238311
973.241668
973.278056
973.288449
973.30802
973.321697
973.336487
973.360322
973.377072
973.383868
973.393563
973.403377
973.436036
973.438193
973.45439
973.458119
973.498498
973.509364
973.510939
973.513465
973.594107
973.607991
973.640421
973.704868
973.738952
973.770057
973.780702
973.815625
973.849218
973.850579
973.855018
973.871439
973.871912
973.873933
973.887472
973.902064
973.916104
973.967797
974.024622
974.143849
974.197021
974.204893
974.230178
974.266326
974.287411
974.320473
974.325117
974.371707
974.388164
974.391607
974.401534
974.447325
974.456577
974.483404
974.489379
974.516629
974.616787
974.619368
974.636829
974.646695
974.725139
974.738133
974.743544
974.751855
974.762331
974.777369
974.80531
974.869439
974.873243
974.889379
974.918274
974.931989
974.971251
975.012233
975.027094
975.042954
975.059636
975.093611
975.107134
975.123687
975.160366
975.200563
975.214232
975.236247
975.279531
975.286919
975.331912
975.335887
975.344136
975.352204
975.355775
975.371813
975.387844
975.482053
975.53727
975.642444
975.679349
975.685115
975.711663
975.773842
975.827602
975.829202
975.833232
975.844533
975.850127
975.869062
975.891814
975.903933
975.913499
975.916579
975.98869
975.999697
976.196501
976.235747
976.237971
976.251705
976.268884
976.294951
976.301766
976.368468
976.451388
976.452925
976.458586
976.463904
976.506396
976.601493
976.608897
976.612628
976.691225
976.729365
976.732862
976.776156
976.788195
976.836988
976.873316
976.888239
976.900976
976.953797
976.955611
977.034635
977.039488
977.068368
977.068408
977.140986
977.186077
977.215949
977.236352
977.247152
977.259699
977.261997
977.3587
977.389923
977.4047
977.444817
977.462831
977.47885
977.524175
977.55134
977.553732
977.588138
977.621621
977.627581
977.634746
977.681377
977.682638
977.692256
977.694187
977.734295
977.763209
977.795171
977.833264
977.871545
977.883787
977.923577
977.948281
977.991762
978.066258
978.132167
978.152734
978.17634
978.184201
978.185867
978.188571
978.215855
978.230374
978.290591
978.308433
978.352815
978.397433
978.41356
978.454012
978.481361
978.499199
978.520529
978.532363
978.560728
978.585805
978.598767
978.701464
978.704653
978.717175
978.722261
978.814472
978.820369
978.831095
978.864062
978.893482
978.901041
978.960806
978.970674
978.987754
978.99594
978.996863
979.000609
979.012063
979.018225
979.108898
979.136878
979.16012
979.171434
979.17341
979.231836
979.246237
979.246307
979.316686
979.335625
979.34521
979.362095
979.363499
979.378404
979.381281
979.411488
979.460652
979.478832
979.4814
979.502913
979.541181
979.555536
979.572181
979.591468
979.619775
979.641488
979.700534
979.718572
979.814003
979.828936
979.929543
979.982837
980.079301
980.096709
980.184637
980.191368
980.242041
980.262736
980.277869
980.301191
980.328887
980.335098
980.404991
980.433365
980.440765
980.441923
980.447595
980.454555
980.458921
980.459492
980.543669
980.63499
980.639889
980.756577
980.822934
980.830499
980.882782
980.894762
980.898114
981.003705
981.010642
981.026194
981.040158
981.043652
981.088097
981.124259
981.205583
981.216694
981.225722
981.232808
981.281249
981.288173
981.358643
981.368516
981.384945
981.402037
981.42943
981.430588
981.448964
981.501538
981.619867
981.637447
981.642159
981.657789
981.668323
981.742258
981.752664
981.771048
981.794724
981.988687
981.996837
982.027816
982.059596
982.101744
982.120814
982.152601
982.178532
982.201335
982.216949
982.258925
982.320895
982.355241
982.421287
982.459972
982.471584
982.51232
982.525299
982.544398
982.744639
982.846179
982.884332
982.919042
983.0093
983.045805
983.114622
983.135065
983.154533
983.179071
983.182961
983.237716
983.299719
983.346619
983.349094
983.389384
983.434355
983.457211
983.462048
983.478835
983.541868
983.548013
983.563868
983.568003
983.624157
983.640373
983.65399
983.684332
983.752978
983.795573
983.796971
983.881454
983.907533
983.925007
983.941534
984.006752
984.13278
984.157631
984.166498
984.250167
984.299724
984.318391
984.378623
984.417922
984.419772
984.542435
984.573754
984.61556
984.667637
984.804952
984.810611
984.84274
984.885744
984.897461
984.907482
984.952761
984.996057
985.017249
985.178082
985.184469
985.228357
985.237894
985.241275
985.276293
985.43094
985.444212
985.45358
985.471836
985.493578
985.55433
985.554882
985.681546
985.838369
985.905749
985.971662
985.974547
985.98508
986.029621
986.030004
986.031656
986.102898
986.124281
986.13834
986.184567
986.190826
986.269935
986.275967
986.310315
986.345994
986.350954
986.362532
986.384009
986.386208
986.389645
986.394786
986.395302
986.482417
986.562307
986.66045
986.859818
986.866207
986.95347
986.959498
986.996982
987.013688
987.052608
987.125855
987.16401
987.185705
987.27352
987.305805
987.316859
987.322089
987.335626
987.348793
987.350094
987.372684
987.398171
987.426102
987.429206
987.468175
987.521255
987.564667
987.576481
987.634644
987.662965
987.717422
987.724205
987.758542
987.774512
987.84409
987.88987
987.966557
988.008797
988.01099
988.047652
988.11647
988.129304
988.142697
988.188608
988.202305
988.235347
988.348092
988.348752
988.398846
988.515
988.523021
988.589242
988.594778
988.648742
988.687089
988.712344
988.730934
988.779297
988.834958
988.91427
988.981257
989.129091
989.212801
989.229447
989.249805
989.326885
989.380296
989.382786
989.395223
989.419378
989.449482
989.485603
989.49233
989.498703
989.546468
989.658364
989.719902
989.744506
989.802425
989.812819
989.912047
989.947072
989.977238
990.025166
990.067518
990.08456
990.085774
990.127767
990.137961
990.192288
990.210036
990.228328
990.310115
990.335669
990.359492
990.364489
990.374779
990.389376
990.469859
990.474469
990.478392
990.483756
990.58723
990.611494
990.673532
990.700595
990.708111
990.749038
990.86434
990.891159
990.963137
990.996722
991.087714
991.092183
991.167612
991.219107
991.222054
991.292328
991.301646
991.325452
991.41289
991.437848
991.438945
991.463385
991.479915
991.598461
991.713935
991.755908
991.80905
991.978737
991.991568
991.998399
992.002062
992.093508
992.104211
992.1614
992.184918
992.212925
992.234913
992.255049
992.3039
992.307538
992.326746
992.432903
992.484828
992.523952
992.5435
992.556011
992.634004
992.684596
992.77549
992.93146
992.988725
993.049301
993.140595
993.166304
993.188847
993.190755
993.229574
993.236258
993.244855
993.246512
993.323696
993.406036
993.414648
993.417796
993.437144
993.473977
993.508366
993.687784
993.689225
993.704739
993.710519
993.730791
993.77215
993.785032
993.799386
993.809477
993.83819
993.848336
993.848955
993.973443
993.978501
993.984449
994.003705
994.045616
994.046778
994.07578
994.08116
994.140099
994.165952
994.221748
994.271733
994.297794
994.33322
994.349493
994.396187
994.496529
994.520258
994.571292
994.659585
994.692612
994.826404
994.835628
994.879416
994.886389
994.942305
994.999979
995.005624
995.039017
995.080049
995.161066
995.174835
995.175098
995.197617
995.253997
995.264434
995.270826
995.273575
995.400576
995.411722
995.439735
995.461385
995.501643
995.514369
996.122655
996.159956
996.284248
996.286191
996.325901
996.344857
996.349775
996.418387
996.455258
996.45984
996.518762
996.715459
996.779248
996.804001
996.928027
996.953616
997.032957
997.049622
997.0705
997.105621
997.146396
997.212898
997.335269
997.400137
997.425516
997.648856
997.671478
997.826579
997.855823
997.862728
997.967851
997.969986
997.989467
998.040716
998.077828
998.159736
998.167702
998.254279
998.257855
998.270843
998.362743
998.476563
998.486297
998.516677
998.551504
998.574376
998.635402
998.672914
998.871234
998.898637
999.023773
999.024665
999.05746
999.11929
999.219102
999.357775
999.416955
999.438117
999.458717
999.494222
999.580613
999.642811
999.699832
999.738223
999.831927
999.88477
999.950959
1000.219331
1000.238341
1000.331456
1000.42696
1000.461519
1000.477813
1000.522179
1000.550306
1000.587285
1000.631099
1000.729823
1000.784209
1000.848628
1000.887336
1001.050147
1001.251039
1001.281227
1001.426761
1001.560481
1001.646284
1001.698098
1001.810857
1001.82375
1001.904183
1002.057525
1002.069514
1002.133884
1002.159966
1002.201592
1002.2423
1002.281611
1002.287939
1002.412225
1002.503261
1002.527159
1002.616534
1002.698034
1002.698381
1002.775308
1002.812711
1002.845201
1002.858243
1002.88965
1002.951774
1002.978264
1003.055519
1003.144287
1003.237313
1003.325172
1003.352933
1003.39564
1003.442281
1003.519505
1003.797208
1003.849519
1003.866595
1004.002936
1004.003452
1004.125793
1004.132681
1004.187681
1004.22928
1004.351515
1004.407796
1004.420648
1004.545161
1004.584631
1004.74961
1004.8833
1005.044381
1005.156931
1005.177288
1005.476795
1005.516504
1005.517754
1005.587199
1005.596959
1005.603157
1005.736715
1005.791722
1005.837832
1005.83917
1005.842089
1005.92193
1006.099357
1006.106645
1006.119491
1006.132105
1006.154484
1006.209334
1006.261467
1006.295856
1006.391195
1006.462358
1006.781998
1006.786976
1006.885759
1006.932381
1007.009385
1007.067435
1007.187115
1007.221601
1007.558046
1007.585879
1007.667104
1007.751709
1007.756887
1008.182832
1008.191723
1008.407548
1008.459545
1008.680638
1008.74991
1008.774933
1008.779689
1008.907777
1008.968653
1008.995931
1009.200077
1009.377361
1009.410948
1009.549633
1009.552657
1009.566848
1009.616757
1009.789291
1009.885518
1009.949627
1009.957274
1010.054352
1010.126245
1010.12703
1010.145848
1010.458499
1010.488688
1010.659877
1010.78733
1010.911064
1010.970491
1011.080316
1011.175507
1011.221311
1011.223377
1011.28063
1011.351946
1011.476696
1011.517755
1011.662303
1011.712132
1011.870431
1011.928841
1012.100914
1012.286991
1012.348244
1012.423056
1012.622364
1012.697576
1012.767184
1012.769601
1012.787028
1012.859132
1013.042689
1013.065747
1013.265367
1013.393399
1013.426874
1013.430714
1013.557703
1013.640599
1013.65122
1013.708891
1013.935266
1013.985984
1014.063963
1014.126372
1014.16064
1014.250674
1014.289506
1014.366396
1014.38735
1014.519595
1014.647779
1014.82537
1014.849342
1014.887162
1014.891406
1014.900816
1014.949955
1014.963792
1015.049883
1015.084324
1015.218898
1015.242929
1015.258583
1015.313804
1015.369402
1015.964975
1016.107172
1016.122676
1016.135387
1016.168455
1016.204952
1016.235717
1016.253774
1016.264695
1016.338878
1016.397737
1016.413937
1016.475442
1016.493013
1016.493136
1016.547972
1016.710467
1016.76847
1016.828273
1017.012085
1017.015841
1017.068024
1017.171975
1017.237751
1017.319079
1017.384521
1017.649549
1017.690111
1017.745364
1017.749604
1017.856077
1018.222196
1018.949231
1019.163978
1019.265841
1019.35439
1019.643574
1019.706418
1019.774853
1019.992534
1020.143473
1020.528977
1020.555372
1020.606362
1020.607104
1020.728226
1020.737717
1020.777859
1021.10987
1021.155297
1021.624118
1021.85175
1021.921674
1021.942742
1022.056709
1022.15439
1022.167541
1022.170791
1022.749578
1022.851415
1022.888779
1022.949447
1023.162773
1023.238983
1023.244028
1023.272182
1023.327686
1023.433869
1023.453607
1023.472771
1023.490641
1023.519182
1023.569965
1023.580648
1023.817311
1023.98131
1024.018221
1024.136022
1024.423789
1024.633806
1024.649415
1024.689623
1024.731972
1024.855182
1024.982442
1025.051118
1025.145558
1025.727951
1026.451236
1027.338702
1027.391438
1027.441397
1027.448105
1027.659923
1028.269951
1028.418412
1028.447136
1028.476273
1028.689443
1028.806472
1029.133497
1029.732095
1029.929117
1030.053203
1030.191983
1030.295685
1030.428599
1030.714862
1030.91652
1030.928589
1031.049429
1031.46846
1031.928137
1031.957796
1032.00574
1032.095387
1032.320387
1032.821191
1032.923885
1033.365934
1033.458848
1033.900832
1033.98764
1034.113419
1034.237206
1034.797917
1035.010586
1035.057778
1035.18653
1035.26545
1035.294385
1035.390611
1035.798359
1036.143389
1036.409903
1036.516748
1036.621927
1036.902572
1037.059791
1038.15021
1038.338632
1038.585204
1038.791764
1038.881224
1038.98669
1039.037201
1039.045443
1039.192522
1039.224575
1039.976595
1040.133952
1040.171558
1040.279991
1040.488062
1040.499548
1040.539711
1040.539935
1040.563182
1040.974374
1040.979173
1041.097745
1041.104895
1041.56385
1041.725146
1041.728126
1041.819904
1042.033178
1042.268201
1042.699893
1042.857122
1042.873061
1043.164957
1043.41488
1043.41627
1043.691058
1043.766806
1043.913683
1044.582709
1045.457681
1045.484739
1046.113977
1046.172259
1046.33876
1046.350778
1046.418317
1046.870216
1047.609532
1047.714033
1048.189246
1048.505569
1048.682306
1048.892546
1049.375897
1050.213508
1050.225786
1050.430355
1050.697244
1051.14348
1051.561538
1052.106416
1052.434038
1052.792378
1052.808227
1052.849632
1052.950328
1053.276509
1053.60573
1053.67195
1054.538111
1054.682095
1054.744994
1054.7759
1055.14162
1055.335406
1055.511411
1055.541268
1055.543621
1055.641121
1055.975327
1056.411086
1056.415547
1056.583166
1056.629831
1057.255666
1057.491243
1057.502046
1057.683067
1057.694045
1058.17939
1058.409352
1058.606263
1059.13371
1059.617316
1059.915587
1059.920026
1060.194821
1060.371514
1060.658882
1060.690721
1060.768774
1060.91252
1061.72032
1061.785527
1062.695139
1063.197929
1063.523169
1063.846287
1064.143984
1064.813728
1064.911199
1065.528212
1066.122783
1066.174257
1067.162252
1067.855785
1067.878011
1069.286333
1069.911553
1070.787094
1071.162951
1071.294907
1071.356241
1071.457567
1071.709816
1072.098406
1072.580208
1073.996057
1074.015123
1074.598776
1074.653854
1074.939497
1075.291396
1075.42609
1075.867484
1076.482697
1076.633994
1078.260156
1078.546353
1079.259636
1079.502864
1079.979828
1080.648091
1080.836824
1081.18542
1083.835351
1083.954357
1084.920805
1085.151748
1085.89405
1086.105339
1086.790876
1086.804305
1087.027938
1087.911572
1088.424736
1088.800869
1088.882854
1089.581166
1090.104766
1090.923958
1090.972047
1092.39054
1092.88025
1093.02486
1093.096903
1093.753396
1094.545497
1094.774556
1095.855694
1096.641497
1097.259095
1097.38469
1097.728182
1098.501341
1099.783513
1100.369516
1101.908844
1102.252142
1104.232533
1104.918008
1105.172158
1105.199392
1105.500465
1109.860302
1110.11282
1110.714167
1111.439171
1111.814252
1113.145188
1113.743726
1114.215806
1114.879652
1116.509457
1116.884774
1118.830049
1119.822596
1120.164424
1120.191838
1120.90837
1121.302884
1124.019601
1124.920185
1128.621208
1128.932901
1129.605119
1129.729096
1132.743591
1133.15129
1133.387716
1135.567618
1135.898979
1136.027483
1139.902373
1139.949829
1141.092004
1142.686771
1146.629334
1148.427839
1151.622305
1151.785451
1152.13921
1152.649114
1155.692581
1163.38764
1164.151555
1167.262249
1168.512067
1168.865638
1169.222401
1169.445054
1172.81673
1176.291323
1185.842566
1192.230328
1203.80243
1211.224068
1222.896219
1226.381115
1261.746555
1268.27515
1275.519142
1288.471371
1289.746641
1309.089072
1314.892168
1340.390194
1343.821067
1354.491628
1396.254157
1415.925465
1421.142275
1433.956394
1447.85521
1449.677662
1496.996809
1889.966847
1974.673694
2374.792083
6158.408574
6761.045489
