1.530777
1.551979
2.018896
2.067308
2.418633
7.326658
7.336327
7.507653
7.594438
7.670634
7.706625
7.760673
7.772664
7.98714
8.189595
8.226659
8.830078
8.883823
9.062111
9.062919
9.33696
9.4362
9.504873
9.536282
9.731399
9.758557
9.977693
9.99973
10.001657
10.15163
10.668214
10.802995
10.806346
10.901845
11.411873
11.429605
11.446267
11.48939
11.548717
11.622344
11.754404
11.773627
11.793521
11.933677
12.002651
12.021775
12.039674
12.047764
12.124542
12.139872
12.142998
12.151217
12.217935
12.248314
12.272852
12.487106
12.487988
12.720339
12.761263
12.794356
12.901104
12.941693
13.018004
13.031504
13.047288
13.101409
13.122407
13.277597
13.294476
13.297507
13.409976
13.437334
13.715439
13.716702
13.904176
13.923126
13.999215
14.060645
14.147753
14.149711
14.241745
14.246771
14.400317
14.434074
14.464073
14.51141
14.520045
14.580242
14.614353
14.689083
14.734949
14.956238
14.957091
14.988382
15.171879
15.236924
15.461004
15.479505
15.588329
15.700668
15.710104
15.869684
15.931302
15.956427
15.998772
16.116295
16.155232
16.173915
16.242996
16.244642
16.353398
16.423788
16.448072
16.495798
16.564401
16.654138
16.659234
16.875688
17.113045
17.326749
17.359497
17.446012
17.588071
17.617596
17.799942
17.935925
17.997775
18.13267
19.209181
19.319694
19.418787
19.606531
19.71569
19.76045
19.766469
19.967487
20.294652
20.986511
21.215861
21.269169
21.500636
21.546903
22.507133
22.964554
23.209871
23.412223
24.8669
24.97423
25.244395
26.604928
26.683719
27.444734
27.801744
29.145995
29.337415
29.84965
30.729447
30.915381
31.599164
33.865361
34.047678
35.696455
38.661179
39.605829
41.838656
42.11348
44.097052
47.864265
49.093464
49.98525
53.694259
55.258344
57.826376
58.384876
58.649531
64.968034
65.637603
65.730358
67.733272
70.456897
72.808171
78.214634
84.378952
85.924475
86.437095
87.98825
88.212585
88.820289
89.407202
91.315317
93.051544
94.236856
98.412581
99.998535
101.463311
105.615364
106.353303
108.626051
111.973724
112.619835
113.938888
114.240504
114.988226
115.180415
115.679481
116.262828
118.134907
118.379891
118.423748
119.295052
119.8101
120.98434
121.250776
121.821788
122.910336
122.962745
123.025498
123.038601
123.209949
123.345241
123.484287
123.863211
123.978878
124.387472
124.613999
124.880959
124.922276
125.107531
125.227743
125.280103
125.419615
125.657646
125.780443
125.982202
126.370391
126.37727
126.805565
126.833602
126.898455
127.111866
127.179687
127.245608
127.642635
127.66765
127.690111
128.098907
128.404764
128.610086
128.65103
128.720681
128.909498
129.150672
129.158445
129.343289
129.40725
129.42966
129.48808
129.968421
130.026185
130.149524
130.174588
130.554525
130.576214
130.616061
130.674997
130.680129
130.705956
130.799453
130.800647
130.809832
131.045622
131.072347
131.254453
131.3663
132.187302
132.220308
132.384057
132.508857
132.695088
132.999457
133.053645
133.39433
133.556214
133.885388
133.987437
134.032641
134.292814
134.47596
134.529323
134.753327
134.756493
135.381681
135.441493
135.688318
136.017274
136.055738
136.200296
136.323885
137.050996
137.384107
137.64442
138.095781
138.141468
138.290336
138.62541
138.785861
138.958126
139.145012
139.302661
139.601849
139.761619
139.922733
140.185138
140.265257
141.73567
141.880795
142.079414
142.213428
143.175543
143.743691
143.74983
143.756798
144.680758
145.32782
145.589914
145.652983
145.734954
145.891487
146.251251
146.726026
146.754911
146.762724
147.166077
147.543395
147.861181
148.025071
148.375742
148.485664
148.536861
148.617766
149.027554
149.163903
149.30741
149.332212
149.877145
150.600512
150.738777
151.195966
151.214838
151.277903
151.40696
151.440313
151.729723
151.965914
152.073168
152.155027
152.16849
152.288368
152.492809
153.027862
153.231282
153.684157
153.693128
154.111294
154.178179
154.212926
154.263858
154.451876
154.7267
155.014674
155.355351
155.778198
156.47908
157.105416
157.253684
157.503055
157.660153
157.777151
157.897055
158.190001
158.631693
159.289805
159.322871
159.463019
159.873467
160.257645
160.262055
160.649028
161.168987
161.462456
161.803471
161.932082
162.284582
164.085707
164.190662
164.246834
164.418991
164.430379
164.590524
164.642112
164.910681
165.057915
165.062218
165.266379
165.824963
166.047606
166.066872
167.075216
167.09512
167.454703
167.657772
168.23318
168.624857
168.647648
168.879112
168.913505
168.954703
169.256986
169.38677
169.50006
169.523877
169.536644
169.593524
169.686001
169.784053
170.102834
170.123904
170.900136
171.355607
171.512838
171.758939
172.070735
172.392899
172.766108
173.3849
173.479543
173.503479
173.58014
173.674588
173.736296
174.06601
174.09984
174.241239
174.283838
174.297381
174.305499
174.446685
174.71133
174.782108
174.795032
174.798779
174.845251
174.880011
174.901342
174.964158
174.970247
175.034088
175.087312
175.121203
175.248502
175.251311
175.3496
175.367938
175.542442
175.65166
175.668551
175.68892
175.748772
175.764385
175.835941
175.843555
176.339657
176.726597
176.882547
177.140301
177.141705
177.33496
177.352406
177.471833
177.586587
177.686498
177.732755
178.111928
178.545729
178.684814
178.784531
178.818496
178.893043
178.906136
178.979257
179.014791
179.238103
179.527662
179.611734
179.818259
179.874739
179.954182
180.012149
180.093928
180.102454
180.136676
180.159509
180.253015
180.469172
180.515249
180.595819
180.674974
180.757549
180.869923
180.946196
181.081066
181.10493
181.11134
181.118365
181.276254
181.368673
181.491014
181.613522
181.651114
181.792507
181.91375
182.125527
182.15653
182.262867
182.316297
182.352901
182.375708
182.461047
182.503153
182.688278
182.69315
182.810456
182.826393
182.830791
182.879532
182.882948
183.154909
183.195162
183.221016
183.30864
183.331186
183.439858
183.447335
183.459229
183.47969
183.574566
183.580208
183.60899
183.703721
183.757624
183.758282
183.788076
183.896742
184.146603
184.351208
184.396152
184.46299
184.503983
184.51896
184.528372
184.648916
184.754223
184.850356
184.859112
184.999786
185.041939
185.049299
185.052553
185.170463
185.200421
185.246915
185.268277
185.344462
185.369847
185.472671
185.732591
185.772639
185.779127
185.848569
185.850433
185.851603
185.865344
186.02803
186.167915
186.26484
186.368021
186.380893
186.403172
186.438086
186.549809
186.725024
186.776082
186.780452
186.801969
186.824469
186.960449
186.994934
187.030671
187.173691
187.204931
187.344401
187.403305
187.434047
187.44141
187.580138
187.590544
187.633859
187.642921
187.686294
187.717314
187.813954
187.915043
187.916822
187.931733
187.978207
188.019268
188.066023
188.113234
188.240955
188.2653
188.34175
188.398078
188.440444
188.561435
188.662655
188.691967
188.714049
188.726152
188.83305
188.841224
188.911693
188.946887
188.962854
188.983231
189.156762
189.211904
189.598675
189.635212
189.638713
189.64601
189.837754
189.963593
190.044568
190.048665
190.149738
190.177858
190.201577
190.208781
190.229206
190.321194
190.422049
190.424126
190.476555
190.564063
190.59584
190.689082
190.746893
190.803421
190.893579
190.946452
191.006506
191.024964
191.108653
191.114817
191.189723
191.268074
191.307259
191.435078
191.452817
191.611652
191.642806
191.77847
191.868024
191.926128
191.978418
192.019316
192.136028
192.487821
192.658064
192.697915
192.799652
192.839338
193.025555
193.370546
193.380097
193.412511
193.456079
193.477098
193.495053
193.647782
193.69327
194.023789
194.027674
194.056102
194.060588
194.131221
194.293487
194.341257
194.402189
194.418348
194.445355
194.464581
194.771786
194.81506
194.815664
194.937557
194.945824
194.956339
195.08128
195.131821
195.164839
195.204903
195.41482
195.452922
195.51947
195.545395
195.599039
195.775188
195.802599
196.087162
196.220257
196.329525
196.398587
196.491474
196.814004
197.092832
197.344431
197.769956
197.922495
198.005472
198.093055
198.151731
198.312749
198.437048
199.608672
200.003632
200.40641
200.619769
200.653898
200.759043
201.171672
201.787071
201.844478
201.97318
202.033706
202.396277
202.519116
202.575525
203.346495
203.424998
204.361058
204.618387
204.739108
204.855916
206.062731
207.566531
208.428627
208.687904
208.89346
210.972838
211.277226
212.443129
213.40542
217.336854
220.296656
222.122683
224.685612
225.026542
225.619417
227.51007
237.483743
237.91692
238.89107
241.213689
246.95925
254.840378
255.240162
266.667147
267.536882
276.453721
291.324824
292.505534
294.252625
297.866921
302.491165
309.692619
321.818795
326.827687
328.901472
328.958579
346.806478
348.431189
353.831513
356.586951
385.668835
462.062052
886.894657
3739.620608
6512.68029
