442.077679
446.695584
470.441219
479.329172
482.889536
484.139953
501.407805
615.757235
705.377505
719.87004
721.898893
730.496724
732.091013
739.583983
745.119224
767.443227
768.739675
775.405963
776.318378
790.773095
791.718754
794.526421
805.311049
807.904767
810.075447
810.114321
811.918406
812.735172
814.171606
814.597036
815.332232
815.562449
816.644043
816.67157
816.995176
817.107977
817.152646
818.405107
818.565141
818.618781
819.143037
819.274918
821.214381
821.222103
821.274403
821.971195
822.128747
822.202721
822.723931
823.027222
823.323118
823.34775
823.573124
823.891238
824.239317
824.337219
824.383211
824.434371
824.783395
825.252952
825.292542
826.081184
826.161247
826.329024
826.476515
826.50751
826.855685
826.872784
827.323812
827.326971
827.35748
827.55845
827.591805
827.725922
827.854833
827.917629
828.069308
828.48576
828.528113
828.569929
828.72319
829.043035
829.053666
829.063818
829.103291
829.301069
829.332438
829.348757
829.356778
829.386324
829.505865
829.689187
829.775162
829.978293
830.114386
830.255314
830.269833
830.299778
830.368435
830.449143
830.490916
830.537832
830.548751
830.693756
830.76563
830.767692
830.834423
830.849531
830.885326
831.056934
831.067663
831.129346
831.265303
831.290782
831.43607
831.486175
831.640859
831.821719
831.909309
832.049043
832.196433
832.272434
832.306705
832.356286
832.455718
832.457701
832.462736
832.501752
832.601996
832.630213
832.684465
832.752844
832.832675
832.856878
832.884772
833.105283
833.130986
833.15424
833.202752
833.235222
833.26038
833.284982
833.288685
833.34766
833.477776
833.628886
833.635507
833.66178
833.78016
833.788465
833.819243
833.832791
833.956274
834.008571
834.07491
834.139814
834.149776
834.359897
834.412987
834.469714
834.541796
834.564024
834.763215
834.870261
834.876618
834.959231
835.086222
835.089652
835.106364
835.117692
835.138042
835.169956
835.226741
835.304206
835.357716
835.505302
835.518033
835.52644
835.553115
835.600146
835.702043
835.819083
835.900851
835.902228
835.924838
835.97101
835.980529
836.002009
836.026485
836.030953
836.120502
836.344145
836.349871
836.479041
836.539605
836.563947
836.853398
836.905949
836.977471
836.99954
837.031363
837.11168
837.324839
837.376832
837.398889
837.421231
837.444026
837.615557
837.678954
837.723755
837.76164
837.778339
837.782527
837.862068
837.872637
837.94897
837.951536
837.974647
837.975169
837.988201
838.019538
838.06574
838.071032
838.071443
838.109761
838.30411
838.353752
838.398891
838.444781
838.549096
838.570012
838.579824
838.612976
838.632218
838.66936
838.706417
838.752381
838.830654
838.906678
838.944469
838.974113
839.03757
839.069808
839.120011
839.123717
839.16875
839.181987
839.187141
839.240999
839.298999
839.368483
839.417241
839.453927
839.488361
839.574088
839.639448
839.746307
839.754932
839.760831
839.763196
839.814231
839.826209
839.838416
839.976088
840.02017
840.0392
840.048896
840.055747
840.174314
840.235882
840.243114
840.254475
840.265399
840.306612
840.344673
840.380084
840.420115
840.433718
840.458402
840.459308
840.474426
840.613695
840.621825
840.651719
840.702701
840.735012
840.785051
840.847651
840.859801
840.877638
840.914004
841.13561
841.159858
841.176958
841.199319
841.215742
841.23665
841.238991
841.250995
841.260058
841.303274
841.328491
841.350685
841.392656
841.441262
841.49178
841.523152
841.530734
841.55881
841.59164
841.623034
841.635238
841.659789
841.668558
841.68067
841.683304
841.708868
841.82933
841.847007
841.847777
841.853819
841.877762
841.886257
841.915437
841.916213
841.921022
842.06087
842.07021
842.202643
842.23487
842.256979
842.264372
842.325104
842.356994
842.423125
842.465872
842.475176
842.559808
842.565295
842.578679
842.585566
842.614768
842.619252
842.642919
842.660271
842.661763
842.673572
842.698438
842.73016
842.731587
842.789866
842.823894
842.892952
842.918414
843.039703
843.139145
843.270014
843.274714
843.316171
843.322075
843.332315
843.341099
843.341636
843.349536
843.379649
843.390112
843.404473
843.439528
843.444597
843.44835
843.530291
843.53869
843.540757
843.562203
843.607229
843.667734
843.691722
843.755593
843.778839
843.792715
843.824365
843.839309
843.863728
843.884778
843.932347
843.98886
844.021722
844.025367
844.066244
844.082575
844.085427
844.136364
844.142413
844.180397
844.190734
844.229825
844.249301
844.2588
844.262927
844.278738
844.293482
844.296631
844.313121
844.318953
844.327306
844.401117
844.411774
844.413444
844.478331
844.504354
844.561271
844.601703
844.637931
844.639034
844.662462
844.691891
844.731181
844.775099
844.783516
844.784247
844.838988
844.867545
844.939789
844.989796
845.092774
845.12909
845.138724
845.162174
845.252488
845.26789
845.285865
845.302713
845.313611
845.316099
845.331491
845.397317
845.406966
845.447211
845.468526
845.498709
845.534954
845.559133
845.687612
845.743911
845.875425
845.878284
845.919895
845.99128
846.01199
846.027271
846.040289
846.058207
846.076029
846.077281
846.095196
846.097795
846.131579
846.144059
846.1676
846.174008
846.213946
846.229317
846.231886
846.240619
846.264362
846.282129
846.293069
846.397771
846.428324
846.448268
846.475188
846.484328
846.507403
846.52658
846.558927
846.562807
846.566376
846.568688
846.575721
846.58711
846.587694
846.588148
846.590183
846.648597
846.652065
846.661141
846.692056
846.721001
846.743089
846.743222
846.764942
846.783765
846.786313
846.838012
846.838683
846.846094
846.856764
846.887717
846.90651
846.925925
846.940415
846.950896
846.964761
846.98668
847.005074
847.006979
847.024382
847.03003
847.031819
847.062008
847.067402
847.087992
847.090536
847.099594
847.121478
847.16068
847.188095
847.219909
847.24174
847.304174
847.317557
847.33593
847.361899
847.390988
847.391378
847.403922
847.416582
847.45277
847.467109
847.51157
847.518079
847.535092
847.593131
847.630654
847.680456
847.706186
847.715144
847.803103
847.825173
847.849322
847.855439
847.856006
847.857528
847.864173
847.888717
847.896148
847.924276
847.968181
847.968644
848.029454
848.064418
848.073412
848.104993
848.115142
848.137539
848.138541
848.144305
848.200837
848.205819
848.209156
848.265714
848.266031
848.26756
848.268103
848.285451
848.299719
848.338465
848.36533
848.371335
848.372139
848.395366
848.417421
848.460809
848.492919
848.498674
848.548895
848.553807
848.561509
848.561685
848.576953
848.606512
848.739459
848.748756
848.776136
848.780734
848.800813
848.835731
848.866527
848.873713
848.882677
848.918123
848.928623
848.978662
848.980554
848.997679
849.016118
849.085192
849.090398
849.091992
849.120899
849.130078
849.144012
849.15001
849.156333
849.17682
849.203515
849.211297
849.219827
849.225436
849.245996
849.24622
849.246706
849.250906
849.274389
849.287617
849.306321
849.315846
849.327061
849.336165
849.338468
849.345727
849.362462
849.382158
849.384826
849.402231
849.402812
849.42269
849.425626
849.462363
849.497023
849.54094
849.621776
849.626486
849.626747
849.658683
849.678779
849.679991
849.685999
849.686673
849.690221
849.706561
849.725358
849.729565
849.73959
849.74522
849.766177
849.820802
849.920906
849.921792
849.923659
849.933471
849.954065
849.991348
850.005535
850.013206
850.023956
850.060172
850.078198
850.088288
850.093022
850.117828
850.125153
850.130051
850.136027
850.138627
850.156036
850.169239
850.183969
850.186935
850.188444
850.211249
850.229666
850.235709
850.23701
850.301763
850.30578
850.319309
850.323528
850.329907
850.388409
850.406259
850.410897
850.411788
850.418573
850.443852
850.443858
850.44633
850.448778
850.466725
850.470101
850.471111
850.498167
850.503152
850.525246
850.528149
850.545943
850.580999
850.583671
850.588122
850.621969
850.669484
850.679738
850.723403
850.751713
850.758238
850.763055
850.796381
850.812037
850.821141
850.840584
851.001943
851.052205
851.052821
851.069718
851.069849
851.080208
851.081366
851.08191
851.094623
851.097214
851.134647
851.175499
851.194601
851.223183
851.258122
851.34866
851.372072
851.422133
851.439161
851.443185
851.458857
851.462694
851.468008
851.470165
851.471084
851.479216
851.533708
851.5648
851.576963
851.586741
851.622449
851.653688
851.670206
851.679622
851.682613
851.732822
851.740111
851.744957
851.748741
851.750714
851.757105
851.769805
851.783062
851.792121
851.793582
851.82079
851.823318
851.843304
851.870905
851.883275
851.919261
851.930626
851.934931
851.939373
851.94022
851.980064
852.006011
852.010974
852.053226
852.063333
852.066164
852.079286
852.107372
852.123091
852.14825
852.154816
852.170762
852.172395
852.191946
852.205684
852.224731
852.225961
852.268342
852.284934
852.323889
852.331424
852.351511
852.376994
852.389293
852.389698
852.447412
852.447863
852.463797
852.468518
852.508232
852.540004
852.600551
852.606609
852.607669
852.620456
852.631362
852.643958
852.652558
852.66258
852.681972
852.759068
852.761112
852.817253
852.854569
852.870183
852.899834
852.915391
852.932575
852.949242
852.967832
852.974615
852.981271
852.999938
853.009302
853.013996
853.03298
853.095918
853.096597
853.105509
853.120924
853.140113
853.145872
853.166359
853.166542
853.17077
853.182762
853.199303
853.199481
853.222521
853.228546
853.241536
853.245203
853.278707
853.303627
853.355855
853.36419
853.403378
853.45026
853.457451
853.460849
853.467626
853.502382
853.522307
853.565893
853.575344
853.598284
853.630329
853.633837
853.636629
853.655276
853.686192
853.694209
853.697899
853.76852
853.793951
853.805055
853.847372
853.859953
853.88599
853.888911
853.905302
853.939853
853.943835
853.982374
853.996103
854.020502
854.050325
854.07736
854.095778
854.097026
854.161016
854.163282
854.16716
854.178217
854.192001
854.203072
854.204663
854.216292
854.221211
854.223661
854.236985
854.250356
854.287445
854.291491
854.295524
854.315893
854.321683
854.340264
854.356302
854.358277
854.370868
854.372946
854.412358
854.455718
854.477558
854.494873
854.525285
854.562819
854.599903
854.637784
854.646037
854.652985
854.669461
854.675109
854.691532
854.711793
854.760527
854.774259
854.826082
854.876978
854.9055
854.905542
854.907309
854.938799
854.967744
854.994901
854.996346
855.042268
855.050386
855.066475
855.085114
855.091541
855.102108
855.123758
855.141775
855.148141
855.156983
855.172078
855.182596
855.19981
855.211037
855.218982
855.23208
855.236188
855.237054
855.238498
855.26255
855.305937
855.362419
855.368963
855.371483
855.381836
855.39909
855.405711
855.435775
855.489066
855.537778
855.540616
855.570908
855.579494
855.585253
855.604781
855.635087
855.639252
855.660501
855.661453
855.663454
855.668086
855.675673
855.685384
855.775746
855.775974
855.787613
855.798339
855.823955
855.833171
855.845055
855.862421
855.869237
855.897766
855.911703
855.927032
855.93565
855.935955
855.946324
855.950804
855.952184
855.95961
855.969665
855.97339
856.015178
856.016946
856.024246
856.049652
856.068216
856.083175
856.104583
856.137866
856.146671
856.233145
856.2362
856.236626
856.257632
856.284312
856.307627
856.321483
856.331054
856.332424
856.335597
856.397125
856.423718
856.42805
856.444224
856.44841
856.461238
856.466552
856.470772
856.489708
856.532793
856.534571
856.556267
856.585977
856.598024
856.602202
856.622679
856.634691
856.642543
856.64443
856.65224
856.65524
856.671381
856.703534
856.708367
856.722522
856.730607
856.761891
856.777839
856.802985
856.809032
856.821226
856.827118
856.832053
856.856787
856.895138
856.917453
856.919233
856.925339
856.935768
857.033999
857.042996
857.044283
857.078474
857.079705
857.082618
857.122587
857.123971
857.151576
857.17986
857.212117
857.229696
857.246377
857.25473
857.262765
857.277618
857.312345
857.31387
857.331311
857.340623
857.346789
857.392691
857.398135
857.422587
857.437215
857.459166
857.463759
857.473686
857.474009
857.474363
857.514484
857.51899
857.593503
857.595978
857.631089
857.660911
857.705605
857.707717
857.728206
857.730799
857.778964
857.787655
857.789832
857.801262
857.80129
857.811203
857.816872
857.824016
857.844617
857.854017
857.867821
857.929711
857.938346
857.944859
857.983163
857.987199
858.008034
858.017952
858.019646
858.023327
858.02937
858.069775
858.073974
858.075853
858.10272
858.108349
858.137638
858.171144
858.217963
858.226062
858.228142
858.244405
858.251479
858.280386
858.281871
858.319705
858.331181
858.345043
858.377125
858.411267
858.441203
858.451235
858.479878
858.499033
858.500371
858.508555
858.514711
858.51551
858.545998
858.558447
858.559031
858.559113
858.586181
858.612672
858.6155
858.644512
858.666988
858.668041
858.668519
858.704162
858.710246
858.710746
858.734718
858.748495
858.764048
858.769702
858.821705
858.837291
858.881308
858.886559
858.912129
858.925135
858.929811
858.940943
858.951053
858.981628
858.990067
859.007626
859.03099
859.037457
859.048062
859.05439
859.054916
859.099134
859.114831
859.118511
859.142524
859.158594
859.196065
859.207074
859.245871
859.291769
859.294341
859.310568
859.319936
859.350236
859.389417
859.410855
859.443323
859.4475
859.450091
859.459815
859.462971
859.466064
859.47808
859.528315
859.559149
859.60576
859.623334
859.651985
859.652276
859.654923
859.659051
859.661496
859.679624
859.686723
859.694257
859.709636
859.713778
859.728595
859.729885
859.731547
859.758874
859.768959
859.778427
859.793609
859.820074
859.824897
859.840777
859.846159
859.850485
859.865011
859.866724
859.893409
859.902779
859.921746
859.930503
859.933693
859.950312
859.965089
859.994356
859.996283
860.034622
860.034881
860.043225
860.04983
860.073019
860.083178
860.104509
860.120185
860.124202
860.137313
860.147468
860.150296
860.161202
860.171017
860.180535
860.189641
860.240111
860.289229
860.294703
860.321204
860.332941
860.352192
860.413448
860.46867
860.472017
860.487969
860.495697
860.497713
860.498697
860.504292
860.505802
860.52087
860.528849
860.554539
860.579681
860.582752
860.625262
860.627789
860.656238
860.667368
860.693472
860.698157
860.718484
860.746879
860.750207
860.750712
860.751842
860.755294
860.760888
860.779448
860.792032
860.808895
860.818925
860.832772
860.902123
860.904602
860.938553
860.959266
860.963426
861.012628
861.030951
861.032613
861.067352
861.069659
861.076015
861.086268
861.088366
861.101717
861.104336
861.111915
861.112083
861.118858
861.122367
861.13994
861.183192
861.196672
861.196758
861.20044
861.237739
861.271921
861.27868
861.298656
861.376872
861.389504
861.390809
861.430004
861.434775
861.441633
861.454256
861.477592
861.491173
861.502808
861.536201
861.550415
861.55054
861.615491
861.635542
861.651315
861.655368
861.672052
861.68106
861.700565
861.708123
861.708704
861.71283
861.716177
861.782529
861.791736
861.797614
861.808837
861.81063
861.820827
861.821206
861.841786
861.845971
861.853326
861.853883
861.859201
861.908238
861.915696
861.923404
861.933426
861.93897
861.942706
862.008597
862.029574
862.035693
862.03899
862.072618
862.078926
862.086046
862.087881
862.092082
862.099836
862.111081
862.116896
862.119093
862.128579
862.137739
862.149322
862.165502
862.188988
862.198721
862.199109
862.214803
862.215601
862.22534
862.228422
862.243574
862.261085
862.263036
862.265414
862.273729
862.280559
862.29382
862.305221
862.344377
862.353779
862.354982
862.370026
862.390994
862.398956
862.430915
862.431224
862.486958
862.494289
862.508257
862.54072
862.570621
862.582492
862.612973
862.680649
862.690297
862.725226
862.727661
862.734178
862.746698
862.757927
862.767836
862.768749
862.79425
862.800346
862.832039
862.837331
862.849524
862.859099
862.867078
862.900246
862.906848
862.92059
862.935638
862.942365
862.970048
862.970216
862.975873
863.014173
863.055514
863.07257
863.084304
863.085792
863.086114
863.158191
863.200738
863.258045
863.299949
863.302657
863.317248
863.320599
863.333055
863.348763
863.357768
863.369396
863.384917
863.407218
863.427646
863.438285
863.455796
863.463781
863.527704
863.529863
863.549209
863.621018
863.698374
863.718621
863.720494
863.739363
863.739896
863.740939
863.76876
863.782253
863.785316
863.78796
863.832041
863.835506
863.837515
863.851597
863.853829
863.876818
863.91416
863.926112
863.931942
863.942631
863.979303
863.984372
863.995486
864.004876
864.006724
864.013431
864.056209
864.056215
864.082467
864.087169
864.088185
864.10086
864.115618
864.154709
864.162681
864.194601
864.248306
864.248972
864.258696
864.269122
864.318195
864.336079
864.336392
864.348798
864.36298
864.40407
864.417657
864.419954
864.42344
864.425877
864.429247
864.436606
864.437703
864.449194
864.454634
864.466865
864.479203
864.523262
864.535518
864.535676
864.54318
864.570279
864.595332
864.598688
864.637589
864.651864
864.675196
864.676442
864.692832
864.695706
864.696606
864.706812
864.708755
864.727465
864.735697
864.736736
864.739744
864.752283
864.792998
864.80626
864.817567
864.830509
864.856677
864.89471
864.898203
864.90222
864.933179
864.945473
864.989783
865.003581
865.030378
865.038103
865.040798
865.052575
865.061085
865.066042
865.070005
865.092259
865.130173
865.131478
865.141453
865.173972
865.182873
865.211256
865.249527
865.268726
865.296827
865.305196
865.311672
865.362801
865.373912
865.375471
865.390421
865.390434
865.39925
865.418077
865.424504
865.432246
865.490562
865.495776
865.512638
865.51688
865.518568
865.526399
865.540211
865.550677
865.58842
865.598942
865.608388
865.609942
865.623087
865.629631
865.630668
865.638312
865.707079
865.715658
865.728421
865.768925
865.785055
865.785378
865.798514
865.798756
865.804598
865.808399
865.81177
865.821013
865.83357
865.839003
865.854182
865.860727
865.868013
865.890304
865.895175
865.905353
865.931552
865.936338
865.939399
865.939541
865.989053
865.998321
866.021269
866.040767
866.098946
866.110215
866.110289
866.124004
866.126817
866.138682
866.173224
866.231632
866.242214
866.243529
866.245057
866.289347
866.34987
866.360179
866.370981
866.390213
866.427833
866.429124
866.472051
866.489309
866.492151
866.49493
866.49884
866.503297
866.521754
866.53006
866.546045
866.554782
866.598088
866.643751
866.664645
866.680993
866.713221
866.738975
866.743168
866.750589
866.771364
866.788632
866.794353
866.795978
866.796197
866.803461
866.803818
866.827875
866.852721
866.889327
866.893215
866.911909
866.956332
866.959067
866.984927
867.011841
867.016459
867.051704
867.068723
867.087804
867.099413
867.140508
867.153992
867.157063
867.163235
867.177327
867.182602
867.216047
867.297153
867.309432
867.390341
867.40105
867.434617
867.461867
867.467568
867.470414
867.491493
867.496488
867.512002
867.51491
867.519456
867.556554
867.573906
867.58978
867.594722
867.596646
867.599592
867.63003
867.651573
867.664794
867.668202
867.676467
867.682214
867.689019
867.709962
867.71214
867.717575
867.724609
867.725361
867.729849
867.73756
867.744787
867.748775
867.800163
867.810729
867.830014
867.838981
867.850059
867.85745
867.85809
867.861175
867.863684
867.866257
867.87164
867.916017
867.940786
867.956102
867.988114
868.012182
868.013084
868.015973
868.031053
868.067464
868.069914
868.070958
868.098782
868.122026
868.122275
868.135994
868.147003
868.163579
868.204714
868.221594
868.224544
868.231593
868.255063
868.257234
868.264334
868.282819
868.285631
868.290658
868.291927
868.298529
868.300037
868.326633
868.355466
868.390896
868.432451
868.439106
868.445621
868.460461
868.471684
868.47802
868.486002
868.501328
868.543591
868.544506
868.548945
868.556518
868.590377
868.610992
868.618738
868.623046
868.637787
868.640433
868.673125
868.695745
868.698371
868.700623
868.710236
868.732689
868.7359
868.738506
868.783676
868.834568
868.835493
868.841376
868.861266
868.871576
868.88166
868.901642
868.901685
868.912809
868.933078
868.937057
868.945672
868.951386
868.971259
869.045514
869.077733
869.096868
869.127387
869.134681
869.193644
869.236673
869.254509
869.258009
869.268922
869.273092
869.279141
869.286914
869.287167
869.406518
869.412804
869.421257
869.443585
869.462114
869.466536
869.475369
869.493788
869.545897
869.56922
869.577455
869.596641
869.641891
869.648977
869.653843
869.665334
869.691579
869.694876
869.717035
869.757974
869.809283
869.810797
869.818292
869.819202
869.829781
869.838667
869.881646
869.886589
869.900776
869.918486
869.956562
869.9589
869.996731
870.029343
870.030284
870.07658
870.109747
870.120737
870.227611
870.244862
870.256178
870.29847
870.300862
870.304904
870.3225
870.334452
870.383227
870.383998
870.391168
870.403564
870.408309
870.435583
870.453383
870.482684
870.499007
870.517205
870.535683
870.559337
870.564933
870.579987
870.583442
870.588351
870.588714
870.623017
870.629802
870.630994
870.647863
870.648496
870.703324
870.705781
870.713521
870.807028
870.859654
870.87195
870.893809
870.924669
870.939706
870.945919
870.982652
871.047577
871.058767
871.064566
871.072774
871.07701
871.08293
871.168747
871.194075
871.26884
871.282157
871.42442
871.442024
871.490265
871.491633
871.569848
871.573145
871.615981
871.618838
871.708774
871.722347
871.732875
871.752819
871.774538
871.824605
871.849763
871.86275
871.89729
871.921868
871.927884
871.943635
871.976628
872.01154
872.012679
872.015083
872.040901
872.088205
872.105244
872.134938
872.141723
872.165819
872.195385
872.20175
872.203119
872.208598
872.210408
872.222698
872.280262
872.286595
872.301206
872.36133
872.362444
872.376744
872.400191
872.458484
872.559436
872.571039
872.644322
872.683778
872.684762
872.699063
872.706532
872.732685
872.741858
872.826562
872.838216
872.838888
872.849957
872.858449
872.890377
872.924888
873.007137
873.009739
873.014998
873.029095
873.029629
873.03049
873.039913
873.071168
873.087724
873.112637
873.116989
873.123459
873.133577
873.190132
873.270671
873.275772
873.27769
873.305352
873.313802
873.355638
873.365407
873.383982
873.393206
873.394786
873.424205
873.488785
873.498768
873.512793
873.555136
873.617511
873.685093
873.719095
873.727008
873.750145
873.879338
873.937034
873.949749
873.972
873.97669
873.982857
874.002869
874.014599
874.062195
874.079946
874.085947
874.111279
874.148825
874.189947
874.245882
874.319328
874.327014
874.342318
874.359207
874.397229
874.399703
874.408013
874.424882
874.435923
874.439114
874.453105
874.553209
874.607319
874.615601
874.6572
874.66103
874.66224
874.690317
874.737529
874.76168
874.8292
874.87394
874.893664
874.899307
874.923457
874.924679
874.95497
874.963598
874.994773
875.029163
875.098549
875.109115
875.185244
875.200957
875.213788
875.266505
875.2722
875.296537
875.311388
875.315836
875.321282
875.374938
875.388985
875.43357
875.449194
875.46236
875.493244
875.505517
875.505878
875.567819
875.580228
875.619909
875.665862
875.728552
875.758298
875.760314
875.811164
875.812042
875.884492
875.911432
876.028389
876.075713
876.183543
876.194196
876.240805
876.274339
876.357455
876.46621
876.487152
876.506996
876.514417
876.612214
876.642704
876.648067
876.726833
876.84191
876.855162
876.882009
876.895109
877.047377
877.048938
877.119218
877.128321
877.159392
877.162383
877.181287
877.222975
877.247637
877.377588
877.389182
877.410902
877.423355
877.427667
877.44724
877.491518
877.569582
877.585943
877.635748
877.816478
877.873687
877.883475
877.96616
878.022886
878.032563
878.06088
878.078276
878.087909
878.118741
878.136291
878.229036
878.233519
878.324473
878.413214
878.432955
878.477186
878.51923
878.528909
878.54301
878.634547
878.703347
878.734603
878.745621
878.754315
878.762746
878.853274
878.861334
878.873271
878.931086
878.940762
879.045811
879.059849
879.069354
879.073569
879.079848
879.091009
879.11213
879.113795
879.129967
879.134108
879.144141
879.18491
879.207796
879.21491
879.219163
879.221984
879.285077
879.305149
879.511906
879.550335
879.656756
879.699412
879.700734
879.783903
879.840922
879.885923
879.889426
879.92585
879.990959
880.059174
880.070908
880.250397
880.296627
880.299396
880.312731
880.378289
880.424618
880.466964
880.490712
880.536468
880.57763
880.631482
880.654926
880.664426
880.671096
880.689163
880.70236
880.817454
880.854095
880.881291
880.890946
880.906448
880.954027
880.991491
880.992613
881.024396
881.029903
881.104065
881.109125
881.114853
881.129521
881.186729
881.247184
881.260501
881.320014
881.332502
881.360375
881.37573
881.440259
881.557629
881.575316
881.610066
881.656791
881.76576
881.798015
881.847821
881.878124
881.903103
881.905366
881.979991
882.016361
882.082273
882.098076
882.101854
882.149015
882.219319
882.267039
882.397283
882.439845
882.444377
882.521468
882.608537
882.616234
882.71256
882.717701
882.735772
882.767463
882.854286
882.856777
882.866567
882.892489
882.95177
883.112312
883.223796
883.277205
883.27975
883.283911
883.379072
883.382324
883.449959
883.464464
883.480866
883.494553
883.667958
883.783892
883.814484
883.881649
884.034044
884.126656
884.186903
884.314241
884.369067
884.372897
884.396049
884.45023
884.482737
884.557734
884.595264
884.649787
884.685032
884.730846
884.76104
884.797989
885.014793
885.015588
885.210417
885.259637
885.294699
885.472043
885.580505
885.584209
885.672335
885.845059
885.907803
885.928933
885.956662
886.110139
886.139581
886.20319
886.347111
886.362868
886.677618
886.780808
886.800556
886.812129
886.824496
886.863339
887.020944
887.093319
887.117069
887.160162
887.256409
887.345819
887.485279
887.486012
887.524409
887.581331
887.603762
887.775538
887.818166
887.826309
887.835301
887.850276
888.056324
888.075371
888.24206
888.284329
888.321169
888.357505
888.407025
888.429324
888.501932
888.510348
888.580086
888.651011
888.682559
888.700851
888.82745
888.844052
888.931269
889.128182
889.192611
889.201532
889.302266
889.474415
889.499646
889.63115
889.819994
889.921176
889.937783
890.054078
890.072255
890.178231
890.235344
890.246012
890.518898
890.635579
890.662582
890.675263
890.741703
890.872945
890.953021
891.012122
891.031128
891.052877
891.061423
891.105139
891.119754
891.142625
891.155762
891.162825
891.414455
891.532622
891.57838
891.615478
891.654787
892.166831
892.184395
892.374381
892.51177
892.547739
892.557421
892.738544
892.796301
892.943639
893.079459
893.195648
893.320227
893.40975
893.577163
893.838628
893.90885
893.933722
893.965518
894.177828
894.434911
894.437036
894.501492
894.582977
894.633824
894.708029
894.72832
894.780231
894.849139
894.988322
895.020831
895.024386
895.22638
895.237804
895.559915
895.585921
895.605842
895.612454
895.680202
895.815368
895.819646
895.866785
896.050559
896.055774
896.087184
896.117761
896.221944
896.304864
896.413627
896.519681
896.671645
896.716876
896.82712
896.944342
896.99621
897.03376
897.08024
897.111006
897.178082
897.223057
897.270365
897.579055
897.607939
897.669996
897.689058
897.711545
897.909675
898.275297
898.53817
898.633509
898.655405
898.803657
898.946021
899.094144
899.27911
899.291287
899.43194
899.590282
899.668055
899.895171
899.932574
900.072435
900.15945
900.584001
900.603805
900.883116
900.924372
901.258798
901.315141
901.32021
901.470489
901.590435
901.706835
902.035483
902.16622
902.386584
902.387872
902.582303
902.608165
902.712734
902.928027
902.979231
903.156249
903.174196
903.334976
903.43599
903.692662
903.71517
903.804755
903.925288
904.073274
904.112122
904.163825
904.325622
904.578501
904.866459
905.055873
905.20073
905.738509
905.759963
905.791378
905.79345
906.02213
906.356478
906.512248
906.51527
906.602154
906.855875
906.922064
907.113532
907.148939
907.32323
907.41
907.473913
907.530899
907.632434
907.752046
907.782397
907.796803
908.061964
908.144814
908.196691
908.209169
908.375349
908.489756
908.561733
908.969577
909.163024
909.512077
909.791925
910.309857
910.392506
910.489645
910.702463
910.927665
910.970357
911.861495
912.00123
912.138337
912.179498
912.260793
912.668164
912.973976
913.061667
913.217367
913.296119
913.378057
913.78936
913.821891
913.859607
913.868157
914.178285
914.212904
914.957711
915.404739
915.6383
916.064693
916.081842
916.387027
916.451725
916.577923
916.692433
916.821315
916.912893
916.93107
917.329401
917.39227
917.652442
917.699629
917.761026
917.809814
917.901602
918.0891
918.209827
919.109858
919.326399
919.666905
919.92534
919.942997
920.072979
920.151289
920.239455
920.359541
920.398068
920.694165
920.747657
920.832208
920.891975
921.145798
921.176813
921.179254
921.23211
922.18824
922.261914
922.389221
922.464165
922.510767
922.527128
922.923239
923.152509
923.456358
924.002162
924.083417
924.163253
924.34234
925.335931
925.414063
925.607306
925.673036
925.686677
925.817061
926.129413
926.414408
926.58093
926.676716
926.785614
927.337085
927.337569
927.35362
927.454488
927.501492
927.933002
928.092548
928.327662
928.405191
928.517277
928.580086
928.681927
928.731848
928.927832
929.127544
929.320632
929.698257
929.738668
929.871101
930.264431
930.823796
930.986285
931.330022
931.831916
932.928325
932.990818
933.375565
933.466584
933.64857
934.041104
934.536994
934.728579
934.910003
935.193548
935.373703
935.426589
935.517378
935.680056
936.162682
936.413861
937.08053
937.114023
937.983807
938.712566
938.7423
938.808513
939.129472
939.376744
940.240337
940.502689
940.70003
941.100734
941.273844
941.323502
941.346752
941.557388
941.85079
941.870734
942.09519
942.250871
943.128292
943.131238
943.732635
944.294597
945.877583
945.983659
947.38775
947.712772
948.20105
949.232156
950.417381
950.436618
950.925189
951.046133
951.280978
951.390932
951.771902
951.941529
953.731766
953.936369
954.84617
954.931088
955.82963
956.311942
956.687583
957.414432
957.665864
957.667918
957.675153
958.093025
958.926256
959.088954
959.618735
959.716373
959.821934
959.977318
961.029815
961.627559
964.774728
965.293958
965.509597
965.539988
967.371111
968.956339
971.790491
972.33954
972.389479
972.79465
972.951914
972.981162
976.2175
977.11177
977.983615
979.127811
979.580162
980.342955
980.532001
981.559044
982.120035
983.091038
985.020287
987.002086
988.387551
988.891954
990.356879
997.754118
1000.411665
1004.051105
1004.707858
1005.5754
1005.993691
1006.034153
1008.425616
1032.32165
1053.823753
1068.210466
1069.464242
1108.593492
1154.535668
1167.059692
1232.537833
1235.220399
1235.302755
1237.966509
1265.860815
1288.208323
1308.384049
1410.721586
1496.333446
1675.688532
2302.78256
