1.079845
138.029524
140.769097
145.436144
146.973025
149.19882
151.065635
151.525949
152.489956
152.589448
155.123974
155.667594
157.350489
169.75444
207.759278
231.491583
233.702509
247.30924
254.173238
290.99825
301.67889
303.180555
503.38455
577.976309
579.101056
580.649679
583.727895
588.691885
701.401604
721.043908
820.600782
828.7095
832.225392
835.378607
842.526663
843.623055
857.580637
899.712846
1673.754685
10802.20418
10802.239153
10802.265341
10802.475966
10802.48889
10802.495227
10802.544611
10802.554338
10802.568487
10802.589215
10802.599033
10802.601354
10802.605163
10802.614648
10802.668914
10802.790615
10802.791249
10802.84044
10803.013388
10803.401538
10803.579893
10803.655006
10805.531142
