1.079845
5.969102
8.619515
8.62387
10.724632
10.836581
13.143204
13.328789
14.432518
14.619906
15.346066
15.481646
16.537508
16.554988
17.029931
17.18961
17.751796
17.929821
18.118715
18.699451
19.468713
19.605131
20.306728
20.309826
20.362079
20.387473
20.602287
21.112307
21.253641
22.204747
22.274824
22.747011
23.123595
23.660465
23.857993
26.231312
27.147626
27.163948
28.227225
29.101662
29.396908
31.086536
31.095536
35.075238
36.821691
37.61479
38.67016
39.27553
39.404268
46.322781
46.523315
73.545921
76.365018
84.640439
85.258495
85.925261
92.208148
93.790678
96.587221
103.504593
107.069216
109.239296
122.106861
126.906172
138.029524
138.899872
139.634808
140.769097
141.245146
142.068227
145.436144
145.905172
146.225388
146.973025
147.711997
149.19882
149.808692
150.424007
150.496843
151.065635
151.288681
151.525949
151.575654
151.72342
152.46651
152.489956
152.589448
154.100456
154.186084
154.445327
154.613297
155.123974
155.667594
155.779731
156.945133
157.350489
158.22444
159.151281
159.508778
160.051458
160.218969
160.930626
161.841888
165.726739
167.318365
168.165685
169.75444
171.025548
171.067868
171.150078
172.992377
174.394446
174.62503
175.156523
177.005052
177.279359
178.621918
180.624478
181.391371
182.783228
183.258887
185.120393
188.193775
195.049181
207.759278
212.006827
218.18135
219.755597
231.491583
233.702509
242.36734
245.329311
247.30924
251.377389
254.173238
259.055942
261.967143
267.838092
268.59553
277.628839
280.273748
290.99825
291.193813
300.604894
301.67889
303.180555
312.344664
313.662522
316.495605
318.321297
322.463649
322.527581
330.735254
331.549651
334.000735
335.546945
335.91871
338.602623
343.654904
345.464342
348.653972
352.643795
354.576912
356.071814
361.599905
363.860863
367.648036
371.259754
372.902423
380.779059
381.058964
381.808208
383.646093
386.03347
387.087275
387.937852
391.828125
395.585907
396.457853
398.407654
401.385969
401.47085
402.118996
402.480533
403.612518
404.049604
404.644438
405.397597
405.938256
406.297043
407.479317
409.73166
409.844953
410.022576
415.45631
415.628125
415.807889
417.228376
417.658773
417.751791
419.572668
420.258707
420.745191
421.222498
424.012526
424.780285
426.018097
426.851399
428.506916
428.921938
429.33543
429.522152
430.091103
430.835875
430.937811
432.639467
433.010306
433.058387
436.151881
438.041398
439.546051
439.579517
439.838688
439.887664
440.29548
441.820448
442.254651
442.881829
442.887094
448.680886
453.372096
454.318783
457.462304
457.832776
459.231709
459.338023
462.024076
462.732941
463.466173
466.1748
466.378942
472.416911
473.100958
473.278277
478.137362
479.957984
481.729207
487.526772
491.065976
491.419559
500.268619
503.38455
503.767193
505.878651
509.725346
515.99889
516.151841
520.448894
523.042557
531.629251
533.893816
535.739979
536.735558
541.023293
544.187539
545.692538
545.968926
546.921278
548.293185
548.946628
549.86957
550.707346
550.714873
551.412766
552.494941
553.906814
557.871664
558.988961
559.528574
560.405411
561.854244
565.468482
567.494672
568.35854
569.698968
569.727886
570.626847
571.422902
573.728661
574.537106
574.660565
575.482615
575.659412
575.88594
577.976309
579.101056
579.350047
580.2137
580.649679
582.437512
583.727895
585.835038
588.027755
588.691885
590.067439
592.255347
606.938641
609.394312
615.54581
616.297892
618.393447
619.00033
620.803468
654.458939
657.029897
668.413834
701.401604
721.043908
775.507993
813.320257
820.600782
828.7095
832.225392
835.378607
840.978121
842.526663
843.319402
843.623055
852.492615
857.234192
857.580637
859.344358
863.105783
899.712846
916.011576
940.915914
1025.448737
1673.754685
3050.283997
5033.107611
6571.874742
10802.20418
10802.239153
10802.265341
10802.475966
10802.48889
10802.495227
10802.544611
10802.554338
10802.568487
10802.589215
10802.599033
10802.601354
10802.605163
10802.614648
10802.668914
10802.790615
10802.791249
10802.84044
10803.013388
10803.401538
10803.579893
10803.655006
10805.531142
37410.638577
67864.720366
