101.651133
102.970488
108.878418
122.083918
122.17683
124.300457
134.334993
136.026081
138.615548
141.072464
141.210663
141.720816
142.929289
146.192542
147.770249
148.256849
152.543282
154.268705
164.491371
165.222392
165.255409
165.400762
166.500139
166.533008
167.08779
167.493347
167.744191
167.792223
167.840474
167.903472
167.925006
168.007738
168.06063
168.270154
168.449594
168.486703
168.590078
168.72129
168.740382
168.742105
168.878186
168.977506
169.459165
169.791811
169.933035
170.060431
170.270645
170.277858
170.633668
170.778293
170.943821
170.986448
171.032099
171.116822
171.151703
171.160747
171.27203
171.342673
171.384085
171.572428
171.606626
171.848449
171.891651
172.067416
172.116473
172.295184
172.388145
172.807961
172.910595
172.95987
173.413711
173.524126
173.704706
173.713961
173.743757
173.808753
173.92113
174.037975
174.138215
174.254969
174.362611
174.413389
174.514997
174.517169
174.535901
174.540407
174.737493
174.790449
175.001685
175.015463
175.083032
175.12115
175.13621
175.173287
175.226908
175.230971
175.257045
175.306729
175.441871
175.489391
175.555413
175.638659
175.645986
175.706351
175.768742
175.899876
176.000466
176.048994
176.059218
176.101094
176.112933
176.132389
176.381747
176.538846
176.540916
176.560335
176.628469
176.645627
176.788948
176.891047
176.908005
176.911814
176.995429
177.13544
177.20518
177.205355
177.234886
177.293185
177.344225
177.348609
177.352403
177.366124
177.449547
177.460239
177.460894
177.479557
177.497066
177.523372
177.599203
177.65609
177.656122
177.747142
177.823534
177.849871
177.863452
177.882138
177.885101
177.929856
177.940498
177.954808
177.957234
178.070726
178.092969
178.110272
178.113151
178.119888
178.141484
178.145498
178.150232
178.240489
178.262348
178.277704
178.277736
178.322752
178.32758
178.359134
178.40543
178.409678
178.410446
178.449167
178.463188
178.463998
178.52639
178.529922
178.580784
178.619778
178.627567
178.628648
178.663324
178.731401
178.766846
178.829941
178.862529
178.865548
178.915351
178.917935
178.930142
178.948209
178.961328
178.965562
178.988047
178.999871
179.025492
179.036009
179.109717
179.148559
179.20184
179.221627
179.241114
179.242756
179.249321
179.256026
179.268953
179.292515
179.30375
179.313402
179.320541
179.330473
179.34635
179.352578
179.359101
179.45169
179.48502
179.487317
179.488324
179.50917
179.527593
179.541219
179.553826
179.572158
179.589503
179.590581
179.618906
179.642309
179.684239
179.700179
179.746096
179.774507
179.781997
179.783777
179.80836
179.809962
179.852013
179.876567
179.907722
179.911148
179.912299
179.915311
179.952421
179.956843
179.972577
179.975019
179.979562
179.989589
179.999583
180.017858
180.019099
180.046497
180.064818
180.06799
180.080669
180.098502
180.105884
180.119074
180.143114
180.157845
180.163932
180.164647
180.170915
180.188503
180.272632
180.279907
180.288144
180.295118
180.309755
180.317702
180.340844
180.35722
180.385682
180.404365
180.409554
180.422853
180.428869
180.444445
180.452001
180.469049
180.478459
180.487724
180.504817
180.52955
180.530742
180.563229
180.592814
180.598176
180.621426
180.627697
180.652502
180.6753
180.688679
180.693991
180.711011
180.721209
180.74684
180.769558
180.805195
180.806217
180.815491
180.847251
180.84863
180.857061
180.876522
180.879135
180.896664
180.948174
180.96883
180.985365
181.01337
181.015075
181.021758
181.033111
181.036507
181.070075
181.074768
181.089475
181.096107
181.105475
181.107399
181.129928
181.14193
181.207716
181.218975
181.257626
181.268209
181.293241
181.314422
181.34008
181.348767
181.386368
181.405428
181.407453
181.409554
181.420808
181.423574
181.435783
181.436166
181.45168
181.452714
181.494406
181.562182
181.565445
181.566786
181.572827
181.574916
181.589322
181.590949
181.635949
181.641049
181.65039
181.669235
181.676724
181.693803
181.719156
181.729366
181.736081
181.753402
181.771588
181.783224
181.799507
181.799524
181.800537
181.822359
181.83304
181.842331
181.843072
181.850156
181.851255
181.856864
181.887735
181.894391
181.903018
181.903524
181.916232
181.928003
181.959384
181.965254
181.989305
181.995577
181.997797
182.002963
182.013813
182.015232
182.01545
182.01998
182.024702
182.030599
182.039726
182.04139
182.061545
182.092838
182.09366
182.133587
182.171614
182.173196
182.187937
182.222704
182.254648
182.262249
182.269776
182.276897
182.292635
182.310888
182.340017
182.340079
182.340968
182.340998
182.343386
182.357206
182.364994
182.372925
182.385558
182.40811
182.414669
182.431834
182.433629
182.449887
182.482928
182.500401
182.524347
182.524801
182.53616
182.539143
182.544326
182.582934
182.59393
182.605969
182.606193
182.607361
182.612857
182.632804
182.65281
182.654306
182.673912
182.684818
182.733436
182.743574
182.758881
182.774036
182.78903
182.790008
182.790528
182.792648
182.79733
182.818336
182.821081
182.830891
182.848837
182.863949
182.866861
182.867783
182.881813
182.899878
182.910073
182.932527
182.935336
182.942817
182.952247
182.965769
182.972956
182.981737
182.983507
182.991213
183.020242
183.032697
183.036908
183.05148
183.066127
183.079468
183.080258
183.105482
183.122766
183.129398
183.133849
183.134154
183.135312
183.140714
183.216392
183.232884
183.244552
183.248303
183.264535
183.269804
183.271141
183.275136
183.297819
183.324189
183.326272
183.342149
183.34645
183.34781
183.359347
183.36225
183.365861
183.375031
183.389081
183.396478
183.414131
183.418973
183.444797
183.445116
183.455173
183.48599
183.494268
183.504082
183.536802
183.550272
183.555407
183.558273
183.567495
183.568971
183.574545
183.583159
183.596838
183.60872
183.610793
183.613571
183.613857
183.617082
183.619919
183.622754
183.641651
183.64898
183.656236
183.659263
183.668817
183.683926
183.687173
183.693599
183.713036
183.719019
183.722671
183.722954
183.723068
183.737309
183.751359
183.764411
183.773131
183.809948
183.815552
183.818673
183.825638
183.829665
183.839017
183.852449
183.85334
183.857392
183.864836
183.866893
183.867751
183.872822
183.88074
183.900185
183.90471
183.911655
183.917932
183.92683
183.942906
183.958469
183.965257
183.976639
183.992244
183.99941
184.001362
184.019185
184.02319
184.028013
184.030218
184.03282
184.039278
184.059043
184.070374
184.083784
184.100288
184.106088
184.110983
184.128713
184.138651
184.175787
184.183883
184.204668
184.222881
184.223732
184.230057
184.252668
184.276375
184.287027
184.289402
184.293598
184.29403
184.295242
184.298971
184.303239
184.315696
184.323669
184.327477
184.369265
184.374482
184.374807
184.385482
184.400159
184.404859
184.405132
184.406735
184.408983
184.409963
184.419116
184.436591
184.437886
184.439048
184.443543
184.452526
184.458117
184.486722
184.489757
184.499531
184.499672
184.50584
184.510524
184.513766
184.51996
184.523061
184.547925
184.552491
184.562206
184.568491
184.572257
184.602303
184.609608
184.614394
184.621115
184.625734
184.63317
184.650255
184.679737
184.689988
184.706973
184.708339
184.713049
184.716862
184.718391
184.730135
184.7404
184.746922
184.748109
184.758385
184.777741
184.789325
184.807208
184.826211
184.835326
184.845977
184.849251
184.857441
184.861371
184.861475
184.865709
184.867051
184.868091
184.906855
184.907235
184.909119
184.909478
184.926583
184.942491
184.955376
184.963937
184.979198
184.982618
184.984609
184.987858
184.988866
185.009309
185.01223
185.041077
185.045954
185.047712
185.052577
185.072317
185.075621
185.07826
185.088289
185.088359
185.109956
185.122975
185.128343
185.130767
185.139241
185.140983
185.141926
185.152006
185.161049
185.170109
185.179269
185.191215
185.197389
185.226284
185.227583
185.234411
185.24784
185.250937
185.253677
185.275025
185.283683
185.28437
185.295134
185.301477
185.30247
185.304115
185.330181
185.33533
185.336501
185.336903
185.366356
185.381879
185.391761
185.392122
185.403708
185.40849
185.408813
185.412076
185.412425
185.415091
185.428898
185.448106
185.454282
185.464859
185.465235
185.466495
185.468112
185.469042
185.485615
185.486245
185.504474
185.520823
185.523871
185.525883
185.538006
185.538948
185.547509
185.551281
185.556247
185.560599
185.584784
185.591044
185.593742
185.596972
185.607076
185.611057
185.621394
185.629991
185.631401
185.644239
185.645092
185.64709
185.647801
185.651623
185.659605
185.663269
185.684624
185.685819
185.68721
185.692982
185.69662
185.700773
185.740854
185.755444
185.759417
185.760483
185.763778
185.766647
185.770134
185.783642
185.789819
185.798032
185.799034
185.803239
185.810027
185.820978
185.823782
185.83333
185.834748
185.841474
185.841563
185.842089
185.858295
185.867732
185.868134
185.88409
185.905747
185.905895
185.909112
185.924529
185.92855
185.934136
185.938213
185.939348
185.94196
185.960327
185.968308
185.971092
185.972753
185.982194
185.984862
185.99273
185.994465
185.996487
185.999726
186.004065
186.007989
186.012892
186.022219
186.032015
186.037922
186.041408
186.052022
186.057669
186.069661
186.070579
186.09924
186.099712
186.101249
186.101978
186.102119
186.105188
186.106025
186.108208
186.110297
186.113184
186.129851
186.131029
186.133745
186.145366
186.150032
186.151591
186.15901
186.163569
186.165691
186.169954
186.17689
186.181797
186.185932
186.194944
186.198968
186.218403
186.227729
186.232256
186.234396
186.245129
186.252351
186.256955
186.266814
186.274451
186.279673
186.283687
186.289393
186.2926
186.292803
186.303052
186.303783
186.304933
186.312945
186.320989
186.334665
186.349757
186.359661
186.376824
186.38771
186.396044
186.412449
186.43406
186.451387
186.4527
186.485996
186.488099
186.512129
186.51655
186.520415
186.521525
186.52951
186.57007
186.570469
186.572439
186.576309
186.588714
186.590576
186.604101
186.612596
186.620939
186.622428
186.627622
186.646235
186.659827
186.669067
186.685035
186.689484
186.694892
186.701628
186.709001
186.710237
186.715804
186.716863
186.717075
186.726617
186.72711
186.744372
186.750032
186.753285
186.753872
186.760564
186.762838
186.769187
186.773258
186.774401
186.775003
186.78162
186.790809
186.802413
186.822452
186.835873
186.850598
186.851252
186.872113
186.910402
186.929725
186.936199
186.93638
186.937159
186.940903
186.942517
186.94945
186.954377
186.957209
186.958539
186.975982
186.979623
186.984558
186.993047
187.009637
187.01267
187.013733
187.027579
187.044373
187.05189
187.058062
187.066016
187.07607
187.081178
187.089691
187.09441
187.099397
187.101797
187.10713
187.110288
187.135861
187.140513
187.143198
187.146009
187.146012
187.161478
187.164235
187.166354
187.179087
187.181595
187.181906
187.189709
187.192457
187.201692
187.204335
187.207306
187.210202
187.213667
187.221309
187.22167
187.226453
187.228357
187.231707
187.237517
187.239968
187.243147
187.243393
187.251129
187.254654
187.264132
187.280528
187.282571
187.284023
187.291259
187.293512
187.299621
187.302402
187.30857
187.312787
187.329445
187.331693
187.339854
187.345402
187.35792
187.381503
187.381937
187.384716
187.38704
187.390702
187.419518
187.436746
187.449419
187.45608
187.456537
187.460299
187.46408
187.475212
187.477114
187.501016
187.503796
187.506064
187.508378
187.509692
187.512524
187.521245
187.554432
187.558914
187.568176
187.572915
187.574393
187.58133
187.586969
187.599866
187.617134
187.626825
187.628193
187.645455
187.65818
187.658428
187.664017
187.664497
187.668028
187.67297
187.676259
187.680073
187.683127
187.698703
187.700515
187.707596
187.717044
187.720691
187.723365
187.727672
187.740303
187.742903
187.762085
187.76213
187.764744
187.767184
187.76782
187.775528
187.777866
187.779944
187.780731
187.784025
187.790564
187.792506
187.801194
187.80245
187.807886
187.809004
187.811777
187.812961
187.841032
187.864286
187.867254
187.873143
187.87714
187.887531
187.892295
187.90534
187.908596
187.921119
187.922146
187.931415
187.939323
187.948317
187.970122
187.973379
187.973604
187.980469
187.983418
187.994483
188.006661
188.020247
188.029953
188.03424
188.045246
188.049174
188.052371
188.052902
188.068186
188.074851
188.077612
188.078894
188.079594
188.083681
188.087204
188.087778
188.089986
188.092614
188.104532
188.115405
188.120409
188.144308
188.149619
188.151058
188.154268
188.155724
188.163049
188.17484
188.175077
188.179143
188.194436
188.199946
188.200518
188.204029
188.207851
188.210554
188.220204
188.220837
188.228742
188.234903
188.240227
188.241369
188.246823
188.251238
188.277765
188.278088
188.279155
188.279461
188.282313
188.287601
188.296317
188.299206
188.299311
188.301222
188.301381
188.307251
188.323193
188.325285
188.326767
188.332432
188.347989
188.354861
188.377528
188.396194
188.396655
188.404761
188.410724
188.414354
188.423548
188.452577
188.454108
188.456938
188.460988
188.461404
188.475019
188.47961
188.485864
188.489312
188.494313
188.512344
188.51626
188.517681
188.518186
188.534517
188.547165
188.55001
188.55943
188.575104
188.595082
188.600876
188.60719
188.608205
188.617049
188.629482
188.636975
188.638498
188.64606
188.646865
188.649048
188.655269
188.658535
188.665008
188.668452
188.669478
188.673433
188.682344
188.702266
188.70281
188.702813
188.704287
188.705278
188.710946
188.714371
188.717804
188.73184
188.741397
188.746322
188.750296
188.760773
188.780175
188.792857
188.79852
188.800157
188.801162
188.804217
188.824305
188.826529
188.841072
188.843305
188.847601
188.858781
188.860237
188.860501
188.874413
188.876917
188.880674
188.885134
188.88908
188.891017
188.90908
188.914481
188.9194
188.920218
188.922326
188.923348
188.934808
188.936108
188.943468
188.946696
188.949492
188.951066
188.956847
188.956993
188.961409
188.968125
188.977433
188.980516
188.984059
188.984763
188.989365
189.001839
189.009931
189.025453
189.029193
189.032756
189.037535
189.072972
189.081574
189.083524
189.08526
189.087457
189.088132
189.119462
189.121555
189.121725
189.132756
189.147058
189.151078
189.156393
189.160791
189.162906
189.170155
189.17823
189.180177
189.187131
189.189252
189.192135
189.195681
189.206975
189.208823
189.214397
189.216981
189.217983
189.218057
189.227111
189.240492
189.249478
189.250161
189.252644
189.255022
189.26393
189.265347
189.277051
189.287573
189.293649
189.296881
189.299007
189.308938
189.309943
189.314878
189.323528
189.332106
189.332807
189.337231
189.340054
189.354021
189.355873
189.366127
189.366373
189.38635
189.387248
189.398501
189.408899
189.422165
189.425778
189.43923
189.450901
189.451412
189.460002
189.460118
189.473886
189.50099
189.501638
189.505709
189.509424
189.514253
189.516035
189.518478
189.518954
189.520071
189.521254
189.535133
189.54672
189.548852
189.551885
189.55597
189.559927
189.563764
189.566856
189.568511
189.56959
189.580004
189.5887
189.589417
189.597633
189.599549
189.613612
189.621217
189.623081
189.623811
189.627332
189.633891
189.635454
189.646672
189.664838
189.672566
189.678106
189.68276
189.686436
189.686538
189.687403
189.69714
189.698
189.70638
189.707555
189.712069
189.717002
189.718583
189.726555
189.736874
189.7472
189.756333
189.767467
189.76784
189.769305
189.781121
189.78222
189.796386
189.797177
189.803287
189.804424
189.804889
189.815293
189.820638
189.822732
189.825758
189.828022
189.830961
189.834263
189.834646
189.85081
189.862305
189.866478
189.873347
189.881505
189.892619
189.900349
189.902844
189.905741
189.914253
189.92517
189.925707
189.930352
189.936326
189.94061
189.942288
189.949701
189.952103
189.958121
189.958613
189.967408
189.978065
189.992226
190.005897
190.022163
190.023022
190.027125
190.030708
190.035552
190.038443
190.059861
190.062008
190.063004
190.063624
190.080247
190.084
190.084159
190.093554
190.096869
190.113748
190.117279
190.126182
190.141478
190.156539
190.161539
190.182929
190.190138
190.190332
190.193433
190.198204
190.201236
190.207872
190.209114
190.21485
190.244064
190.244208
190.245072
190.246875
190.246905
190.253607
190.259864
190.261837
190.265967
190.266177
190.268432
190.272933
190.278867
190.284876
190.288808
190.30433
190.318869
190.320444
190.32073
190.325986
190.32644
190.32844
190.33021
190.355078
190.358137
190.363755
190.390835
190.423014
190.440266
190.444091
190.445361
190.447179
190.447711
190.454956
190.45979
190.475402
190.481727
190.481835
190.486569
190.49634
190.49784
190.498671
190.499184
190.499681
190.503048
190.50323
190.510145
190.520951
190.524005
190.531428
190.537044
190.541461
190.545993
190.548931
190.551165
190.551959
190.553362
190.56003
190.5656
190.576552
190.577273
190.584466
190.587981
190.594241
190.594589
190.600938
190.606876
190.607692
190.60782
190.609181
190.610173
190.630597
190.639334
190.643964
190.645473
190.650227
190.659923
190.668425
190.67025
190.67471
190.683708
190.695931
190.696989
190.700259
190.703503
190.709567
190.716225
190.717174
190.717467
190.72077
190.723215
190.725578
190.735514
190.737235
190.738312
190.739447
190.739552
190.739638
190.742049
190.743233
190.766678
190.766727
190.768196
190.768329
190.77717
190.783107
190.79354
190.794857
190.799065
190.799936
190.802083
190.805696
190.808598
190.809496
190.819
190.819304
190.819402
190.82232
190.836617
190.83948
190.843235
190.843901
190.848349
190.854616
190.857431
190.862889
190.86575
190.866688
190.87021
190.871829
190.88935
190.89571
190.911421
190.914909
190.916129
190.930425
190.936374
190.939933
190.942353
190.945648
190.954753
190.967736
190.972851
190.984126
190.988492
191.004288
191.006799
191.007777
191.008973
191.016831
191.024486
191.027081
191.03877
191.045657
191.047214
191.047808
191.052707
191.061104
191.073138
191.081032
191.082814
191.088511
191.094663
191.097038
191.115484
191.11608
191.117713
191.118785
191.119507
191.128291
191.140514
191.141567
191.142546
191.144872
191.145965
191.154653
191.161706
191.164307
191.166527
191.168173
191.176829
191.180011
191.183579
191.198176
191.207054
191.209668
191.218206
191.223373
191.223689
191.226061
191.231399
191.23529
191.264764
191.275826
191.281423
191.284939
191.290085
191.291007
191.29134
191.294012
191.298378
191.305193
191.309671
191.315678
191.322109
191.329593
191.345202
191.348464
191.352544
191.353961
191.378101
191.379864
191.390142
191.392087
191.406774
191.409198
191.412928
191.42145
191.424749
191.430946
191.432158
191.432678
191.437663
191.438857
191.442702
191.447035
191.448687
191.463954
191.464058
191.477057
191.482879
191.484059
191.48605
191.493948
191.513468
191.525441
191.526339
191.529308
191.530391
191.533149
191.5396
191.545581
191.549671
191.552793
191.558079
191.565758
191.575262
191.584099
191.58541
191.588516
191.592808
191.596408
191.602112
191.603879
191.618211
191.622739
191.62288
191.628766
191.629696
191.631942
191.644967
191.645389
191.647817
191.651673
191.65262
191.66534
191.668054
191.675642
191.675671
191.676314
191.677194
191.678096
191.681819
191.687631
191.724696
191.728471
191.74762
191.751972
191.752838
191.771449
191.771535
191.784725
191.787748
191.789216
191.797848
191.802638
191.805553
191.811749
191.812039
191.816001
191.824443
191.824809
191.827721
191.833004
191.835083
191.855577
191.858445
191.859998
191.864886
191.882262
191.907615
191.911789
191.913897
191.9246
191.924853
191.924981
191.929755
191.94128
191.944908
191.945434
191.961743
191.965245
191.965917
191.97512
191.975788
191.977954
191.983642
191.98971
191.992107
192.003034
192.003146
192.004086
192.006609
192.012141
192.020325
192.024587
192.024845
192.034963
192.035281
192.043719
192.046707
192.050925
192.053131
192.055352
192.055472
192.063711
192.069384
192.071044
192.090491
192.096039
192.101737
192.109986
192.118238
192.118855
192.137306
192.144429
192.149843
192.152318
192.152885
192.154903
192.160826
192.164798
192.165603
192.168183
192.172013
192.178828
192.187283
192.18834
192.191056
192.195019
192.204389
192.212703
192.213059
192.221435
192.234981
192.23712
192.248055
192.25272
192.256952
192.25696
192.273835
192.275739
192.30122
192.301334
192.303526
192.313793
192.326496
192.328413
192.334747
192.335319
192.337494
192.346858
192.350779
192.351838
192.355193
192.371493
192.380476
192.384844
192.387412
192.393482
192.394622
192.427424
192.444742
192.451462
192.45238
192.454953
192.455147
192.457849
192.459686
192.464855
192.466113
192.467621
192.493552
192.498457
192.504644
192.506128
192.512488
192.513509
192.525507
192.539312
192.541159
192.541494
192.549022
192.549284
192.557412
192.559916
192.569765
192.57023
192.571805
192.578162
192.580985
192.586093
192.588455
192.594456
192.605448
192.609971
192.617548
192.622316
192.626579
192.631213
192.657836
192.661214
192.662757
192.663864
192.676365
192.681878
192.686554
192.688472
192.699828
192.704272
192.706618
192.711725
192.717807
192.722539
192.729349
192.732116
192.732976
192.73466
192.769005
192.775486
192.778308
192.778642
192.787981
192.806756
192.807987
192.808191
192.811143
192.812526
192.818742
192.826796
192.836338
192.836912
192.839125
192.858542
192.864366
192.868325
192.870301
192.87179
192.88216
192.884983
192.886656
192.893722
192.902341
192.902768
192.918693
192.922
192.936985
192.937761
192.93843
192.954006
192.954426
192.958498
192.979819
192.993179
192.994331
193.000648
193.005775
193.008622
193.010568
193.012295
193.01951
193.024481
193.028024
193.046059
193.054094
193.061655
193.076216
193.093283
193.095414
193.107422
193.109632
193.111276
193.117531
193.122994
193.123575
193.128366
193.133139
193.135529
193.136653
193.137803
193.142742
193.15552
193.157158
193.162808
193.16376
193.167183
193.17629
193.192233
193.193902
193.20503
193.224493
193.234165
193.236554
193.237622
193.240691
193.242732
193.248952
193.267556
193.271617
193.273822
193.284547
193.284775
193.285698
193.28664
193.306356
193.307769
193.311696
193.322938
193.323505
193.340302
193.348037
193.354324
193.371211
193.373627
193.381144
193.383582
193.397315
193.397805
193.40393
193.404112
193.406283
193.424169
193.440498
193.452554
193.455651
193.459393
193.459758
193.462696
193.465923
193.487085
193.488455
193.493475
193.499133
193.499165
193.500962
193.504448
193.509301
193.509411
193.520959
193.521368
193.527386
193.533606
193.546177
193.549323
193.560038
193.574816
193.576585
193.580322
193.582828
193.58614
193.592582
193.59738
193.599406
193.599536
193.605283
193.606047
193.608644
193.629443
193.630311
193.632782
193.634951
193.636894
193.654735
193.65709
193.657544
193.658562
193.663748
193.663762
193.665287
193.667045
193.67361
193.67624
193.677218
193.67766
193.677841
193.684464
193.694913
193.701583
193.70453
193.71821
193.732484
193.735353
193.745341
193.745636
193.747539
193.748333
193.753837
193.756517
193.758727
193.770423
193.782201
193.783839
193.785488
193.811312
193.812273
193.819475
193.829062
193.833337
193.83599
193.849762
193.852308
193.863624
193.864312
193.864398
193.87147
193.877399
193.878104
193.878936
193.902148
193.909999
193.917832
193.918634
193.927236
193.930392
193.934352
193.941808
193.954431
193.960297
193.965239
193.968739
193.969937
193.982214
194.004722
194.00701
194.013049
194.01706
194.035303
194.059013
194.060626
194.073776
194.081777
194.082659
194.08613
194.093325
194.099266
194.099694
194.148165
194.170469
194.17312
194.177244
194.181774
194.183451
194.186332
194.196667
194.199296
194.207914
194.208024
194.210258
194.210902
194.223152
194.223471
194.224499
194.226325
194.240352
194.241112
194.246267
194.261338
194.271627
194.272834
194.280528
194.291209
194.294545
194.295364
194.29798
194.320047
194.321292
194.322098
194.356415
194.356852
194.361748
194.371074
194.374607
194.377738
194.402383
194.40366
194.406763
194.407773
194.418217
194.424419
194.432696
194.448484
194.46354
194.463607
194.467282
194.497848
194.500383
194.502153
194.516658
194.523653
194.524545
194.540037
194.547321
194.551519
194.563426
194.578098
194.613778
194.618845
194.623504
194.628
194.628725
194.629344
194.661141
194.681812
194.682255
194.698373
194.709532
194.73937
194.745209
194.75785
194.768009
194.769428
194.769766
194.771343
194.782444
194.797882
194.804485
194.832895
194.837302
194.84641
194.846587
194.872434
194.875203
194.884109
194.884688
194.88875
194.894912
194.897754
194.899741
194.905034
194.920113
194.922862
194.925561
194.931874
194.935132
194.942663
194.965387
194.970011
194.977637
194.999626
194.99986
195.000329
195.007986
195.024249
195.031893
195.03885
195.043602
195.049728
195.052551
195.062947
195.066814
195.067776
195.072587
195.074235
195.074507
195.082271
195.097638
195.100628
195.104801
195.126456
195.12818
195.129478
195.146095
195.149689
195.15887
195.172778
195.176922
195.180064
195.189072
195.193142
195.200687
195.201381
195.20383
195.21935
195.225244
195.229382
195.25079
195.257578
195.28391
195.2891
195.310812
195.311755
195.322055
195.338588
195.339951
195.349356
195.364108
195.372804
195.395688
195.427272
195.428688
195.458746
195.47939
195.500519
195.501472
195.503782
195.52894
195.532895
195.54991
195.564814
195.565795
195.568013
195.572716
195.576523
195.599149
195.603693
195.603769
195.609429
195.611198
195.614075
195.626313
195.654611
195.659635
195.670828
195.676758
195.685273
195.685844
195.687156
195.714423
195.72371
195.732222
195.73653
195.762225
195.769692
195.77168
195.803674
195.821529
195.8326
195.842751
195.863932
195.86492
195.882527
195.911307
195.916112
195.916934
195.924064
195.932254
195.938451
195.961686
195.968969
195.983937
195.984276
195.987677
195.989062
195.991127
195.992769
195.999811
196.018145
196.031552
196.043982
196.048965
196.064661
196.076249
196.088625
196.101823
196.131271
196.133536
196.135685
196.141921
196.144892
196.16361
196.167187
196.168264
196.193927
196.200018
196.203593
196.206221
196.206574
196.219742
196.229144
196.253232
196.274577
196.276418
196.28845
196.330742
196.33716
196.338256
196.341206
196.348309
196.356645
196.381944
196.420565
196.424644
196.432785
196.453366
196.478782
196.483827
196.484542
196.502869
196.518805
196.531773
196.546597
196.547237
196.558078
196.578745
196.621808
196.643037
196.649372
196.652841
196.671617
196.675107
196.676463
196.679548
196.687178
196.703754
196.705674
196.706427
196.717985
196.727
196.727971
196.730991
196.743438
196.757171
196.75929
196.767646
196.769697
196.786146
196.788591
196.803014
196.83625
196.840327
196.846247
196.863756
196.864186
196.864988
196.869608
196.87436
196.879802
196.887432
196.912534
196.923225
196.923313
196.923954
196.939976
196.954871
196.979898
196.983585
196.984345
197.006594
197.011159
197.024146
197.02558
197.036202
197.04071
197.053407
197.073749
197.085519
197.090222
197.107665
197.121844
197.130985
197.162002
197.162659
197.172381
197.174066
197.1761
197.205053
197.206417
197.22727
197.250395
197.30693
197.311908
197.328957
197.342084
197.36147
197.366144
197.371092
197.372635
197.380652
197.399182
197.406455
197.435999
197.452581
197.453664
197.454701
197.464225
197.476806
197.485359
197.49931
197.565997
197.596519
197.602784
197.622776
197.626821
197.629643
197.66142
197.699969
197.731067
197.735516
197.735864
197.780323
197.781304
197.801217
197.847269
197.853406
197.934005
197.964096
197.9649
197.966718
197.982559
197.997959
198.002157
198.057008
198.071469
198.074723
198.082604
198.118269
198.127855
198.134187
198.163837
198.174783
198.204035
198.211241
198.22737
198.232161
198.242391
198.242495
198.26279
198.31833
198.322759
198.38527
198.399954
198.424756
198.469001
198.498884
198.543941
198.562663
198.574385
198.574548
198.57777
198.593478
198.615093
198.630289
198.655341
198.686768
198.697718
198.717828
198.718872
198.756109
198.76438
198.77958
198.847908
198.883035
198.901969
198.903051
198.903345
198.950702
198.978962
198.983074
198.989013
199.018333
199.032783
199.060719
199.081439
199.083236
199.145834
199.170965
199.179935
199.21439
199.272682
199.283053
199.285107
199.318336
199.330119
199.35287
199.385114
199.393935
199.420531
199.443572
199.492865
199.507011
199.512501
199.535761
199.566322
199.568663
199.597879
199.603671
199.641752
199.646964
199.700875
199.760993
199.853854
199.863084
199.883263
199.945784
200.006862
200.01887
200.035337
200.052572
200.09066
200.101041
200.128977
200.141575
200.153061
200.169292
200.197927
200.240012
200.287138
200.357938
200.379191
200.380087
200.387916
200.403935
200.430701
200.586678
200.608355
200.612395
200.648718
200.653882
200.725371
200.775158
200.895385
201.005683
201.055626
201.079083
201.093766
201.223464
201.25513
201.260204
201.266433
201.335932
201.341787
201.385292
201.401403
201.45431
201.473297
201.494692
201.511667
201.570687
201.576004
201.664266
201.67351
201.737655
201.769355
201.771677
201.82775
201.864076
201.94876
201.996263
202.051609
202.094608
202.108493
202.190472
202.318785
202.324258
202.367706
202.459042
202.510717
202.548555
202.653558
202.730872
202.784703
202.805383
202.817937
202.843556
202.877562
203.025789
203.026588
203.081756
203.13763
203.194998
203.329432
203.445763
203.572828
203.591845
203.696761
203.763966
203.900273
204.056855
204.148355
204.207451
204.216728
204.237777
204.311515
204.312516
204.380314
204.464949
204.487384
204.648775
204.676481
204.78773
205.083976
205.204625
205.238198
205.255666
205.380467
205.581927
205.689004
205.753357
205.857542
206.154593
206.253316
206.267416
206.273959
206.325126
206.365671
206.477432
206.559586
206.681355
206.835903
206.913405
206.95344
207.003805
207.066153
207.394867
207.681669
207.848822
207.941605
208.616123
208.663823
208.877591
208.978496
209.42226
209.767736
210.198671
210.281895
210.924645
212.459772
212.537509
212.652847
212.84458
213.545861
213.548722
214.305635
214.466991
215.066835
215.122184
215.756204
216.514504
216.676652
219.57499
220.44862
222.861273
223.15071
223.656152
225.066678
226.794175
227.643095
228.215519
230.707704
232.671428
238.742954
239.092757
240.091357
247.439603
252.247438
256.835542
275.915488
280.191899
289.446581
331.779167
342.863713
402.892355
418.030014
451.81141
489.424305
514.688067
525.494279
555.810738
565.135873
889.963247
1013.890581
2640.898687
