2.418633
138.290336
145.891487
147.166077
148.617766
149.332212
150.738777
151.965914
152.155027
153.684157
154.212926
154.7267
155.355351
160.257645
164.418991
165.266379
167.657772
168.23318
168.954703
169.38677
169.50006
169.536644
169.593524
169.686001
169.784053
170.123904
171.355607
171.512838
172.070735
172.392899
173.503479
173.58014
173.736296
174.241239
174.795032
174.880011
174.964158
175.034088
175.121203
175.251311
175.367938
175.542442
175.65166
175.668551
175.748772
175.835941
175.843555
176.882547
177.732755
178.111928
178.545729
178.784531
178.893043
180.469172
181.10493
181.651114
182.15653
182.352901
182.882948
183.331186
183.439858
183.574566
184.351208
185.369847
186.02803
186.167915
187.173691
187.344401
187.813954
188.240955
188.714049
188.841224
188.946887
189.837754
189.963593
190.048665
190.149738
190.201577
190.59584
191.926128
191.978418
192.136028
193.025555
193.380097
194.131221
195.599039
195.802599
197.769956
198.437048
886.894657
