1.842787
6.441566
7.186299
7.334135
7.406842
7.452498
7.479326
7.536914
7.552567
7.582052
7.613188
7.718456
7.725543
7.978711
8.177965
8.19142
8.367568
8.54034
8.71273
8.779377
8.7868
8.930435
9.099216
9.116798
9.474039
9.676075
9.685002
9.685153
9.697018
10.18843
10.395587
10.554803
10.77062
10.858761
10.859478
11.023626
11.046298
11.227166
11.247358
11.331459
11.49918
11.544438
11.602865
11.643166
11.714758
11.765394
11.769418
12.007846
12.106184
12.159881
12.194704
12.217441
12.254379
12.261066
12.294866
12.306276
12.349307
12.460367
12.472249
12.589788
12.642112
12.643243
12.816469
12.893081
12.938507
13.090028
13.150584
13.355475
13.36543
13.608085
13.660191
13.780462
13.840566
13.902498
13.916399
13.98985
14.030306
14.294512
14.416274
14.427667
14.456856
14.480743
14.515259
14.524129
14.529392
14.547526
14.562709
14.701049
14.838804
14.867138
14.878342
14.997273
15.135969
15.203901
15.242155
15.258307
15.733829
15.8136
15.920179
15.951691
16.008174
16.128668
16.256294
16.479813
16.488001
16.565181
16.735698
16.843423
16.848064
16.931111
17.058562
17.093712
17.162323
17.289293
17.302059
17.34955
17.414969
17.43771
17.447351
17.594425
17.604699
17.697177
17.986239
18.181487
18.292032
18.529166
18.674345
19.12848
19.14456
19.262059
19.577933
19.618688
20.054072
20.232152
20.253962
20.387706
20.609387
20.996977
21.069102
21.417264
21.544107
21.576688
21.979295
22.233328
22.495654
22.675841
22.755914
22.834723
23.09886
23.309117
23.372968
23.413171
23.7983
24.275137
24.557753
25.676374
25.84398
26.487614
26.734599
26.913606
30.297226
32.620198
35.388747
35.577163
36.379394
37.850161
37.944227
38.3363
38.74891
42.05439
42.970465
43.389438
44.618578
46.529722
49.151795
50.810937
55.226853
58.151981
60.974464
61.60117
63.015114
64.237548
64.451484
65.785886
67.279887
69.657841
69.900967
70.867042
73.833125
75.840919
75.887732
77.810681
78.663938
79.745978
81.767029
81.94165
89.15361
90.677067
93.673385
95.616317
95.849071
96.537653
101.490245
102.716112
104.694912
106.723063
107.682871
108.691721
110.961044
111.366491
111.517409
112.873977
113.210321
114.898333
116.317413
116.710981
119.482615
119.502962
120.104358
121.706734
121.861577
121.883022
121.934059
122.405589
122.733693
123.353859
123.537909
123.847405
124.269273
124.61171
124.648154
124.687191
124.808541
124.857486
124.991897
124.994981
125.002462
125.10971
125.154927
125.551536
125.642067
126.049132
126.115246
126.137834
126.305256
126.516043
126.601528
126.695606
126.923369
126.974418
126.988111
127.174087
127.609394
127.620127
127.649118
127.679525
127.692185
127.719723
128.362369
128.522769
128.6442
128.668309
128.679678
129.052066
129.392494
129.470887
129.570242
129.622782
129.684483
129.80894
129.986322
130.035693
130.04129
130.327024
130.334573
130.837212
131.239757
131.28079
131.765254
132.035078
132.250149
132.553537
132.565055
132.622273
132.759438
132.88906
132.933687
133.138348
133.206697
133.275528
133.548344
133.862569
134.038261
134.163451
134.218352
134.390493
134.801529
134.862189
134.865066
134.997904
135.032752
135.18029
135.660082
135.900943
135.947402
136.233445
136.433691
136.652286
136.800722
137.023899
137.391701
137.870477
138.262668
138.464077
138.580392
138.752108
139.207592
139.367594
140.104501
140.526735
141.781458
142.177943
142.273935
142.771136
142.940239
142.951287
143.334856
143.357235
143.369789
143.552694
144.616541
144.750104
144.899034
145.053537
145.330654
145.391397
145.551526
145.785363
145.874481
146.268572
146.372602
146.397874
146.409407
146.650551
146.66356
147.087292
147.144516
147.193173
147.825639
148.058403
148.188864
148.36827
148.41209
148.418984
148.583316
148.5857
148.70716
148.83552
149.481666
149.662755
149.862934
149.909941
149.992239
150.151778
150.193114
150.212453
150.310634
150.710488
150.783706
150.786255
150.803577
150.951903
150.969775
151.22514
151.462372
151.503677
151.59874
151.61267
151.655074
151.960779
152.071433
152.210718
152.513275
152.621177
152.781126
152.904761
153.188116
153.425358
153.459945
153.867776
154.01651
154.088709
154.158571
154.199565
154.355596
154.41495
154.584906
154.907228
154.982634
155.003034
155.063402
155.102934
155.106719
155.146355
155.151241
155.207212
155.211585
155.299914
155.345231
155.5923
155.710862
156.304449
156.488687
156.719824
156.77639
156.976894
157.060226
157.13378
157.179833
157.333287
157.336543
157.366161
157.449813
157.597519
157.745174
157.800972
158.048973
158.412152
158.551174
158.76767
158.870717
158.940389
158.941492
159.011536
159.050551
159.212073
159.258207
159.487743
159.49624
159.889602
159.95241
159.98601
160.276034
160.375582
160.380979
161.025899
161.081858
161.109033
161.30159
161.44603
161.818552
161.840064
161.882446
161.966738
162.002818
162.117153
162.239744
162.369776
162.401735
162.425285
162.52167
162.6336
162.762629
163.243286
163.283468
163.382651
163.481709
163.855112
164.266234
164.276962
164.387191
164.501329
164.606777
164.691399
164.802837
165.104441
165.453954
165.682945
166.04057
166.131689
166.163963
166.386399
166.438465
166.982545
167.038933
167.087838
167.467464
167.590988
167.747116
167.799356
167.847832
168.379127
168.456292
168.741079
169.137901
169.161325
169.670549
170.142765
170.376429
170.906696
170.946891
171.151723
171.291006
171.398826
171.768529
172.300771
172.809126
172.828226
172.864632
172.888462
173.009979
173.41923
173.450547
173.480448
173.503736
173.677425
173.809805
173.915158
174.167853
174.66413
174.695095
174.723318
174.847156
174.927704
175.31499
175.690492
176.222181
176.366401
176.490487
176.897368
176.94566
177.866299
178.099823
178.22867
178.252828
178.258147
178.300318
178.302091
178.505312
178.620039
178.780113
178.837848
178.869277
178.985126
179.172067
179.227567
179.341047
179.453667
179.461627
179.484259
179.552754
179.752459
179.77674
179.820427
179.883461
180.03508
180.041913
180.213074
180.2178
180.562561
180.94808
180.974881
181.06439
181.311435
181.62228
181.657707
181.945498
182.155668
182.280019
182.581073
182.682777
182.734211
182.860633
183.161857
183.341452
183.428383
183.453698
183.546423
183.54825
183.633437
183.79354
183.80152
183.902835
184.243306
184.458951
184.577773
184.657995
184.705534
184.754669
184.929934
184.965357
185.161643
185.194083
185.200461
185.292534
185.45732
185.479349
185.524126
185.554724
185.567848
185.586168
185.600855
185.612591
185.647607
185.678769
185.883388
186.048097
186.09806
186.182366
186.197236
186.220352
186.270843
186.484308
186.530643
186.538427
186.542891
186.726855
186.8774
186.896828
186.949563
186.983793
186.991491
187.057201
187.06662
187.139762
187.164716
187.182706
187.190497
187.193995
187.433213
187.43979
187.440899
187.590142
187.626526
187.652496
187.764078
187.801263
187.944301
188.083782
188.146031
188.274903
188.291917
188.293536
188.314169
188.324778
188.527709
188.678164
188.842393
188.9165
188.922703
189.106915
189.108562
189.140756
189.381618
189.395599
189.400663
189.424585
189.474359
189.574118
189.61297
189.928653
190.048368
190.079751
190.107789
190.203999
190.211324
190.259854
190.358157
190.360657
190.452818
190.66631
190.720993
190.822054
190.835476
190.942917
190.972995
191.036124
191.161578
191.230966
191.301786
191.343843
191.46377
191.490164
191.532595
191.653282
191.657806
191.683782
191.962853
192.050791
192.121526
192.337331
192.39388
192.412419
192.476113
192.528919
192.628924
192.658228
193.072503
193.082508
193.087722
193.135135
193.160514
193.306321
193.31528
193.382833
193.404716
193.478412
193.487452
193.531473
193.655956
193.685586
193.785808
193.804167
193.882758
193.978294
194.057956
194.109127
194.369942
194.417944
194.475057
194.508416
194.726242
194.743876
194.819964
194.828355
194.832813
194.873616
194.964528
195.136652
195.206314
195.210685
195.274938
195.295956
195.332217
195.334277
195.35488
195.514286
195.599841
195.602482
195.794552
195.925142
195.957276
196.03281
196.035753
196.037628
196.173819
196.180818
196.214931
196.220793
196.426649
196.488062
196.594596
196.648737
196.70986
196.743002
196.805982
196.871204
196.946649
197.089069
197.095333
197.139538
197.207729
197.266404
197.399864
197.402827
197.455259
197.548344
197.698692
197.819503
198.057499
198.065857
198.167272
198.209046
198.375456
198.503826
198.701516
198.831039
198.889171
198.920221
198.940613
198.951258
198.960165
199.060969
199.126777
199.15772
199.17449
199.198882
199.200443
199.616913
199.6184
199.64362
199.766296
199.797207
199.807364
199.970025
200.051627
200.061155
200.105474
200.311707
200.315156
200.391412
200.495123
200.504652
200.507162
200.704998
200.719947
200.751544
200.787318
200.790451
200.798658
200.919301
200.973278
200.973778
201.193923
201.285225
201.295232
201.541317
201.585366
201.657066
201.696084
201.764726
201.835617
201.978835
202.060496
202.106177
202.121304
202.13355
202.36335
202.382574
202.657823
202.787625
202.929821
202.974773
203.088665
203.113804
203.122455
203.262656
203.317495
203.549632
203.64866
203.664241
203.838238
204.000048
204.215233
204.282744
204.309366
204.434123
204.498998
205.089073
205.232676
205.430863
205.541634
205.620226
205.677555
205.779868
205.810982
205.83603
205.843569
205.890391
205.92264
206.03954
206.290406
206.364328
206.405869
206.437411
206.563462
206.952208
207.108182
207.365275
207.413352
207.588182
207.612157
207.872946
208.570586
208.620918
208.655465
208.760903
208.912347
209.313802
209.403018
209.705083
209.866536
210.944906
211.115722
211.198983
211.988022
213.178319
213.339381
213.568655
213.649982
213.694411
214.136593
215.337317
215.430175
216.491679
216.618477
216.7056
216.735567
217.28139
218.124647
218.709302
218.959611
219.287823
219.455131
219.487779
219.828515
221.051971
221.238041
221.702107
223.719209
223.734754
223.974526
224.021207
225.354531
225.919261
226.830611
228.131216
230.532923
231.208785
234.405836
235.484197
236.70329
237.004902
238.116724
240.642898
241.413373
247.922122
251.732003
257.035559
262.575847
265.111377
268.463129
277.489724
281.279894
285.667395
285.780875
286.899695
290.675781
291.232099
297.167129
297.870345
303.293443
316.832808
340.578582
359.43798
377.789173
378.090204
385.424972
392.98671
441.418825
474.588139
888.480661
3140.092494
3739.54178
3854.652165
5005.993247
10802.405428
