137.263772
141.624984
143.158494
145.207971
152.149495
152.978073
155.63034
156.381498
160.560819
163.328492
167.514877
174.378029
178.054347
180.433472
184.882514
186.170783
188.454236
188.669927
189.020189
189.254571
190.038566
190.610993
190.745869
191.26148
191.77193
192.209841
192.227103
192.36158
192.44715
192.466392
192.869846
192.929525
193.019238
193.194068
193.23496
193.266688
193.364175
193.541319
193.55978
193.651343
193.676717
193.758947
193.780832
193.875698
193.955477
194.207479
194.269285
194.409011
194.636319
194.776866
194.890078
195.071314
195.071744
195.075474
195.126294
195.131426
195.392045
195.596794
195.718496
196.180602
196.36571
196.413749
196.450045
196.634318
196.70762
196.782067
197.000492
197.10235
197.112177
197.19075
197.253588
197.330174
197.337745
197.341438
197.362544
197.38767
197.669263
197.711762
197.874135
197.99077
198.483043
198.529649
198.69804
199.027262
199.199329
199.217073
199.459648
199.683121
199.729472
199.748189
199.82887
199.832567
199.872021
199.914395
199.978458
200.012452
200.012504
200.083708
200.097163
200.258898
200.303276
200.366843
200.39279
200.550141
200.668395
200.80584
200.833571
201.154232
201.171322
201.196212
201.312737
201.400926
201.416864
201.595164
201.971625
202.11583
202.23862
202.37114
202.376945
202.407835
202.659313
202.750332
202.800473
202.963495
202.975401
203.248129
203.266089
203.273331
203.369707
203.419259
203.441354
203.444992
203.468908
203.534127
203.56223
203.617259
203.621646
203.71636
203.72646
203.787605
203.842074
203.866102
203.880922
203.897026
203.941758
203.94631
204.021369
204.049417
204.215746
204.2377
204.246574
204.300709
204.302777
204.343641
204.347763
204.426503
204.452057
204.493421
204.50793
204.56443
204.59542
204.627988
204.738448
204.743563
204.817889
204.863693
204.872201
204.87688
204.903668
204.904042
204.91831
204.923636
204.925959
205.008577
205.032615
205.068857
205.131426
205.179611
205.191074
205.197385
205.258512
205.314966
205.331779
205.388361
205.400393
205.426244
205.521158
205.539993
205.566441
205.605124
205.651839
205.674435
205.697219
205.708915
205.709998
205.715862
205.872923
205.879896
205.899422
205.906268
205.934368
205.953899
205.988683
206.004977
206.043882
206.071938
206.109239
206.150173
206.166644
206.179977
206.211622
206.234458
206.313088
206.380904
206.384048
206.415208
206.437046
206.443709
206.52306
206.540499
206.551304
206.556607
206.56463
206.575483
206.647248
206.669537
206.704842
206.724936
206.751955
206.758134
206.773367
206.819084
206.828191
206.828769
206.831796
206.846494
206.931238
206.940002
206.976721
206.985286
206.988908
206.993821
207.00265
207.032808
207.041244
207.082837
207.179394
207.195175
207.204209
207.205575
207.209744
207.217151
207.218219
207.225289
207.256329
207.259774
207.272582
207.305383
207.327326
207.390188
207.433012
207.463764
207.632849
207.676499
207.687762
207.798839
207.809286
207.84667
207.878987
207.880672
207.908545
207.933366
207.94518
207.970693
208.002113
208.023119
208.047758
208.091353
208.093679
208.120338
208.139645
208.156703
208.168464
208.182114
208.199483
208.203761
208.231962
208.279952
208.283803
208.312478
208.321135
208.339506
208.388873
208.39825
208.422912
208.430951
208.431618
208.436607
208.452133
208.454812
208.463743
208.466898
208.517452
208.54115
208.550512
208.565697
208.576555
208.608785
208.612313
208.634851
208.680294
208.685467
208.717576
208.728773
208.729381
208.72991
208.733269
208.740602
208.748693
208.7502
208.787136
208.80234
208.803557
208.825796
208.832756
208.835089
208.863823
208.885275
208.892095
208.90435
208.910829
208.933477
208.937049
208.953012
208.955109
208.96308
208.965597
208.993346
209.022263
209.023087
209.026102
209.059512
209.069074
209.070008
209.07883
209.10874
209.113311
209.118559
209.130755
209.142677
209.152454
209.164212
209.198479
209.211953
209.226737
209.238178
209.249796
209.257562
209.261803
209.262461
209.324284
209.331344
209.338643
209.347607
209.350208
209.35098
209.354613
209.381373
209.394431
209.398901
209.410805
209.424868
209.434205
209.44338
209.484865
209.489546
209.493151
209.502296
209.507067
209.539365
209.552336
209.565303
209.565846
209.597143
209.602716
209.610615
209.624659
209.635941
209.663931
209.676586
209.688393
209.691485
209.708792
209.711209
209.730204
209.755443
209.765147
209.765945
209.769195
209.771391
209.781556
209.81587
209.832983
209.836799
209.838357
209.845124
209.847308
209.850687
209.896072
209.904399
209.90657
209.926851
209.927088
209.937067
209.947874
209.955478
209.959999
209.97721
209.983352
209.984146
209.985865
209.991887
209.998284
210.003834
210.007593
210.02431
210.052619
210.060115
210.07119
210.081952
210.085108
210.08604
210.095855
210.149815
210.154113
210.166676
210.168793
210.175614
210.185057
210.196774
210.230456
210.238335
210.250843
210.253093
210.261873
210.269175
210.273908
210.274675
210.312909
210.313128
210.317012
210.322326
210.326919
210.343027
210.344311
210.357684
210.381114
210.382218
210.384859
210.388927
210.407919
210.43538
210.521743
210.52313
210.530167
210.536116
210.572456
210.599359
210.622653
210.642475
210.64734
210.647378
210.669597
210.676058
210.700659
210.70098
210.731238
210.734241
210.747904
210.768487
210.769234
210.789004
210.792562
210.804231
210.819427
210.820876
210.8271
210.836664
210.856172
210.856758
210.869065
210.904641
210.934147
210.942955
210.954381
210.954566
210.967816
210.982144
210.986182
210.99309
211.00614
211.029826
211.041768
211.103498
211.104606
211.105122
211.119369
211.128955
211.144533
211.157293
211.164322
211.171795
211.178207
211.204748
211.211513
211.225521
211.228178
211.238729
211.241288
211.241754
211.291202
211.29225
211.312065
211.315975
211.321406
211.32549
211.347088
211.363065
211.370044
211.41082
211.421399
211.431238
211.481967
211.482645
211.516044
211.517399
211.529425
211.567917
211.585606
211.587882
211.5983
211.617029
211.620584
211.621638
211.622843
211.625745
211.629669
211.65076
211.662447
211.664135
211.681236
211.687455
211.710743
211.727066
211.731776
211.744896
211.752668
211.756377
211.758921
211.76067
211.767093
211.771249
211.774551
211.788529
211.818809
211.828814
211.846785
211.846884
211.854248
211.867855
211.875167
211.876691
211.885128
211.934669
211.940118
211.940433
211.944546
211.945609
211.963074
211.970698
211.98276
211.98767
211.99745
212.031996
212.034529
212.055128
212.070451
212.076831
212.094188
212.102193
212.103937
212.10866
212.110852
212.120559
212.122802
212.125421
212.141713
212.164156
212.182282
212.210041
212.213785
212.221629
212.22835
212.229923
212.24082
212.243571
212.245891
212.256116
212.258298
212.258687
212.294601
212.303911
212.304969
212.320823
212.337119
212.347652
212.356729
212.369284
212.386283
212.399187
212.409527
212.412061
212.415483
212.444642
212.446965
212.459209
212.459285
212.484088
212.48757
212.495194
212.49681
212.498768
212.512922
212.513694
212.529083
212.561635
212.570917
212.576153
212.577056
212.596759
212.597216
212.625949
212.654311
212.65745
212.667413
212.668839
212.673452
212.679657
212.686066
212.694158
212.719084
212.72842
212.733027
212.740287
212.753736
212.763478
212.766367
212.771796
212.788715
212.794231
212.807443
212.811773
212.84827
212.85011
212.850463
212.86844
212.874607
212.894609
212.933588
212.952906
212.958938
212.9649
212.972096
212.973662
212.998066
213.011184
213.012514
213.015632
213.016215
213.01716
213.035434
213.042138
213.046646
213.051689
213.057929
213.058614
213.065308
213.066734
213.081606
213.093424
213.097457
213.097565
213.099881
213.109245
213.126944
213.143745
213.170733
213.174413
213.19551
213.205184
213.2174
213.220707
213.222127
213.244411
213.246498
213.252782
213.272405
213.293522
213.295093
213.321393
213.330057
213.336411
213.342787
213.365278
213.381385
213.391111
213.394519
213.402165
213.402176
213.426304
213.434741
213.440491
213.461193
213.467093
213.484996
213.492405
213.495999
213.49985
213.503659
213.518014
213.520512
213.544962
213.561497
213.571018
213.572469
213.57891
213.582267
213.584378
213.59687
213.60413
213.60588
213.611045
213.615632
213.626182
213.655614
213.672244
213.675576
213.689205
213.698064
213.6989
213.710041
213.710265
213.734141
213.759039
213.763579
213.775676
213.776557
213.777084
213.784296
213.809959
213.846136
213.851004
213.857785
213.860048
213.862261
213.891924
213.898216
213.904917
213.90743
213.908807
213.909418
213.910659
213.915828
213.917238
213.917694
213.936115
213.950269
213.967768
213.971856
213.993739
213.99673
214.011536
214.011675
214.01481
214.01563
214.024061
214.029104
214.034134
214.037201
214.063622
214.065713
214.065804
214.07275
214.082436
214.091862
214.11405
214.115504
214.145383
214.156002
214.16153
214.165365
214.166157
214.168551
214.180307
214.196302
214.203001
214.206482
214.215513
214.217029
214.224745
214.235403
214.241986
214.24682
214.252778
214.263431
214.280519
214.301712
214.316712
214.326743
214.34427
214.348141
214.350708
214.356753
214.359324
214.360673
214.360863
214.373208
214.376607
214.378392
214.399802
214.40482
214.406776
214.41361
214.423057
214.433686
214.43887
214.450817
214.455381
214.456538
214.457511
214.457956
214.462868
214.475399
214.482428
214.488861
214.49929
214.511472
214.51207
214.523815
214.532967
214.533077
214.538574
214.550681
214.55208
214.553341
214.573678
214.581771
214.586554
214.587954
214.590235
214.590372
214.592978
214.595207
214.612732
214.615254
214.621035
214.622523
214.629499
214.630752
214.636487
214.653044
214.65897
214.668095
214.668281
214.676665
214.679807
214.683566
214.691512
214.695654
214.70617
214.739694
214.757808
214.758992
214.772679
214.782813
214.788207
214.791623
214.794508
214.798856
214.803267
214.823804
214.835991
214.841841
214.854484
214.854686
214.859638
214.859834
214.862924
214.890923
214.893765
214.922864
214.928035
214.928401
214.940812
214.95571
214.96615
214.9881
215.000476
215.003761
215.004388
215.005483
215.007238
215.008552
215.019297
215.020504
215.026412
215.032902
215.043148
215.054553
215.058751
215.062131
215.064151
215.068316
215.082796
215.095237
215.098789
215.099688
215.101608
215.103144
215.104302
215.109367
215.116625
215.126005
215.129577
215.130196
215.136642
215.144311
215.147117
215.155202
215.164481
215.195424
215.201519
215.248303
215.261736
215.266569
215.273802
215.276823
215.277604
215.283346
215.298024
215.29939
215.311696
215.314997
215.319288
215.319883
215.32635
215.327459
215.329341
215.3308
215.335266
215.339622
215.348471
215.379291
215.423429
215.43522
215.43541
215.444118
215.446271
215.460073
215.464359
215.466475
215.467975
215.473805
215.485385
215.502103
215.520939
215.527948
215.53212
215.534607
215.536759
215.541868
215.556393
215.56323
215.563947
215.567567
215.570307
215.580267
215.592043
215.592968
215.595173
215.618615
215.620473
215.628694
215.630158
215.634268
215.655748
215.696135
215.707312
215.734122
215.737574
215.740145
215.740437
215.743846
215.746206
215.746771
215.749171
215.778775
215.781901
215.790485
215.796487
215.813157
215.820679
215.821621
215.827077
215.828027
215.829266
215.834319
215.837371
215.868461
215.880148
215.883713
215.905295
215.905995
215.907354
215.921293
215.926038
215.941259
215.948433
215.948661
215.958878
215.962614
215.96731
215.967524
215.968864
215.972189
215.992375
215.997488
216.023766
216.041366
216.048907
216.05047
216.080966
216.082817
216.08288
216.096757
216.097657
216.09956
216.117291
216.125811
216.13142
216.137147
216.150346
216.152585
216.158846
216.163176
216.172953
216.175717
216.17936
216.185036
216.190464
216.194344
216.196412
216.215738
216.219386
216.219823
216.228354
216.237301
216.256247
216.259315
216.264338
216.268631
216.30149
216.305145
216.30623
216.306807
216.313528
216.326579
216.336472
216.338566
216.360579
216.37103
216.3772
216.379213
216.381114
216.398121
216.425999
216.42797
216.429546
216.441315
216.44148
216.449037
216.449288
216.46033
216.476028
216.484442
216.490395
216.491304
216.49418
216.499042
216.528802
216.53045
216.546901
216.556528
216.566103
216.574008
216.589536
216.597391
216.600903
216.601542
216.602674
216.609132
216.609601
216.619245
216.62049
216.638167
216.642572
216.647049
216.651922
216.652626
216.652928
216.666497
216.674745
216.677842
216.68124
216.690619
216.691914
216.693312
216.696292
216.696302
216.702374
216.705423
216.71771
216.726195
216.742758
216.752513
216.768236
216.770639
216.772954
216.778444
216.779281
216.779878
216.786332
216.794213
216.832924
216.844869
216.851278
216.853062
216.854288
216.854678
216.859356
216.872519
216.878941
216.879304
216.88193
216.884779
216.888042
216.900445
216.909791
216.910722
216.924177
216.946918
216.951377
216.952791
216.972708
216.990154
216.994505
216.997625
217.013997
217.028088
217.029629
217.029648
217.030047
217.053344
217.05665
217.074106
217.074883
217.088999
217.108936
217.117219
217.128259
217.131161
217.13729
217.138687
217.145707
217.158152
217.179154
217.179286
217.194889
217.205631
217.213138
217.213337
217.21415
217.214905
217.222597
217.233669
217.240666
217.261641
217.262364
217.26443
217.275221
217.281731
217.288739
217.291428
217.29539
217.299296
217.313311
217.334963
217.344491
217.356449
217.357254
217.37107
217.371082
217.374164
217.385949
217.387626
217.394215
217.404481
217.40894
217.412445
217.419064
217.440317
217.443691
217.44437
217.448965
217.457333
217.466974
217.472836
217.475948
217.482102
217.486639
217.501965
217.506595
217.506762
217.517432
217.51897
217.521828
217.538853
217.543938
217.546663
217.566514
217.581362
217.5863
217.590979
217.593501
217.603091
217.605175
217.615211
217.622599
217.636567
217.637163
217.65203
217.652127
217.654993
217.657727
217.658259
217.665789
217.672651
217.675033
217.685653
217.690367
217.692634
217.696845
217.697805
217.698654
217.702738
217.704161
217.710512
217.719977
217.719979
217.724386
217.733975
217.735344
217.735528
217.74094
217.750709
217.758909
217.760208
217.764392
217.770959
217.771259
217.77599
217.783379
217.786751
217.788004
217.797969
217.807361
217.824012
217.838537
217.840281
217.849685
217.850332
217.870243
217.883295
217.88398
217.884498
217.888392
217.903776
217.906163
217.912854
217.916412
217.917401
217.918114
217.9227
217.93036
217.938928
217.940953
217.95056
217.968395
217.982355
217.990069
217.990978
218.03602
218.042199
218.059634
218.070252
218.078756
218.090046
218.108577
218.120798
218.134998
218.14439
218.14727
218.147452
218.154352
218.154664
218.166145
218.180661
218.186893
218.211329
218.216303
218.217278
218.231515
218.231866
218.235858
218.253212
218.255396
218.261603
218.272726
218.28471
218.286052
218.317059
218.319336
218.332009
218.333537
218.33684
218.344061
218.345644
218.348083
218.357898
218.373662
218.380827
218.385062
218.397497
218.403614
218.406485
218.427218
218.429909
218.447535
218.457775
218.462615
218.46795
218.470905
218.485691
218.486914
218.501863
218.51778
218.517788
218.51973
218.521003
218.52363
218.530958
218.533027
218.533098
218.538371
218.559183
218.559993
218.571131
218.591307
218.596465
218.602789
218.615148
218.617875
218.627228
218.631724
218.649804
218.654771
218.665683
218.67323
218.677348
218.679725
218.692205
218.69994
218.713931
218.715038
218.722173
218.723379
218.728315
218.728468
218.732158
218.743082
218.743229
218.743547
218.751379
218.759653
218.76009
218.768797
218.779842
218.786083
218.798492
218.804225
218.826235
218.832559
218.841801
218.84316
218.860283
218.860357
218.863745
218.876092
218.878964
218.883245
218.900368
218.900394
218.903273
218.903899
218.912999
218.922578
218.93118
218.934874
218.935389
218.935409
218.951689
218.951836
218.970117
219.002388
219.004531
219.007505
219.016888
219.017145
219.018489
219.030844
219.035998
219.043108
219.050654
219.052891
219.062196
219.069282
219.071678
219.072328
219.082921
219.083537
219.117018
219.12143
219.12912
219.150306
219.150318
219.164223
219.177522
219.187384
219.206973
219.212635
219.218621
219.231247
219.233309
219.242364
219.272168
219.279548
219.28316
219.293753
219.299778
219.322343
219.331294
219.34203
219.346999
219.350607
219.351771
219.359451
219.36695
219.372955
219.377277
219.391275
219.394228
219.40262
219.418845
219.438888
219.439765
219.441833
219.465229
219.474394
219.474462
219.476564
219.478346
219.485202
219.492361
219.4966
219.49928
219.501393
219.512313
219.517423
219.52027
219.527916
219.540911
219.55128
219.551896
219.560473
219.561197
219.573785
219.576841
219.583586
219.61367
219.620514
219.629104
219.629941
219.637934
219.648161
219.708789
219.709242
219.712022
219.720018
219.733753
219.749136
219.751768
219.767494
219.779677
219.780098
219.781446
219.78195
219.789444
219.800962
219.839108
219.845696
219.852818
219.853768
219.857644
219.877425
219.878115
219.897491
219.899932
219.908165
219.9093
219.910232
219.914243
219.916071
219.91719
219.922197
219.943384
219.948215
219.948817
219.952933
219.973624
219.975252
219.980486
219.992262
220.001483
220.002097
220.006383
220.008432
220.021294
220.02183
220.023936
220.033449
220.037893
220.038469
220.041263
220.04512
220.049818
220.052615
220.056462
220.062354
220.062389
220.063471
220.064654
220.08182
220.109354
220.121345
220.13436
220.141804
220.146851
220.15732
220.171895
220.175945
220.184129
220.18918
220.191995
220.196241
220.201525
220.215222
220.217009
220.223691
220.233852
220.242352
220.242726
220.250449
220.251141
220.256486
220.269732
220.292269
220.292826
220.294601
220.3045
220.306163
220.307656
220.314702
220.31912
220.3235
220.326316
220.327997
220.349519
220.359555
220.364514
220.368374
220.371621
220.395969
220.406255
220.410353
220.42004
220.423479
220.435642
220.453234
220.462168
220.462991
220.464709
220.465268
220.467632
220.479862
220.48094
220.492189
220.496086
220.508174
220.50823
220.510573
220.512622
220.517652
220.527042
220.532384
220.548253
220.550126
220.555657
220.59762
220.600229
220.607843
220.608554
220.627618
220.631544
220.63176
220.637338
220.644395
220.65974
220.659925
220.665827
220.697135
220.701888
220.709069
220.712274
220.736027
220.748341
220.755512
220.756239
220.756763
220.7589
220.771135
220.778017
220.786371
220.79028
220.793164
220.795973
220.799083
220.802948
220.807069
220.810192
220.82125
220.826585
220.830929
220.85236
220.852839
220.855507
220.859299
220.861055
220.86624
220.86669
220.874075
220.894533
220.904195
220.906081
220.913523
220.921485
220.925967
220.930304
220.930896
220.934359
220.93905
220.942524
220.958527
220.963343
220.97012
220.971257
220.991935
221.000152
221.006081
221.009122
221.012177
221.047353
221.058905
221.071344
221.07368
221.111566
221.126746
221.13266
221.133212
221.136781
221.162779
221.174817
221.180319
221.181389
221.193076
221.198531
221.199344
221.212934
221.216127
221.217997
221.221784
221.226284
221.233298
221.241084
221.24142
221.244148
221.249217
221.25506
221.262639
221.263499
221.26804
221.273729
221.291411
221.293629
221.294857
221.324347
221.328192
221.339048
221.350792
221.358207
221.359178
221.369038
221.377876
221.379866
221.380166
221.380278
221.391369
221.394765
221.402883
221.418133
221.419224
221.420572
221.423646
221.435004
221.436973
221.442664
221.444693
221.447261
221.458649
221.460275
221.462668
221.467228
221.480032
221.490949
221.494029
221.504244
221.507257
221.514316
221.514891
221.51778
221.53277
221.541581
221.544113
221.551463
221.55534
221.561927
221.585153
221.588706
221.589644
221.591674
221.59387
221.599767
221.609383
221.613142
221.613745
221.619146
221.619216
221.620068
221.62341
221.630759
221.638424
221.645417
221.645985
221.648086
221.662854
221.664348
221.667749
221.678676
221.681227
221.686462
221.699422
221.721639
221.730902
221.744176
221.749097
221.752229
221.800036
221.804756
221.806445
221.828626
221.829607
221.830338
221.830717
221.85383
221.867366
221.870726
221.877298
221.886083
221.886104
221.892062
221.902008
221.905399
221.912518
221.918342
221.923804
221.933081
221.936497
221.939878
221.942978
221.949072
221.975242
221.978478
221.985293
221.98981
221.991572
221.997082
222.005119
222.015112
222.020808
222.048099
222.058785
222.064602
222.084512
222.087913
222.100879
222.106466
222.109266
222.131502
222.146132
222.146315
222.148097
222.151582
222.154657
222.15638
222.18415
222.186649
222.197779
222.197879
222.20765
222.222271
222.226587
222.235377
222.244897
222.268441
222.270513
222.272453
222.302408
222.309397
222.311424
222.313424
222.325116
222.327058
222.328588
222.338637
222.346401
222.353631
222.362957
222.367924
222.389573
222.393634
222.401269
222.405991
222.410188
222.417421
222.447011
222.453947
222.462866
222.471266
222.475281
222.479469
222.482292
222.504261
222.520589
222.528477
222.538339
222.538931
222.53984
222.559026
222.559033
222.561311
222.561658
222.567527
222.588484
222.591646
222.600727
222.607099
222.610014
222.621039
222.623707
222.62471
222.625707
222.630875
222.653087
222.660613
222.680518
222.693715
222.707904
222.709268
222.709857
222.723517
222.730014
222.731817
222.744079
222.749481
222.754286
222.756801
222.760711
222.760912
222.763224
222.767269
222.784245
222.790216
222.794541
222.795455
222.806504
222.826476
222.844422
222.852314
222.857767
222.858336
222.860757
222.861593
222.863287
222.867196
222.877033
222.8844
222.901679
222.901929
222.903324
222.903892
222.913111
222.917052
222.929206
222.931795
222.932363
222.952809
222.955424
222.969824
222.990723
223.007465
223.010391
223.011796
223.014506
223.033275
223.05558
223.067647
223.081481
223.085896
223.086377
223.113572
223.117863
223.130783
223.135946
223.136705
223.140821
223.143617
223.167447
223.170338
223.174795
223.182423
223.183251
223.200232
223.20329
223.207791
223.210279
223.229952
223.236407
223.244789
223.247129
223.251002
223.259567
223.273742
223.276071
223.280874
223.281521
223.294732
223.297471
223.371567
223.383416
223.391991
223.396107
223.403431
223.405804
223.406124
223.415488
223.436578
223.445433
223.470597
223.492935
223.500994
223.506971
223.512705
223.512903
223.524838
223.532016
223.536501
223.536528
223.548144
223.556421
223.558647
223.572115
223.58174
223.585337
223.590035
223.593708
223.598993
223.611433
223.611509
223.612698
223.613388
223.619303
223.624469
223.630595
223.634103
223.644869
223.666917
223.669528
223.669624
223.676196
223.682523
223.692054
223.701186
223.704302
223.709034
223.721202
223.72734
223.751865
223.759038
223.770715
223.772608
223.772708
223.77682
223.788403
223.788991
223.801253
223.802324
223.812352
223.81841
223.825017
223.82642
223.832932
223.852124
223.855812
223.857925
223.869696
223.872437
223.888194
223.897273
223.906014
223.908719
223.91266
223.915224
223.915629
223.917044
223.927534
223.942889
223.944574
223.946963
223.950042
223.958817
223.96015
223.967584
223.984134
223.986981
224.016597
224.018586
224.062934
224.066496
224.070486
224.073998
224.085755
224.094985
224.097506
224.098797
224.114543
224.121057
224.123495
224.127377
224.132557
224.133507
224.135981
224.144152
224.169197
224.170857
224.172127
224.180606
224.192362
224.197023
224.220838
224.221464
224.22406
224.231138
224.23286
224.248016
224.271145
224.288402
224.299798
224.301509
224.301687
224.304293
224.326843
224.334397
224.348673
224.354401
224.361986
224.375849
224.375962
224.394075
224.397461
224.433642
224.43546
224.448687
224.461335
224.465745
224.466639
224.47691
224.484987
224.491611
224.519919
224.521992
224.526861
224.533907
224.555118
224.566639
224.575306
224.57837
224.589762
224.597818
224.601431
224.603074
224.610123
224.610851
224.611898
224.616798
224.649824
224.653425
224.661293
224.661497
224.678045
224.683878
224.718207
224.71889
224.719766
224.725558
224.729333
224.748513
224.751004
224.754677
224.761588
224.782259
224.805281
224.826667
224.834675
224.846382
224.874899
224.875092
224.880977
224.882798
224.890166
224.89751
224.941983
224.94237
224.945393
224.958664
224.963889
224.969534
224.975311
224.995766
225.02894
225.02937
225.047787
225.048065
225.055028
225.055528
225.058028
225.063928
225.090206
225.097183
225.097196
225.10767
225.118025
225.121148
225.121676
225.123943
225.128607
225.128751
225.130904
225.156056
225.194213
225.200757
225.209191
225.217727
225.225164
225.231303
225.239033
225.254808
225.260205
225.262785
225.282171
225.319576
225.332012
225.334883
225.341561
225.346569
225.361224
225.365585
225.375915
225.376389
225.382546
225.390791
225.402298
225.406574
225.414742
225.416073
225.4682
225.477087
225.481806
225.48776
225.506707
225.506945
225.527715
225.555704
225.55982
225.568973
225.578565
225.580881
225.591523
225.612765
225.624787
225.625298
225.625431
225.65343
225.664034
225.670198
225.684443
225.685634
225.692586
225.705047
225.710036
225.710111
225.711573
225.719762
225.729204
225.736823
225.768514
225.77381
225.775688
225.780039
225.782602
225.783226
225.786854
225.79733
225.856202
225.881678
225.892277
225.893238
225.893918
225.905069
225.917611
225.921986
225.922112
225.952529
225.990226
225.992426
226.00191
226.005512
226.016224
226.027754
226.093327
226.110119
226.111453
226.113319
226.116165
226.13666
226.184029
226.207229
226.238433
226.243841
226.260041
226.260598
226.263073
226.294684
226.297042
226.302702
226.303714
226.304179
226.305384
226.32504
226.328869
226.329062
226.332912
226.334421
226.336528
226.34346
226.344481
226.354839
226.372238
226.37481
226.388475
226.405381
226.409198
226.423794
226.445891
226.448173
226.448925
226.454215
226.470374
226.482752
226.488636
226.489235
226.489623
226.48973
226.501159
226.517291
226.518514
226.523466
226.531609
226.538908
226.544376
226.547691
226.556528
226.558667
226.623991
226.628347
226.646301
226.647724
226.655867
226.692089
226.692489
226.705
226.708519
226.716457
226.742042
226.754734
226.767014
226.780982
226.792619
226.799134
226.820719
226.842869
226.853742
226.874386
226.881617
226.885535
226.910141
226.914941
226.939435
226.972545
226.975582
227.012757
227.025544
227.036232
227.041092
227.057237
227.071553
227.072183
227.088764
227.116565
227.195977
227.201277
227.234067
227.277947
227.281574
227.292308
227.295825
227.309227
227.315956
227.39474
227.402782
227.406591
227.435884
227.440484
227.463472
227.489344
227.496203
227.525344
227.529314
227.529872
227.549633
227.558466
227.577664
227.581302
227.592069
227.624004
227.624283
227.651051
227.673461
227.676615
227.677794
227.68149
227.726102
227.730265
227.731319
227.733629
227.797868
227.817551
227.824871
227.82522
227.825432
227.827931
227.830622
227.837961
227.847838
227.854306
227.861139
227.891589
227.894435
227.895545
227.902413
227.912393
227.914826
227.931153
227.935092
227.941555
228.000527
228.014729
228.022113
228.031758
228.050671
228.064533
228.070983
228.075293
228.095202
228.09587
228.107357
228.144766
228.154283
228.168524
228.178501
228.186175
228.193687
228.237225
228.237384
228.240137
228.249096
228.271485
228.309515
228.319211
228.324517
228.343175
228.347552
228.35787
228.360736
228.371889
228.373861
228.390614
228.400744
228.410212
228.417661
228.426232
228.430071
228.44949
228.470928
228.496426
228.505157
228.521963
228.525482
228.550486
228.554083
228.561257
228.586468
228.597107
228.695976
228.696153
228.716917
228.833506
228.849082
228.858431
228.868721
228.923505
228.931669
228.95511
228.960762
228.965461
228.965919
228.970412
229.004807
229.055371
229.067302
229.078718
229.086587
229.129737
229.198165
229.214557
229.271007
229.324843
229.336112
229.339873
229.35111
229.367232
229.402704
229.43808
229.457881
229.536403
229.56409
229.564956
229.586857
229.647059
229.659437
229.65978
229.660363
229.709647
229.714396
229.73171
229.741216
229.75508
229.758981
229.823619
229.844958
229.87069
229.885832
229.89213
229.931892
229.996408
230.003816
230.048581
230.086143
230.099363
230.099509
230.102982
230.117353
230.118748
230.11969
230.122576
230.153343
230.223231
230.261732
230.309363
230.377288
230.385095
230.435376
230.442524
230.449974
230.462697
230.477509
230.482804
230.531958
230.578279
230.581758
230.672534
230.704138
230.716321
230.735974
230.754305
230.764634
230.790647
230.793279
230.836844
230.855173
230.873713
230.880737
230.907991
230.947444
230.951028
230.960512
230.978723
231.012389
231.073674
231.081532
231.085859
231.088644
231.098119
231.115612
231.145495
231.236085
231.265676
231.267001
231.273001
231.323276
231.335427
231.346243
231.470617
231.517966
231.534176
231.6161
231.641599
231.684557
231.716147
231.735377
231.738821
231.782197
231.857842
231.866929
231.933995
231.954663
232.028828
232.17041
232.170722
232.272604
232.307144
232.322828
232.343986
232.46458
232.474492
232.5231
232.530214
232.544148
232.567743
232.585157
232.588331
232.628932
232.659596
232.817291
232.894234
232.901345
232.944694
232.95307
232.967284
233.040347
233.049877
233.222975
233.243901
233.287104
233.295086
233.428547
233.498611
233.536595
233.570609
233.626496
233.657244
233.688713
234.083025
234.213607
234.644056
234.6446
234.700617
234.757012
234.806196
234.887031
235.10855
235.121378
235.239105
235.361541
235.717917
235.747847
235.767243
235.906446
235.937194
236.034431
236.042741
236.083516
236.255279
236.321017
236.356928
236.404335
236.557216
236.832436
237.031691
237.049341
237.051239
237.079836
237.187881
237.313075
237.357912
237.432754
237.609089
237.729077
237.8454
237.94894
238.260616
238.324386
238.415517
238.524388
238.629244
238.676431
238.707314
239.438261
239.441098
239.781593
239.832678
239.843591
239.932346
239.971042
240.063925
240.134645
240.143432
240.150206
240.155717
240.579871
240.731448
240.885354
240.952845
241.411688
241.450422
241.706806
241.912178
242.1649
242.868831
243.020988
243.11749
243.262559
243.477122
243.661812
243.798716
244.654737
244.861517
245.034265
245.153497
245.407627
245.63546
245.775884
246.045773
246.137013
246.20925
246.310195
246.399435
246.538348
247.276362
247.731264
248.022372
248.161111
251.134023
251.648487
252.047551
252.878325
254.066244
255.93666
257.746112
258.955799
259.451102
260.434369
260.725941
261.077703
263.59277
265.382228
267.5658
270.682862
272.12547
273.661619
282.828957
283.746703
284.764305
286.643796
294.722248
312.275395
312.295653
319.461659
324.464248
332.749194
338.196306
339.497615
340.275333
340.433473
343.377075
364.236688
416.897689
446.592046
547.571315
558.031191
693.879602
830.113893
925.239354
