145.391397
145.874481
146.409407
148.188864
148.41209
148.583316
149.909941
150.783706
151.503677
151.655074
152.071433
152.210718
155.063402
155.146355
155.207212
156.304449
157.366161
158.551174
162.369776
171.768529
179.341047
181.62228
186.048097
186.983793
187.057201
187.139762
189.108562
189.400663
190.203999
190.835476
191.230966
191.301786
192.121526
195.210685
196.214931
197.207729
197.402827
198.209046
198.960165
199.126777
199.17449
199.198882
200.919301
200.973778
201.295232
201.541317
202.121304
202.36335
202.929821
203.317495
203.838238
204.215233
204.282744
204.498998
205.541634
205.620226
205.810982
205.843569
206.03954
206.290406
206.364328
206.405869
207.108182
207.365275
209.866536
210.944906
211.198983
215.337317
215.430175
216.491679
219.487779
221.051971
223.719209
223.734754
224.021207
237.004902
257.035559
262.575847
