8.866997
10.122979
10.33679
10.702661
11.38078
11.785964
12.611013
12.804929
12.97152
13.176781
13.271068
13.392325
13.905018
13.978385
14.239573
14.743181
14.822829
14.843797
15.287503
15.288335
15.289759
15.56959
15.581411
15.595415
15.696061
15.751074
15.752478
15.905683
15.945644
16.321854
16.328709
16.434321
16.53309
16.822504
16.945073
17.088598
17.214891
17.238165
17.359334
17.687566
17.718346
17.736294
17.911157
17.919477
17.963121
18.094171
18.63291
18.819512
18.868038
18.932571
19.126167
19.359804
19.375244
20.028524
20.03048
20.03327
20.123005
20.320675
20.507236
20.57964
20.772549
20.953263
21.311838
21.313361
21.44396
21.477429
21.512538
21.83515
22.040292
22.111751
22.145347
22.184987
22.434114
23.004337
23.77958
23.87347
24.075921
24.272911
24.412017
24.621468
24.823201
24.832396
24.936365
25.196027
25.409939
25.793639
26.120314
27.065556
27.391878
28.283248
29.118194
29.842567
31.373271
31.493449
31.597469
31.656439
34.788053
37.050747
39.672251
41.402089
42.821819
43.148774
55.907151
64.300298
86.988615
108.66115
109.7671
117.431588
120.014827
129.232766
130.895718
131.23868
135.805176
138.899667
140.273705
140.347916
142.879611
144.407494
148.378796
151.135993
151.294611
151.63974
154.167843
154.310413
155.783819
156.503489
156.879792
161.386658
175.07666
176.03209
180.66716
184.952265
187.331
190.337857
191.817833
193.01605
193.828999
196.419662
196.852428
198.191602
199.919055
203.439742
203.441665
205.27207
205.576429
205.733264
206.246709
206.419549
209.179008
209.40016
209.401981
210.170392
210.662207
210.878412
212.28289
212.863337
213.005955
213.786937
216.057714
218.65864
219.355182
219.655245
221.707496
224.275384
224.681812
226.701934
230.690186
234.974666
236.375006
237.744178
240.164442
240.592725
242.933805
243.728226
245.392655
245.742381
254.559833
257.387907
257.520225
262.865223
263.892459
263.96137
268.742402
268.814836
271.93959
275.603369
276.554341
278.129588
278.519076
278.680079
279.622536
286.296885
294.693579
316.108758
319.265265
321.562489
326.338277
328.058019
331.968068
335.547786
411.487511
487.566001
525.258759
533.799477
560.782177
2992.626599
