187.487074
207.37471
209.329809
253.96645
257.264446
261.364671
262.018833
262.376907
269.551964
277.193635
277.508537
278.168007
279.300295
279.823972
280.949515
281.220259
282.465495
284.086652
286.861041
290.435113
291.587145
292.767945
296.075663
297.893785
297.930526
298.468284
299.259272
300.29988
301.003391
302.069066
303.859325
304.089613
304.231346
304.454562
304.538005
305.260334
305.579368
305.60657
305.7809
306.02274
306.067585
306.306155
306.450339
306.480535
306.539203
306.898423
306.937625
307.048894
307.148213
307.165711
307.208769
307.427482
307.784085
307.892026
308.067938
308.264928
308.343061
308.482447
308.631277
308.738133
308.76268
308.772044
308.829384
308.847418
308.909641
308.934009
308.985487
309.111253
309.187094
309.199584
309.232142
309.368164
309.427497
309.508318
309.581533
309.596415
309.646412
309.699499
309.759906
309.855408
309.909118
309.939271
310.055266
310.276037
310.28263
310.288356
310.300722
310.301864
310.306174
310.311942
310.396855
310.416065
310.534665
310.568019
310.57973
310.594779
310.630076
310.795259
311.077248
311.133089
311.169294
311.191625
311.195124
311.206499
311.223535
311.235191
311.363087
311.439054
311.456606
311.477326
311.48427
311.485409
311.527999
311.790858
311.847929
311.902711
311.946423
311.971414
312.039042
312.189573
312.273164
312.425243
312.544288
312.56167
312.638517
312.655123
312.661059
312.68204
312.74043
312.79527
312.809278
312.88693
312.889185
313.042726
313.125022
313.181145
313.223191
313.229485
313.23305
313.277965
313.28054
313.565995
313.573246
313.591551
313.623211
313.678793
313.767028
313.773944
313.855997
313.862076
313.89634
313.907379
313.939246
313.946618
314.020103
314.02918
314.045586
314.090325
314.139914
314.184822
314.22512
314.333052
314.336361
314.36888
314.497895
314.57853
314.594019
314.643782
314.73045
314.794512
314.844821
314.916495
314.954246
314.969925
314.978458
314.994256
315.02318
315.083137
315.262749
315.299481
315.344478
315.349643
315.363727
315.429196
315.431537
315.434763
315.447428
315.468371
315.482266
315.492748
315.538173
315.561503
315.567506
315.63416
315.657456
315.664338
315.681239
315.68894
315.703686
315.773008
315.773624
315.788518
315.836809
315.857024
315.863349
315.9382
315.941
315.967118
315.987925
315.997885
316.050499
316.083533
316.175754
316.177766
316.183202
316.213426
316.222626
316.236022
316.259626
316.293108
316.325676
316.462199
316.474779
316.483974
316.604611
316.610171
316.63747
316.67131
316.731115
316.73464
316.783127
316.807154
316.830003
316.843884
316.867327
316.887893
316.985799
317.003481
317.024424
317.073857
317.077469
317.079556
317.101932
317.127436
317.129007
317.129462
317.160096
317.172268
317.178411
317.187005
317.261822
317.282008
317.284366
317.285991
317.286337
317.299426
317.390283
317.390947
317.403902
317.417606
317.475725
317.476041
317.543981
317.581263
317.658464
317.695563
317.735216
317.758856
317.774495
317.778945
317.78066
317.789086
317.828125
317.846399
317.870136
317.928852
317.931133
317.963901
318.02639
318.035862
318.140676
318.162635
318.195261
318.198077
318.22223
318.230106
318.252636
318.262645
318.266937
318.269467
318.303311
318.30414
318.319905
318.333154
318.339921
318.361645
318.385915
318.472878
318.537144
318.611304
318.708228
318.728
318.738382
318.739229
318.753592
318.756733
318.781632
318.783932
318.806888
318.825282
318.841588
318.842168
318.875299
318.882449
318.932229
318.970453
318.995525
318.998116
319.013897
319.032381
319.032464
319.076253
319.13514
319.142023
319.160824
319.198884
319.211845
319.234785
319.2659
319.269059
319.318743
319.326384
319.329738
319.359901
319.381592
319.419309
319.421224
319.428366
319.439511
319.467446
319.471927
319.496913
319.51708
319.539584
319.539923
319.55806
319.587044
319.58764
319.594521
319.612821
319.633912
319.649029
319.666493
319.678293
319.696573
319.707101
319.70867
319.741619
319.77042
319.792935
319.793141
319.870622
319.876798
319.886003
319.890732
319.916923
319.937857
319.945072
319.985271
319.986945
319.996217
320.01004
320.020731
320.071266
320.076909
320.091793
320.098068
320.107177
320.12484
320.161377
320.20379
320.28548
320.295999
320.324376
320.327029
320.331833
320.366457
320.37431
320.375117
320.377768
320.381907
320.411068
320.444462
320.445713
320.465933
320.48641
320.496573
320.514584
320.532936
320.561122
320.597852
320.62003
320.626676
320.642286
320.671344
320.708967
320.723122
320.741113
320.752624
320.78696
320.804272
320.809
320.84958
320.849912
320.865551
320.871424
320.895449
320.919827
320.924989
320.937399
320.945285
321.034476
321.03811
321.081791
321.085964
321.093113
321.151983
321.153349
321.153779
321.182142
321.183575
321.192642
321.228235
321.230853
321.235402
321.26471
321.314486
321.342373
321.362744
321.367499
321.371366
321.373029
321.379449
321.437354
321.470652
321.517161
321.524967
321.556911
321.565856
321.568439
321.58253
321.604125
321.607719
321.614413
321.6298
321.635335
321.685893
321.697787
321.728944
321.738907
321.762008
321.786989
321.826083
321.826403
321.84898
321.854708
321.858657
321.861346
321.874005
321.912317
321.962848
321.999512
322.003249
322.017817
322.022901
322.023543
322.122896
322.123842
322.187835
322.19429
322.215307
322.218528
322.238746
322.238802
322.244597
322.251377
322.269039
322.282917
322.290229
322.304522
322.313879
322.332479
322.340577
322.342124
322.381051
322.394281
322.394788
322.401334
322.406739
322.418158
322.43109
322.44886
322.456918
322.495186
322.502937
322.535154
322.60806
322.609213
322.621308
322.622104
322.627029
322.628805
322.636137
322.648623
322.653449
322.679825
322.687103
322.734334
322.757764
322.772006
322.77671
322.783964
322.796362
322.806248
322.808771
322.812468
322.825826
322.847035
322.871953
322.900013
322.903955
322.931184
322.939654
322.943047
322.994772
323.024938
323.028505
323.031796
323.041741
323.079933
323.097739
323.110289
323.121858
323.132675
323.148693
323.158862
323.171632
323.183505
323.185989
323.190627
323.206675
323.2408
323.264614
323.276918
323.309899
323.312137
323.318466
323.33527
323.34577
323.351164
323.364822
323.385374
323.413352
323.437097
323.438135
323.443251
323.458146
323.467545
323.47034
323.498002
323.52047
323.522796
323.533906
323.54393
323.558801
323.565156
323.573967
323.596918
323.648386
323.648727
323.65408
323.654302
323.658945
323.672417
323.70862
323.729158
323.74575
323.781142
323.785965
323.797091
323.819983
323.837652
323.84565
323.864046
323.864386
323.923007
323.927702
323.934512
323.957301
323.968343
323.995137
323.99532
323.995629
324.008849
324.032691
324.043788
324.045623
324.050225
324.061011
324.071802
324.081253
324.097352
324.131887
324.154583
324.184082
324.184998
324.189041
324.217265
324.230651
324.233765
324.253074
324.255822
324.285864
324.308151
324.329507
324.336779
324.337966
324.34339
324.344751
324.346815
324.38676
324.402994
324.420529
324.428833
324.429373
324.453342
324.455083
324.464065
324.506726
324.509848
324.523618
324.54219
324.559783
324.566594
324.575655
324.581735
324.589003
324.603651
324.607101
324.618146
324.633891
324.655268
324.65588
324.660858
324.694237
324.69433
324.744409
324.76256
324.764013
324.791402
324.799263
324.829479
324.90937
324.928061
324.955793
324.95673
324.962342
324.964416
324.970859
324.993189
325.047125
325.065658
325.074778
325.084215
325.096448
325.098666
325.103356
325.149019
325.155484
325.161255
325.167948
325.204879
325.221776
325.228774
325.237556
325.249255
325.253896
325.264431
325.33904
325.349073
325.352744
325.376708
325.388802
325.39002
325.391746
325.401437
325.409315
325.413392
325.437011
325.43735
325.451924
325.461525
325.465998
325.472358
325.476032
325.481567
325.526833
325.566783
325.571465
325.574426
325.583539
325.587234
325.587624
325.595365
325.603459
325.617296
325.650295
325.656592
325.662839
325.664625
325.685192
325.688981
325.690849
325.707348
325.721684
325.747832
325.749672
325.761288
325.768649
325.77742
325.79815
325.802556
325.809367
325.825547
325.83369
325.837763
325.838799
325.861233
325.882058
325.882389
325.883873
325.884215
325.906768
325.908286
325.924035
325.930607
325.98185
325.990732
325.992305
326.004933
326.01127
326.013237
326.05696
326.059417
326.07182
326.074942
326.086535
326.107675
326.136223
326.186745
326.188806
326.205348
326.213273
326.22205
326.263444
326.276588
326.27852
326.279966
326.295432
326.305642
326.30931
326.327267
326.345989
326.347891
326.351815
326.369129
326.377123
326.386937
326.388212
326.407486
326.422035
326.428605
326.429352
326.443779
326.451303
326.453934
326.458452
326.481449
326.484387
326.497087
326.497277
326.500859
326.525242
326.545193
326.583082
326.600379
326.618007
326.636553
326.639531
326.646771
326.649654
326.662418
326.720427
326.721402
326.722695
326.737744
326.747108
326.761262
326.76633
326.818392
326.84443
326.886498
326.895716
326.895898
326.896206
326.931563
326.942922
326.947918
326.9671
326.976912
326.995737
327.000908
327.014507
327.023101
327.048316
327.08467
327.097989
327.102154
327.122083
327.128345
327.138116
327.156081
327.180773
327.202762
327.226295
327.230325
327.259513
327.282448
327.288877
327.31101
327.35486
327.357866
327.372794
327.402393
327.404536
327.432459
327.433899
327.449604
327.454504
327.478505
327.481271
327.482924
327.513788
327.52227
327.52415
327.538038
327.573922
327.575901
327.585238
327.594795
327.614194
327.621002
327.622188
327.632029
327.635418
327.635831
327.642836
327.691033
327.698061
327.699689
327.705972
327.707457
327.718862
327.732319
327.738923
327.742315
327.742315
327.747661
327.766362
327.841227
327.855478
327.85613
327.895792
327.932721
327.93774
327.947322
327.949725
327.956123
327.977752
327.993157
327.997649
328.012889
328.033859
328.038488
328.041148
328.071766
328.092441
328.094487
328.118775
328.142978
328.143374
328.164853
328.169256
328.171491
328.216757
328.229412
328.232951
328.248846
328.269265
328.270202
328.274115
328.293871
328.299028
328.302354
328.306453
328.31413
328.329621
328.335905
328.345271
328.395057
328.398384
328.404309
328.429945
328.431464
328.432711
328.462779
328.472407
328.485276
328.498322
328.507199
328.54426
328.545318
328.594008
328.634865
328.640801
328.647517
328.649232
328.651398
328.651936
328.653465
328.668086
328.671071
328.680507
328.682937
328.689833
328.709022
328.73671
328.739909
328.747539
328.752321
328.757879
328.791822
328.796719
328.796954
328.812213
328.819818
328.843596
328.848692
328.853284
328.857383
328.865374
328.915622
328.91901
328.928179
328.939178
328.945781
328.947504
328.969892
328.996116
329.036826
329.041593
329.042249
329.043652
329.062582
329.072447
329.079795
329.104248
329.110609
329.141084
329.165242
329.202173
329.221738
329.238356
329.245394
329.24906
329.262086
329.297449
329.315336
329.350881
329.351156
329.362762
329.368835
329.396495
329.398337
329.402124
329.402996
329.406075
329.411903
329.418311
329.453829
329.484826
329.487554
329.521663
329.545047
329.551321
329.555751
329.563156
329.563967
329.569816
329.574832
329.592107
329.595961
329.596417
329.600341
329.602078
329.639933
329.678425
329.681099
329.681473
329.688237
329.690219
329.720757
329.729884
329.781665
329.80026
329.800841
329.813977
329.847431
329.848868
329.854009
329.871871
329.884962
329.896836
329.906719
329.932864
329.942315
329.943646
329.955944
329.957878
329.971313
329.973027
329.973309
329.973398
329.998774
329.999162
330.008366
330.017166
330.025061
330.044217
330.06658
330.072338
330.073714
330.097795
330.12169
330.141232
330.143271
330.17137
330.177934
330.203192
330.203372
330.223459
330.25725
330.259524
330.284298
330.29226
330.299067
330.300561
330.311739
330.324782
330.346931
330.376969
330.381136
330.381397
330.394489
330.403829
330.425346
330.426419
330.42953
330.463658
330.486099
330.499377
330.518637
330.520722
330.543449
330.543707
330.549485
330.550133
330.590494
330.602569
330.619809
330.635022
330.724463
330.733994
330.737961
330.74303
330.746643
330.794764
330.812122
330.840073
330.849908
330.851114
330.867952
330.918367
330.92172
330.927176
330.937868
330.951509
330.974004
330.974852
330.983828
331.013587
331.02155
331.02689
331.067187
331.084212
331.085808
331.100005
331.111875
331.113028
331.134596
331.144525
331.149908
331.156202
331.157905
331.158415
331.160354
331.180617
331.235474
331.244699
331.261303
331.264342
331.267764
331.312937
331.333498
331.354219
331.406502
331.408526
331.410109
331.412588
331.456556
331.463726
331.521537
331.552175
331.554957
331.559036
331.57381
331.581298
331.598108
331.605881
331.621596
331.625833
331.638721
331.644203
331.645094
331.670325
331.684702
331.708085
331.713406
331.716698
331.742613
331.748
331.778068
331.808392
331.816281
331.837471
331.84997
331.85066
331.862145
331.866584
331.923794
331.926225
331.939844
331.954086
331.975055
331.977897
331.981183
331.986219
331.988571
331.99324
332.004016
332.004051
332.00951
332.02262
332.02727
332.047334
332.079929
332.091421
332.113399
332.147282
332.162405
332.171176
332.192563
332.202207
332.216499
332.223261
332.262856
332.27682
332.299124
332.318405
332.351694
332.367543
332.388886
332.409252
332.426554
332.464462
332.470366
332.511514
332.538328
332.569566
332.57294
332.575343
332.580382
332.583313
332.586691
332.588838
332.59522
332.655547
332.661676
332.683187
332.684283
332.693337
332.709823
332.713401
332.754596
332.756021
332.759036
332.764899
332.766383
332.798017
332.826443
332.851332
332.852884
332.856814
332.863731
332.937804
332.950471
332.980956
333.013999
333.029916
333.064725
333.068692
333.101514
333.108262
333.11175
333.141996
333.144061
333.181818
333.247384
333.265569
333.273928
333.277915
333.279595
333.295907
333.341955
333.371836
333.393951
333.421956
333.464219
333.472226
333.489483
333.491152
333.493206
333.506473
333.506923
333.529716
333.533813
333.533939
333.547473
333.564819
333.567389
333.577365
333.587277
333.588038
333.594627
333.622764
333.627451
333.62889
333.634791
333.657472
333.660082
333.666724
333.690058
333.728731
333.730686
333.738845
333.750424
333.782214
333.811389
333.836876
333.861883
333.876277
333.890902
333.893181
333.901013
333.919876
333.932176
333.939687
333.949306
333.984555
333.996423
334.020229
334.022004
334.038145
334.064747
334.065071
334.097521
334.139275
334.15651
334.206569
334.218138
334.223478
334.226653
334.231083
334.247604
334.256061
334.261241
334.268745
334.298411
334.34466
334.366131
334.374403
334.388194
334.395914
334.428336
334.428504
334.444917
334.462903
334.466269
334.478303
334.485528
334.501758
334.50631
334.560444
334.565763
334.599674
334.627428
334.634974
334.651416
334.659885
334.666189
334.673224
334.679793
334.694292
334.711443
334.716233
334.72238
334.73462
334.736298
334.744995
334.762826
334.817636
334.820957
334.856155
334.867026
334.883823
334.89514
334.906787
334.948113
335.020896
335.043855
335.055899
335.059781
335.06092
335.068836
335.091956
335.116928
335.162509
335.219203
335.252545
335.256752
335.266929
335.275989
335.288261
335.291681
335.323156
335.371997
335.464037
335.465563
335.489851
335.490321
335.497891
335.532616
335.554045
335.563962
335.57775
335.579936
335.637884
335.662012
335.673847
335.708976
335.717934
335.752684
335.788944
335.792135
335.793566
335.795354
335.834383
335.916453
335.964648
335.982382
336.023331
336.041202
336.064102
336.08685
336.089683
336.122999
336.131375
336.150127
336.157099
336.189076
336.247745
336.277295
336.297288
336.31196
336.330319
336.388819
336.397185
336.427932
336.446676
336.495355
336.505743
336.506265
336.510982
336.532015
336.539898
336.542274
336.557246
336.582625
336.617209
336.62257
336.627867
336.635958
336.65916
336.677694
336.696669
336.702912
336.720137
336.761904
336.770992
336.777899
336.78271
336.795916
336.855801
336.941933
337.021056
337.024972
337.029643
337.039924
337.074069
337.078518
337.115015
337.151345
337.170946
337.194207
337.259313
337.314619
337.3236
337.340074
337.38786
337.426169
337.459677
337.479169
337.503693
337.506849
337.515319
337.528283
337.595821
337.614438
337.639124
337.643182
337.663001
337.674086
337.683233
337.684117
337.691937
337.743226
337.777886
337.793033
337.797311
337.837388
337.923891
338.053217
338.123258
338.165771
338.167635
338.193459
338.203581
338.249199
338.262174
338.274584
338.295559
338.300905
338.360443
338.379623
338.424687
338.467981
338.470847
338.52047
338.539473
338.63346
338.656401
338.674974
338.680359
338.690028
338.723661
338.740871
338.859983
338.869528
338.91342
338.920965
338.943721
338.979924
339.094336
339.108657
339.116386
339.142788
339.161187
339.196935
339.242602
339.251174
339.311229
339.33769
339.369196
339.397149
339.397276
339.43633
339.679465
339.68528
339.694487
339.755488
339.758533
339.792894
339.802188
339.844311
339.889208
339.905428
339.931368
339.935048
339.937762
339.956223
340.045108
340.059056
340.073995
340.082042
340.089187
340.123095
340.126659
340.15854
340.272657
340.276881
340.28911
340.31508
340.328954
340.381108
340.49795
340.506621
340.512079
340.567729
340.572117
340.636822
340.640635
340.669778
340.722281
340.753211
340.758718
340.773691
340.791269
340.822378
340.90243
340.932267
340.934935
340.959604
340.963474
340.983151
340.985664
341.065891
341.068586
341.100079
341.117898
341.1528
341.176046
341.193288
341.215233
341.220606
341.242601
341.247829
341.249698
341.319673
341.33159
341.34887
341.360794
341.375061
341.41039
341.438896
341.455488
341.518847
341.529941
341.54342
341.572188
341.589173
341.692892
341.696882
341.728634
341.765741
341.776293
341.897
341.988874
342.010665
342.157349
342.159258
342.184499
342.298529
342.392168
342.444239
342.512519
342.533426
342.547816
342.608205
342.732071
342.825223
342.826201
342.986296
343.009115
343.063135
343.097367
343.102427
343.120314
343.194309
343.239209
343.24254
343.260876
343.319346
343.339804
343.385585
343.410733
343.466444
343.628334
343.806651
343.978829
343.988495
344.113127
344.122985
344.136509
344.14092
344.146228
344.175734
344.21651
344.22181
344.318058
344.404008
344.434347
344.505249
344.543747
344.632642
344.642877
344.681341
344.844857
344.863321
344.910307
344.931095
344.998604
345.011971
345.032943
345.362876
345.377329
345.489815
345.511827
345.512442
345.516117
345.527349
345.625887
345.64866
345.801802
345.83323
345.845921
345.854677
345.917068
345.923829
345.938992
345.951915
345.960832
346.053011
346.105466
346.108702
346.135727
346.40885
346.421966
346.441727
346.47265
346.569128
346.58262
346.685954
346.798799
346.813216
346.832256
346.884942
346.896651
346.912467
346.934544
347.061914
347.107781
347.147095
347.156509
347.173722
347.319629
347.371267
347.379709
347.388144
347.407971
347.477813
347.506487
347.528573
347.544216
347.551817
347.594004
347.609859
347.642451
347.646579
347.70993
347.810036
347.840106
347.863193
347.865541
347.866918
347.875996
347.885591
348.013762
348.056635
348.076194
348.090678
348.209759
348.219007
348.219693
348.234547
348.275622
348.295704
348.600096
348.649581
348.669603
348.672627
348.725292
348.971236
348.975488
348.978233
349.02621
349.026975
349.076428
349.130263
349.325314
349.371021
349.390611
349.428384
349.49842
349.524949
349.556531
349.572562
349.656849
349.699304
349.704609
349.708337
349.81183
349.843107
349.907345
349.911049
350.074328
350.179079
350.194566
350.195829
350.216907
350.309671
350.357479
350.384673
350.386882
350.45002
350.617468
350.624539
350.672537
350.757865
350.813621
350.830343
350.885048
351.010665
351.036023
351.044372
351.077666
351.150753
351.286394
351.39699
351.428491
351.450539
351.461886
351.561784
351.596005
351.622429
351.627459
351.670444
351.746098
351.863266
351.885738
351.918429
351.939697
351.980971
352.015253
352.046611
352.071088
352.080574
352.143538
352.170467
352.181014
352.274561
352.293384
352.327169
352.380251
352.428778
352.436746
352.470394
352.472098
352.518158
352.553561
352.605363
352.639291
352.772439
352.833098
352.896776
352.919393
352.998115
353.093866
353.152963
353.207818
353.305533
353.377733
353.397273
353.431706
353.553094
353.642114
353.694741
353.716601
353.719059
353.755217
353.918353
354.041807
354.04938
354.053181
354.075114
354.198659
354.248957
354.296876
354.314987
354.378106
354.430571
354.460799
354.465548
354.499404
354.532504
354.564537
354.574732
354.604068
354.60584
354.655489
354.691818
354.713657
354.759637
354.815436
354.898281
354.966037
355.158652
355.194048
355.228377
355.24793
355.254214
355.31732
355.343304
355.376239
355.390494
355.396642
355.399413
355.484588
355.520155
355.534244
355.575892
355.653328
355.702726
355.796616
355.815392
355.817371
355.83081
355.883022
355.889449
355.918117
356.063368
356.148004
356.212917
356.215764
356.246947
356.272614
356.275579
356.310356
356.310926
356.366322
356.407002
356.466946
356.500281
356.544461
356.560253
356.565524
356.612209
356.636138
356.653936
356.737344
356.912892
356.930055
356.933803
357.044961
357.065063
357.163757
357.225
357.260734
357.304849
357.494801
357.513813
357.610088
357.626671
357.64543
357.733956
357.766904
357.802849
357.81403
357.815615
357.847494
357.953108
357.960988
357.982377
357.984779
357.988116
358.011046
358.103262
358.21297
358.249817
358.26175
358.288977
358.312666
358.430839
358.516403
358.546666
358.651674
358.652509
358.714664
358.812746
358.853591
359.027065
359.037261
359.089261
359.125798
359.158814
359.322598
359.355536
359.359504
359.484161
359.485082
359.566791
359.567811
359.580512
359.626493
359.701176
359.735808
359.811218
359.846773
359.900372
360.115373
360.116624
360.156629
360.186726
360.215157
360.250277
360.381274
360.480648
360.546519
360.552743
360.586449
360.71922
360.805564
360.841191
361.18256
361.251027
361.252802
361.289432
361.293286
361.317017
361.425388
361.485958
361.649836
361.70238
361.873827
362.197085
362.198963
362.340022
362.399405
362.41192
362.452532
362.470305
362.525319
362.592551
362.609575
362.838735
362.942515
363.031381
363.080062
363.108319
363.1752
363.190815
363.227478
363.239089
363.2611
363.318822
363.343205
363.446693
363.450817
363.539797
363.622065
363.644297
363.698729
363.734997
363.74939
363.770405
363.794164
363.802847
363.846118
364.00006
364.08628
364.360705
364.390489
364.555272
364.583574
364.61672
364.842394
364.911368
364.956465
364.983329
365.131448
365.238205
365.367167
365.565588
365.648919
365.676073
365.801592
365.839092
365.88831
365.987893
366.010311
366.091667
366.276205
366.285443
366.315926
366.344411
366.411836
366.645562
366.902508
367.098565
367.311792
367.440312
367.689193
367.832806
368.012491
368.083802
368.181755
368.204914
368.206927
368.239947
368.425817
368.706443
368.745257
368.767219
369.388217
369.636957
369.722481
370.039455
370.394322
370.432639
370.52414
370.702428
370.768434
370.944986
371.01255
371.050973
371.36885
371.437164
371.696471
371.943113
372.205252
372.217282
372.690835
372.707907
372.780593
372.882218
373.224408
373.319853
374.281299
375.377203
375.432312
375.521993
375.618095
375.646055
375.702587
376.413174
376.669905
376.848258
377.066744
377.583186
378.165886
378.448833
378.55703
378.630476
379.166918
379.170629
379.242942
381.013493
381.099858
382.828643
382.853514
383.222909
383.934038
384.184974
384.358973
384.53895
386.185972
388.67535
389.269523
393.633685
394.880456
395.632727
396.615072
401.367006
401.773972
402.889708
405.573525
406.254467
410.584202
414.005155
414.80601
417.909062
420.689473
420.849337
421.410724
421.620259
428.789804
429.543422
433.201558
434.143647
465.058399
467.127621
492.481261
499.335801
512.686537
517.688384
520.878554
521.29094
525.230125
525.262983
525.520014
525.708125
527.101791
527.186427
527.422348
527.735276
528.295817
528.53247
528.917173
529.600665
529.642381
529.812556
530.164849
530.191455
530.419917
530.964482
531.202231
531.451281
531.586241
531.623159
531.733167
532.450221
532.620615
533.217523
533.292739
533.373662
533.396803
533.50627
534.196221
534.252939
535.068038
535.227188
535.701411
536.074196
536.542422
536.601258
536.80771
536.93849
537.614554
538.138367
538.189026
538.818298
538.919535
538.978291
538.996321
539.130295
539.132302
539.272273
539.765177
539.886532
540.022481
540.07167
540.128945
540.267073
540.295607
540.331749
540.34197
540.521254
540.617873
540.729815
540.986933
541.152611
541.292851
541.346826
541.412569
541.481016
541.493738
541.793554
541.987468
542.192963
542.20236
542.260631
542.304866
542.32257
542.615042
542.734416
542.754281
542.862829
542.873994
543.063973
543.097288
543.103703
543.158219
543.287989
543.413521
543.466243
543.540398
543.634159
543.63647
543.669989
543.716468
543.726393
543.746935
543.819966
543.84325
543.886602
543.976235
544.244689
544.365279
544.543031
544.680452
544.911481
545.056203
545.23916
545.332721
545.498162
545.50765
545.528368
545.585301
545.710452
545.744872
545.748572
545.773264
545.856869
545.893674
545.94945
546.046504
546.074344
546.32934
546.346903
546.400949
546.459166
546.492994
546.511341
546.675224
546.681847
546.80007
546.978629
547.020726
547.06382
547.112616
547.431349
547.525274
547.699472
547.821404
547.841601
547.851615
547.932743
547.996534
548.027198
548.113331
548.23004
548.241318
548.293049
548.331764
548.412428
548.491895
548.545914
548.597091
548.626072
548.667202
548.726997
548.896148
548.905664
548.925378
548.9597
549.046455
549.051519
549.078384
549.168069
549.263963
549.287374
549.341391
549.397322
549.503767
549.521439
549.575392
549.594946
549.648143
549.77998
549.961568
549.991804
550.182802
550.204319
550.205973
550.295905
550.308435
550.309047
550.335294
550.356616
550.38144
550.415467
550.544547
550.597103
550.603305
550.662271
550.709438
550.721549
550.72207
550.741895
550.975294
551.002797
551.014462
551.074016
551.176942
551.38181
551.428467
551.454915
551.515314
551.536843
551.550733
551.606316
551.670157
551.800768
551.856664
552.050834
552.1358
552.173885
552.17503
552.184276
552.203449
552.246348
552.283305
552.410582
552.519093
552.705187
552.762898
552.819728
552.880084
552.908534
553.04108
553.117515
553.119722
553.148583
553.201444
553.2703
553.290256
553.326826
553.379778
553.467088
553.507047
553.566836
553.656487
553.663047
553.693617
553.834489
553.868926
553.879092
553.888227
553.902407
553.906057
553.952449
554.03301
554.057087
554.078191
554.120915
554.344215
554.351719
554.381758
554.405184
554.425318
554.473268
554.487964
554.574676
554.68391
554.750033
554.774373
554.779422
554.860981
554.90732
555.012659
555.025431
555.09916
555.259204
555.267913
555.300017
555.389547
555.395593
555.457299
555.463775
555.467589
555.564576
555.567173
555.589764
555.647332
555.732876
555.741226
555.807189
555.872081
555.936521
555.979345
555.980579
555.989075
556.02543
556.035025
556.052143
556.06269
556.113554
556.314073
556.404408
556.657259
556.741256
556.769453
556.796007
556.945841
556.990366
557.035656
557.067468
557.06772
557.260104
557.435076
557.539048
557.662689
557.879735
557.926972
557.928597
557.992173
558.126301
558.193574
558.22819
558.234775
558.238547
558.355117
558.384779
558.394205
558.503522
558.528448
558.558249
558.610524
558.611505
558.664884
558.720716
558.812013
559.081967
559.118314
559.167826
559.193803
559.233143
559.242905
559.340938
559.435174
559.495207
559.606607
559.649774
559.6646
559.675492
559.738119
559.80646
559.82802
560.108549
560.167363
560.221707
560.336786
560.37889
560.40116
560.530127
560.570809
560.64133
560.802457
560.912987
560.969464
561.377706
561.524677
561.548266
561.937128
561.947492
562.272256
562.290581
562.310663
562.367781
562.40148
562.538545
562.547949
562.740539
562.85456
563.028317
563.068955
563.195147
563.442669
563.488886
563.500627
563.504781
563.587985
563.777135
563.792176
563.837504
564.043022
564.094635
564.269956
564.320531
564.369767
564.418579
564.475806
564.590046
564.633114
564.67466
564.768252
564.803462
564.912997
564.973345
564.974129
565.019652
565.25333
565.362147
565.376383
565.39565
565.491669
565.549402
565.551765
565.811987
565.863991
566.398343
566.429144
566.679651
566.873839
566.933704
566.982152
567.282103
567.403385
567.599704
567.619677
567.670954
567.783163
567.93064
568.005964
568.141575
568.275649
568.290586
568.446615
568.468284
568.494315
568.562252
568.721623
569.101595
569.161521
569.472132
569.540301
569.606379
569.696807
569.714847
569.736926
569.830229
569.909937
570.161673
570.187563
570.318937
570.689547
571.014756
571.178949
571.25076
571.430194
571.517359
571.998146
572.0432
572.241361
572.260409
572.396633
572.525861
572.545241
572.784755
572.918055
573.618394
573.634103
573.644543
573.677319
574.107991
574.161685
574.470957
575.016007
575.14588
575.242888
575.396514
575.482434
575.619507
576.544855
576.563663
577.264275
577.323387
577.509776
577.97029
578.269345
578.879969
578.950329
579.154358
579.589044
579.631539
580.090448
580.123199
580.308405
581.065178
581.092192
581.949229
583.422803
585.516147
585.601643
587.064085
587.452518
588.070902
588.527193
588.637432
588.71015
589.119582
589.283579
590.002305
590.405592
591.540545
591.847348
591.953496
592.472495
594.20067
594.423617
595.427198
595.857937
595.876002
595.880249
596.481845
596.642795
598.176663
601.445058
603.075828
603.162451
603.203907
604.535044
605.329231
605.383257
606.144887
606.52638
606.828488
610.734127
612.064088
613.672334
614.492568
615.583739
615.890518
617.851679
618.591553
619.16422
620.217567
622.987372
626.576395
627.178026
627.569465
627.984863
628.476672
632.341517
633.104651
634.641197
636.648455
639.519972
640.104632
645.30239
652.783753
657.120479
661.420543
663.88329
667.403876
671.319499
678.777828
683.658269
684.981675
687.3598
689.615239
692.324385
692.970149
697.817897
704.415783
715.187809
721.584439
723.56746
733.547217
736.800403
737.38518
742.131198
796.791257
796.932184
803.809213
1025.405114
1071.29635
1110.121548
1185.94713
2940.301161
