112.841838
122.988568
135.959294
137.749386
159.300657
161.395945
163.330596
163.573276
164.417577
164.42994
165.035137
165.061576
165.132622
165.246527
165.826069
165.961535
166.060284
166.265981
166.302248
166.31307
166.375712
166.44707
166.460706
166.501952
166.567718
166.628866
166.726222
166.79311
166.866427
166.971823
167.214742
167.298763
167.416776
167.439877
167.480875
167.528451
167.65906
167.756488
168.101584
168.196874
168.488599
168.610732
168.62861
168.811678
169.15133
169.37245
169.392687
169.660278
169.785534
169.821496
169.830918
169.871733
169.880561
170.075981
170.151897
170.234872
170.339738
170.403194
170.487583
170.52275
170.559385
170.611506
170.621817
170.655495
170.718562
170.917635
170.954749
171.178095
171.239862
171.413964
171.514322
171.539735
171.778478
171.878305
171.894098
172.152459
172.206792
172.291006
172.442763
172.595764
172.636619
172.678539
172.703598
172.878333
172.910544
172.987085
173.011246
173.090036
173.17317
173.214447
173.215191
173.244274
173.284089
173.315519
173.358589
173.371307
173.399918
173.480029
173.50232
173.52045
173.53123
173.621326
173.656015
173.683536
173.708451
173.727227
173.896505
173.923907
173.960855
173.979579
173.988093
174.016153
174.031119
174.074725
174.076284
174.130783
174.215941
174.311069
174.318963
174.319687
174.320289
174.342788
174.380026
174.413171
174.432476
174.442176
174.48182
174.534178
174.574458
174.633407
174.655496
174.682339
174.694074
174.715386
174.733511
174.806249
174.813633
174.841323
174.85676
174.984341
174.986543
175.006347
175.05927
175.093839
175.165999
175.168221
175.187201
175.240579
175.246085
175.306556
175.323019
175.366511
175.410822
175.429224
175.477184
175.511577
175.546207
175.565915
175.600519
175.612278
175.622376
175.63941
175.74969
175.799984
175.804192
175.871996
175.879237
175.988288
175.99546
176.032083
176.077149
176.083899
176.1001
176.126658
176.1331
176.137781
176.137883
176.177166
176.207144
176.243979
176.247119
176.302309
176.3523
176.367971
176.411196
176.411225
176.422209
176.422357
176.427438
176.430181
176.441374
176.443642
176.450912
176.459225
176.535847
176.536542
176.563373
176.565066
176.596548
176.611617
176.61646
176.618206
176.664947
176.689703
176.695025
176.728345
176.734533
176.735706
176.7731
176.79782
176.807135
176.851362
176.865393
176.882036
176.883055
176.902796
176.913217
176.921245
176.93255
176.945337
177.006736
177.009778
177.031544
177.033911
177.039814
177.050512
177.057298
177.061999
177.071998
177.079395
177.110201
177.110494
177.115949
177.120042
177.165463
177.169865
177.183528
177.21929
177.23096
177.233343
177.235262
177.325283
177.326705
177.35236
177.365208
177.402643
177.405687
177.41251
177.460062
177.486377
177.493261
177.503395
177.528633
177.534185
177.569752
177.571019
177.577264
177.612427
177.621531
177.623287
177.642515
177.657083
177.666161
177.677984
177.678046
177.689536
177.705667
177.707677
177.710598
177.729208
177.752541
177.797588
177.829067
177.885129
177.888429
177.912497
177.926187
177.939257
177.9496
177.952726
177.955147
177.982346
177.989062
178.008217
178.014383
178.024187
178.041469
178.046316
178.053378
178.100701
178.108326
178.126162
178.147625
178.150495
178.170179
178.170276
178.174028
178.190322
178.199524
178.203212
178.259116
178.298398
178.314041
178.325656
178.330359
178.331684
178.332728
178.335054
178.336523
178.337589
178.348616
178.372561
178.38107
178.392547
178.393987
178.400244
178.415474
178.420295
178.427987
178.44216
178.463434
178.47698
178.506138
178.528104
178.5355
178.544611
178.554293
178.599158
178.602481
178.634095
178.663842
178.663887
178.686307
178.688206
178.705041
178.710092
178.727269
178.749655
178.751542
178.774302
178.783243
178.802504
178.816577
178.820555
178.821864
178.823027
178.830976
178.872688
178.896465
178.898531
178.927337
178.95908
178.962845
178.989668
179.003002
179.009217
179.02055
179.024357
179.047972
179.055926
179.103777
179.10378
179.118167
179.121882
179.12536
179.12887
179.138757
179.147641
179.171156
179.188954
179.204512
179.217888
179.237756
179.250177
179.256002
179.256436
179.258491
179.264048
179.291715
179.293809
179.297256
179.299463
179.315121
179.333924
179.338857
179.341695
179.36205
179.379822
179.398273
179.409599
179.425038
179.427484
179.430075
179.446418
179.454681
179.459115
179.474625
179.491248
179.503406
179.515383
179.524928
179.53232
179.536433
179.573394
179.579686
179.606439
179.608009
179.611325
179.633029
179.640286
179.642911
179.644017
179.676034
179.681198
179.724087
179.73633
179.742518
179.762445
179.776555
179.781318
179.790869
179.79363
179.795134
179.825658
179.832969
179.851325
179.851384
179.872018
179.907522
179.914892
179.962161
179.970981
179.981256
180.003991
180.021958
180.022562
180.030896
180.038973
180.039994
180.06072
180.082146
180.087502
180.094991
180.103415
180.106464
180.11371
180.114163
180.153173
180.161875
180.162335
180.165899
180.182166
180.185519
180.198727
180.205844
180.205931
180.22173
180.230976
180.231371
180.249457
180.25297
180.25485
180.289744
180.292724
180.292907
180.296942
180.298172
180.300966
180.313457
180.328589
180.353256
180.368199
180.380331
180.408576
180.413486
180.444059
180.450571
180.45635
180.459382
180.471434
180.473887
180.499158
180.507797
180.508483
180.514842
180.518289
180.519775
180.520893
180.541585
180.548079
180.55147
180.555797
180.559188
180.56467
180.565878
180.575285
180.577881
180.582629
180.600802
180.611814
180.622298
180.671505
180.678582
180.69465
180.696288
180.701457
180.704269
180.707107
180.708247
180.71205
180.72897
180.736424
180.750399
180.7519
180.777249
180.782901
180.786386
180.790351
180.791842
180.792662
180.796593
180.82983
180.831208
180.834455
180.840818
180.847651
180.857077
180.86502
180.87193
180.876707
180.905761
180.917822
180.920189
180.923597
180.924556
180.939784
180.941063
180.953129
180.967574
180.977324
180.986772
180.988115
180.999476
181.00773
181.013195
181.01786
181.048265
181.048556
181.069438
181.071043
181.112073
181.116293
181.123897
181.127279
181.147689
181.154435
181.162132
181.18692
181.244825
181.268395
181.283788
181.288079
181.318367
181.364993
181.366513
181.368285
181.370481
181.374047
181.377099
181.379114
181.39005
181.397564
181.401541
181.405527
181.409572
181.42554
181.42637
181.444036
181.483748
181.489949
181.498431
181.500399
181.504496
181.505868
181.521441
181.535473
181.538238
181.549218
181.554778
181.556946
181.562708
181.567429
181.569883
181.582779
181.597694
181.6081
181.608313
181.635538
181.658093
181.671222
181.67184
181.680801
181.682539
181.706126
181.713581
181.730869
181.758327
181.760137
181.76399
181.77773
181.779559
181.797081
181.816804
181.817379
181.822451
181.82936
181.847512
181.856893
181.875339
181.87694
181.889216
181.892185
181.898186
181.902453
181.908837
181.911452
181.912759
181.914595
181.916709
181.926689
181.927704
181.934627
181.944103
181.949258
181.967778
181.969943
181.97684
181.981406
181.998851
182.008878
182.01677
182.017577
182.026761
182.031512
182.034346
182.037396
182.037526
182.039552
182.050134
182.096364
182.09918
182.101491
182.102052
182.106988
182.108367
182.125914
182.131736
182.134952
182.149074
182.15702
182.174577
182.182309
182.193455
182.208979
182.219157
182.221995
182.232123
182.239155
182.24742
182.260112
182.26167
182.265723
182.305888
182.318019
182.329711
182.340221
182.351738
182.353662
182.356365
182.377093
182.377861
182.384923
182.412184
182.420287
182.424442
182.430273
182.438496
182.448906
182.497908
182.50504
182.508672
182.512085
182.525086
182.526287
182.529047
182.537144
182.542961
182.549078
182.550032
182.550701
182.55911
182.562861
182.563114
182.566262
182.567224
182.568517
182.583424
182.584129
182.593297
182.595921
182.609208
182.631233
182.641268
182.650035
182.656992
182.679631
182.687364
182.694592
182.695799
182.697163
182.700725
182.710317
182.716942
182.725699
182.732005
182.752006
182.753026
182.769906
182.771406
182.780296
182.784214
182.793153
182.794675
182.812042
182.818821
182.832234
182.832913
182.838825
182.853016
182.865388
182.879665
182.880512
182.890545
182.898911
182.913955
182.949059
182.954157
182.957203
182.962566
182.96459
182.982187
182.985903
182.991221
183.015193
183.015851
183.022734
183.026021
183.03041
183.039321
183.039807
183.041484
183.054264
183.076019
183.096024
183.09716
183.099634
183.113253
183.121927
183.135011
183.146548
183.152227
183.155505
183.164712
183.182265
183.18465
183.185249
183.193734
183.210677
183.220446
183.22178
183.223208
183.232352
183.246224
183.251609
183.256495
183.260055
183.261781
183.277102
183.296811
183.298097
183.298129
183.346346
183.349185
183.351694
183.366089
183.371373
183.380132
183.388573
183.399403
183.401284
183.416707
183.417145
183.418168
183.426583
183.433597
183.436675
183.455985
183.457493
183.459092
183.45934
183.462217
183.47739
183.481966
183.4947
183.494807
183.501165
183.502719
183.504841
183.517558
183.522396
183.543948
183.552713
183.55822
183.560898
183.567744
183.57419
183.576255
183.583303
183.59347
183.599859
183.608258
183.624506
183.630706
183.638964
183.647753
183.650826
183.654245
183.674824
183.682062
183.684784
183.704222
183.705019
183.71032
183.71257
183.718373
183.718545
183.719471
183.729263
183.735404
183.748536
183.752501
183.752528
183.784617
183.786623
183.792696
183.800005
183.80768
183.808837
183.818334
183.826749
183.826889
183.832098
183.832804
183.839974
183.844886
183.846871
183.848619
183.851007
183.852185
183.85252
183.853607
183.864182
183.875274
183.875834
183.881422
183.883854
183.895128
183.895284
183.914714
183.918183
183.921492
183.930667
183.932557
183.941073
183.947225
183.949685
183.949901
183.976556
183.986311
183.986698
183.987206
184.005314
184.008642
184.011534
184.013862
184.019295
184.019525
184.025732
184.031401
184.047821
184.051207
184.055212
184.062819
184.076228
184.077757
184.089243
184.114961
184.115738
184.121973
184.129784
184.13034
184.138712
184.147082
184.149872
184.153325
184.158279
184.159047
184.160781
184.164722
184.167269
184.168443
184.168523
184.169796
184.174964
184.175619
184.192536
184.205602
184.20814
184.211357
184.216483
184.220776
184.226199
184.2325
184.241683
184.261077
184.271901
184.275451
184.280403
184.29109
184.296509
184.297189
184.317654
184.323191
184.325191
184.32622
184.333397
184.333619
184.337584
184.339466
184.340034
184.358114
184.362992
184.368519
184.371353
184.376745
184.377501
184.386396
184.386767
184.408055
184.409956
184.418486
184.423215
184.42553
184.449175
184.455245
184.459619
184.477792
184.481711
184.486418
184.493138
184.493419
184.508022
184.509017
184.509794
184.515851
184.533703
184.539613
184.560278
184.568372
184.585745
184.588299
184.600591
184.608839
184.61264
184.618195
184.641487
184.650289
184.654265
184.666818
184.667767
184.672763
184.67497
184.681534
184.683118
184.684047
184.69916
184.701226
184.711999
184.713164
184.713729
184.718234
184.72062
184.723549
184.728286
184.732182
184.734224
184.739792
184.744172
184.752679
184.754853
184.757786
184.759107
184.76335
184.777754
184.783471
184.787424
184.789526
184.797268
184.807296
184.816754
184.820593
184.823818
184.833577
184.834316
184.834354
184.841644
184.848151
184.850478
184.852849
184.854274
184.85796
184.860187
184.87854
184.882226
184.890879
184.8956
184.902596
184.907383
184.909764
184.917402
184.917596
184.924051
184.928755
184.933621
184.940003
184.945379
184.945613
184.949157
184.958535
184.960625
184.96709
184.976982
184.979072
184.98508
184.985804
184.986833
184.992749
184.993672
185.003442
185.004827
185.00522
185.005309
185.009167
185.009954
185.010913
185.012702
185.016112
185.019617
185.038824
185.041624
185.043699
185.044909
185.053218
185.066198
185.068366
185.080051
185.09058
185.093563
185.098387
185.106534
185.106612
185.11366
185.117132
185.123361
185.12449
185.127194
185.130146
185.141598
185.146614
185.148268
185.14831
185.160675
185.173331
185.180272
185.182801
185.188325
185.192096
185.195142
185.197872
185.206219
185.209208
185.21037
185.221426
185.223133
185.230779
185.233516
185.24198
185.242356
185.244841
185.252818
185.252877
185.263678
185.270812
185.27355
185.293792
185.305273
185.306725
185.323075
185.323876
185.330272
185.333213
185.335784
185.346402
185.3495
185.36393
185.370023
185.378374
185.380862
185.389308
185.396935
185.41754
185.438251
185.441408
185.456065
185.462892
185.469428
185.469713
185.475303
185.481703
185.506157
185.507435
185.509174
185.51996
185.52538
185.525599
185.537672
185.544827
185.548701
185.550004
185.552136
185.5546
185.555761
185.5615
185.569971
185.5814
185.584636
185.589421
185.609284
185.626027
185.629121
185.631109
185.633526
185.651839
185.663767
185.665248
185.674065
185.675234
185.678276
185.680343
185.681597
185.690655
185.699537
185.704921
185.708817
185.713288
185.714883
185.724515
185.737859
185.744587
185.747227
185.752745
185.758487
185.769972
185.776444
185.781171
185.788083
185.791198
185.791939
185.792647
185.794117
185.801095
185.804132
185.80466
185.806314
185.811877
185.814487
185.819783
185.832993
185.836711
185.83787
185.838188
185.868605
185.876614
185.87976
185.880392
185.882486
185.887726
185.888448
185.892168
185.913607
185.913651
185.914707
185.920576
185.922203
185.922349
185.925706
185.930452
185.931218
185.939287
185.942552
185.943602
185.95016
185.950706
185.951269
185.955568
185.969734
185.971683
185.975127
185.977359
185.979893
185.980796
185.988367
186.011384
186.014731
186.019963
186.022589
186.025957
186.026133
186.029628
186.036131
186.037418
186.037662
186.038544
186.05381
186.06098
186.062191
186.064509
186.076845
186.079347
186.084963
186.089641
186.091957
186.093948
186.106782
186.11383
186.116684
186.118506
186.119432
186.127154
186.13205
186.151352
186.157934
186.159037
186.163381
186.164025
186.171508
186.177035
186.182687
186.183445
186.183602
186.187286
186.192965
186.206444
186.211406
186.21321
186.215433
186.231705
186.232708
186.234872
186.246119
186.25057
186.254713
186.257032
186.25904
186.264639
186.266326
186.270436
186.270687
186.270832
186.273091
186.273236
186.277341
186.290801
186.2943
186.310021
186.332944
186.341388
186.345528
186.348473
186.357505
186.361882
186.370126
186.370568
186.372253
186.375488
186.379722
186.38873
186.388899
186.399236
186.400373
186.403334
186.407074
186.408414
186.420148
186.42033
186.429222
186.435939
186.453568
186.457248
186.459076
186.461248
186.468444
186.470632
186.481667
186.482014
186.482686
186.499525
186.502458
186.511309
186.51257
186.513261
186.513471
186.528328
186.529615
186.529838
186.530178
186.530977
186.5361
186.543079
186.550584
186.555516
186.563872
186.5639
186.56501
186.573496
186.574092
186.579684
186.582
186.595946
186.609724
186.611441
186.631657
186.631804
186.640109
186.641601
186.642593
186.678641
186.685164
186.685605
186.704157
186.705284
186.712306
186.713738
186.716569
186.728007
186.728621
186.737904
186.740958
186.74268
186.747989
186.774641
186.779654
186.788929
186.791753
186.798254
186.799802
186.801879
186.820231
186.824727
186.841651
186.848173
186.850098
186.850821
186.852143
186.8574
186.887378
186.89391
186.895288
186.896077
186.903511
186.908775
186.909068
186.909088
186.920657
186.924653
186.92522
186.933709
186.941498
186.94534
186.949177
186.953244
186.953712
186.9554
186.963237
186.970211
186.982837
186.988463
186.9887
187.0009
187.004304
187.005294
187.008556
187.011654
187.011916
187.018297
187.021515
187.03424
187.036526
187.037072
187.038768
187.052063
187.054938
187.060431
187.060454
187.061418
187.064068
187.074703
187.075435
187.096618
187.099894
187.115836
187.129059
187.132852
187.134671
187.144367
187.144386
187.152186
187.15457
187.155841
187.162645
187.174332
187.183549
187.20796
187.207962
187.208311
187.210708
187.215195
187.223631
187.224072
187.228403
187.247968
187.24947
187.251498
187.253676
187.256779
187.260983
187.262691
187.263081
187.279295
187.280262
187.291247
187.296986
187.301985
187.302683
187.302784
187.305538
187.309195
187.310945
187.334343
187.342174
187.356378
187.359974
187.367867
187.381676
187.385914
187.388964
187.392525
187.395493
187.395624
187.398922
187.403887
187.411072
187.413968
187.422837
187.424838
187.434023
187.437419
187.44806
187.463044
187.463702
187.467619
187.471062
187.497138
187.499531
187.509722
187.515413
187.516164
187.523616
187.524823
187.52612
187.529574
187.540237
187.54273
187.544455
187.558894
187.5674
187.570539
187.571525
187.572554
187.575422
187.575517
187.583492
187.587631
187.587741
187.587762
187.587948
187.605735
187.605931
187.614329
187.620991
187.623023
187.629656
187.632684
187.637679
187.638617
187.64932
187.664057
187.665031
187.671465
187.68985
187.70158
187.706812
187.710186
187.714338
187.722341
187.726077
187.729664
187.735527
187.736277
187.737366
187.742574
187.744527
187.747976
187.755226
187.770375
187.77626
187.780604
187.785082
187.789134
187.791811
187.79578
187.796067
187.809638
187.833171
187.833483
187.843145
187.846425
187.846709
187.848199
187.849219
187.857551
187.861949
187.870809
187.897145
187.932571
187.934349
187.936729
187.942407
187.944688
187.948246
187.948579
187.954554
187.960402
187.968344
187.974898
187.97944
187.981757
187.9837
187.98701
187.988049
187.988521
187.988705
187.994188
187.994477
188.003103
188.007775
188.007862
188.013367
188.022396
188.022403
188.025663
188.028209
188.032544
188.043546
188.050871
188.066896
188.071103
188.078259
188.092826
188.093051
188.093772
188.09717
188.099503
188.100042
188.135284
188.157686
188.157866
188.16459
188.174568
188.176198
188.177907
188.179378
188.181737
188.191528
188.200296
188.21515
188.217813
188.227827
188.228279
188.228297
188.234277
188.236291
188.262864
188.26297
188.269121
188.272552
188.27861
188.296288
188.299271
188.310884
188.323212
188.333864
188.333963
188.345723
188.351821
188.353471
188.364081
188.364647
188.366557
188.383395
188.384045
188.384252
188.384256
188.390373
188.393546
188.398247
188.398344
188.401985
188.405794
188.407392
188.412053
188.415585
188.415744
188.433163
188.452006
188.458106
188.461212
188.463675
188.468066
188.471919
188.472102
188.480617
188.480791
188.481604
188.485937
188.486322
188.48857
188.493619
188.506961
188.515806
188.516109
188.516567
188.520578
188.529933
188.541008
188.542965
188.552481
188.555385
188.558633
188.560159
188.571102
188.582534
188.587724
188.59911
188.606853
188.607269
188.614196
188.615764
188.622326
188.6274
188.642424
188.642968
188.644762
188.656793
188.657877
188.663664
188.667488
188.681853
188.688652
188.690533
188.694958
188.700009
188.702049
188.714369
188.719192
188.725222
188.725312
188.725985
188.729802
188.729854
188.730389
188.735765
188.746451
188.752684
188.762248
188.772087
188.780409
188.783579
188.78403
188.786332
188.787948
188.790595
188.790632
188.797131
188.803026
188.804401
188.818565
188.822768
188.823984
188.824624
188.826768
188.861785
188.867008
188.890077
188.89141
188.902733
188.902979
188.912576
188.914105
188.915304
188.91765
188.928153
188.944072
188.948406
188.95522
188.969052
188.970474
188.97185
188.974214
188.974596
188.981408
188.983263
188.984568
188.989792
188.991623
188.997261
189.004743
189.016848
189.027223
189.036511
189.040496
189.044666
189.061615
189.068114
189.073209
189.075174
189.079762
189.085263
189.088291
189.092796
189.093888
189.094021
189.094406
189.102361
189.104966
189.112166
189.119257
189.121388
189.123094
189.127777
189.128653
189.140801
189.153186
189.176043
189.182325
189.18279
189.185102
189.185781
189.187582
189.188455
189.191567
189.199159
189.205392
189.211072
189.213302
189.214671
189.226616
189.237913
189.243973
189.24759
189.251247
189.254553
189.254669
189.262274
189.262602
189.274887
189.300153
189.300241
189.311996
189.31325
189.315293
189.31547
189.321188
189.334599
189.358783
189.359957
189.366095
189.37102
189.372208
189.378544
189.381508
189.387921
189.395963
189.405407
189.407212
189.429589
189.476891
189.478682
189.482175
189.483918
189.499293
189.504413
189.507366
189.511815
189.514272
189.524393
189.528765
189.532867
189.534641
189.535795
189.55721
189.564018
189.574944
189.578692
189.581092
189.601071
189.605471
189.607212
189.608314
189.618833
189.619518
189.619609
189.619639
189.62018
189.637318
189.640606
189.643124
189.650493
189.65355
189.660549
189.663611
189.665924
189.670283
189.675155
189.684503
189.687594
189.700941
189.706447
189.707218
189.709629
189.730383
189.734131
189.745855
189.761169
189.762853
189.768813
189.780418
189.785717
189.790586
189.791338
189.793688
189.796904
189.803526
189.81266
189.817169
189.821273
189.826558
189.827578
189.835792
189.841827
189.842819
189.844312
189.85188
189.85361
189.853747
189.854197
189.856256
189.862733
189.867059
189.872907
189.873814
189.881166
189.886253
189.893261
189.903718
189.916694
189.91689
189.929165
189.930962
189.932039
189.933368
189.946254
189.953645
189.975662
189.985894
189.988608
189.992745
189.995802
189.998787
190.007532
190.010592
190.015769
190.019245
190.021816
190.031969
190.038144
190.038537
190.038877
190.044532
190.045324
190.049204
190.049513
190.051827
190.068767
190.070397
190.080599
190.08421
190.094608
190.107607
190.113101
190.116145
190.116477
190.117196
190.123465
190.125973
190.128624
190.13741
190.143825
190.145293
190.150744
190.155803
190.157032
190.159294
190.162568
190.167632
190.170439
190.186654
190.198669
190.206741
190.218177
190.227978
190.229993
190.230753
190.232923
190.233853
190.235153
190.252514
190.254597
190.256993
190.270093
190.287453
190.297842
190.298529
190.303433
190.313232
190.340467
190.341909
190.351796
190.357672
190.361252
190.363139
190.378758
190.388472
190.400522
190.4099
190.429576
190.440073
190.440612
190.471181
190.473819
190.476378
190.477577
190.482213
190.485531
190.492876
190.51315
190.514824
190.527478
190.533148
190.535777
190.537752
190.542623
190.543434
190.554315
190.556493
190.562512
190.582143
190.583782
190.594835
190.606186
190.616647
190.623043
190.628575
190.633159
190.633234
190.643152
190.645935
190.646528
190.647688
190.652266
190.65453
190.658126
190.668703
190.672794
190.678322
190.695155
190.703274
190.708829
190.713655
190.714417
190.715976
190.717997
190.72394
190.740106
190.752455
190.755823
190.762694
190.767621
190.769955
190.770402
190.770606
190.778647
190.789646
190.795151
190.796566
190.819075
190.820031
190.829374
190.835522
190.835902
190.839228
190.845358
190.851077
190.857541
190.857727
190.865567
190.867124
190.868359
190.870943
190.883019
190.883799
190.89264
190.895121
190.896471
190.898027
190.911532
190.925839
190.949448
190.955312
190.959438
190.967885
190.967943
190.978723
190.97951
190.983465
190.991045
191.003382
191.021524
191.029237
191.039001
191.039638
191.047578
191.055057
191.07437
191.07889
191.080294
191.101627
191.120065
191.125434
191.134538
191.135755
191.137196
191.141824
191.161531
191.165964
191.174867
191.185749
191.188904
191.202019
191.211548
191.213835
191.216266
191.217322
191.220233
191.230054
191.233008
191.23535
191.238201
191.248646
191.267295
191.268374
191.277807
191.285463
191.295831
191.298168
191.30231
191.313532
191.314767
191.319519
191.335394
191.337078
191.341671
191.342876
191.3561
191.367679
191.370391
191.371137
191.374469
191.390064
191.392183
191.403005
191.405366
191.411216
191.429019
191.432593
191.442464
191.468421
191.470067
191.473602
191.489933
191.491812
191.502616
191.502663
191.522412
191.525138
191.525839
191.529869
191.53149
191.537896
191.546035
191.551001
191.551563
191.551601
191.558877
191.601464
191.606195
191.612103
191.633378
191.63409
191.634722
191.648197
191.675188
191.683069
191.6934
191.720109
191.721655
191.726822
191.72961
191.735109
191.750771
191.756906
191.761791
191.767333
191.769858
191.7875
191.796277
191.803304
191.819093
191.842396
191.847165
191.849602
191.852218
191.867891
191.870546
191.886194
191.89818
191.934185
191.941077
191.945987
191.959358
191.969994
191.971463
191.972594
191.976312
192.000118
192.000643
192.001692
192.012106
192.024377
192.041523
192.042819
192.04917
192.058511
192.06145
192.068194
192.068472
192.070785
192.07152
192.072578
192.086189
192.086976
192.088516
192.090388
192.095088
192.09712
192.09739
192.115152
192.143357
192.148054
192.157641
192.213428
192.218229
192.218954
192.222209
192.224764
192.230535
192.23075
192.235135
192.249035
192.25142
192.255159
192.25898
192.271885
192.276211
192.278056
192.279142
192.284968
192.296727
192.302251
192.304834
192.324526
192.331208
192.331656
192.339617
192.343876
192.354228
192.380909
192.383814
192.391772
192.40548
192.407242
192.418317
192.450574
192.454504
192.459145
192.470809
192.473661
192.486517
192.48892
192.497761
192.50547
192.509664
192.510881
192.511967
192.514994
192.521534
192.528405
192.559021
192.561362
192.564922
192.567445
192.569832
192.574116
192.577089
192.583246
192.596373
192.606993
192.609171
192.614094
192.62475
192.653627
192.658338
192.670573
192.678335
192.681917
192.688576
192.691801
192.705925
192.71839
192.734448
192.745568
192.750771
192.783152
192.79181
192.796731
192.80953
192.823283
192.826437
192.840117
192.840875
192.846615
192.854385
192.863209
192.924806
192.928611
192.932823
192.943131
192.943173
192.947181
192.955472
192.960882
193.003676
193.005812
193.012763
193.012776
193.014919
193.047005
193.048285
193.071759
193.078859
193.086083
193.09769
193.108093
193.109087
193.113187
193.130689
193.131283
193.140061
193.170288
193.177989
193.18253
193.187886
193.19756
193.200112
193.225014
193.229128
193.24783
193.250925
193.279575
193.304242
193.340833
193.344776
193.360365
193.365712
193.377043
193.377796
193.402974
193.403375
193.425039
193.437413
193.438458
193.439417
193.440016
193.444155
193.460402
193.460786
193.466973
193.469056
193.495233
193.512634
193.533078
193.534417
193.548449
193.550259
193.565172
193.580557
193.580746
193.585777
193.598541
193.60419
193.620154
193.630035
193.631411
193.642624
193.658894
193.663507
193.685841
193.706614
193.724157
193.725259
193.731654
193.734531
193.739687
193.768453
193.773109
193.782665
193.798501
193.808331
193.814846
193.816942
193.828334
193.879272
193.897394
193.921425
193.930085
193.936053
193.96227
193.962605
193.965166
193.966451
193.978743
193.980583
193.992868
193.998687
194.003901
194.006101
194.013113
194.014708
194.027107
194.035929
194.043653
194.054595
194.063041
194.073839
194.126502
194.126924
194.16497
194.195122
194.196609
194.200189
194.206281
194.212794
194.227969
194.229355
194.240296
194.269104
194.271861
194.280982
194.299986
194.308594
194.311109
194.315925
194.31781
194.371244
194.391217
194.405707
194.421146
194.422847
194.487001
194.493149
194.495594
194.508812
194.5108
194.511929
194.521695
194.535402
194.544377
194.558693
194.566076
194.572316
194.579407
194.619926
194.655769
194.704293
194.706557
194.712929
194.722577
194.785273
194.804585
194.80668
194.814657
194.84353
194.86029
194.863761
194.877054
194.884761
194.895234
194.926308
194.939779
194.941243
194.943082
194.996596
195.047011
195.047254
195.060307
195.073071
195.077062
195.082051
195.10377
195.115919
195.134826
195.138926
195.160077
195.19408
195.212479
195.296218
195.300236
195.301089
195.316633
195.343494
195.353314
195.361596
195.395658
195.401756
195.419693
195.427388
195.436782
195.44895
195.451382
195.48971
195.498561
195.518279
195.519405
195.520179
195.543137
195.550495
195.556621
195.569631
195.572146
195.659915
195.674225
195.693523
195.736502
195.773924
195.783213
195.791101
195.808195
195.822196
195.860234
195.867194
195.887758
195.892946
195.893852
195.896143
195.905747
195.920658
195.964392
195.994468
196.037831
196.109489
196.169005
196.184012
196.185987
196.202365
196.220183
196.22028
196.244616
196.291617
196.295026
196.295642
196.301239
196.357115
196.366731
196.395604
196.41489
196.534252
196.545327
196.548928
196.556972
196.668599
196.673639
196.723623
196.738683
196.762694
196.829912
196.868914
196.877422
196.887422
196.933539
196.968895
197.029952
197.046205
197.093176
197.118398
197.192139
197.206905
197.233664
197.248484
197.348966
197.354843
197.381692
197.391221
197.401192
197.414865
197.45082
197.483597
197.537154
197.575826
197.690472
197.704009
197.721527
197.745646
197.762608
197.870794
197.891143
197.909631
197.919745
197.94701
197.951517
197.956737
197.994494
198.004535
198.031067
198.052944
198.100571
198.132898
198.172979
198.233988
198.235355
198.23644
198.242411
198.328258
198.358365
198.369213
198.396078
198.411142
198.411514
198.449935
198.463051
198.479535
198.487633
198.52958
198.544623
198.545674
198.576271
198.775047
198.776703
198.787222
198.792603
198.794798
198.809017
198.820094
198.829953
198.859594
198.866798
198.924534
199.0512
199.149166
199.170642
199.191326
199.220346
199.261742
199.305414
199.317358
199.334397
199.350605
199.36577
199.413109
199.601577
199.65454
199.735018
199.735692
199.73993
199.754908
199.8077
199.822394
199.843537
199.864435
199.874061
200.11067
200.129914
200.606905
200.617349
200.679798
200.683998
200.719308
200.837899
200.885415
200.887737
200.920529
200.987784
200.997082
201.375832
201.405878
201.614009
201.66681
201.889926
201.999978
202.042896
202.066634
202.120082
202.152617
202.259735
202.317471
202.495344
202.532782
202.587216
202.617508
202.694883
202.796999
202.869178
203.052456
203.067399
203.07204
203.247196
203.271091
203.311993
203.540003
203.621967
203.670058
203.689226
203.723943
204.051403
204.298798
204.324406
204.421684
204.533302
204.673475
204.77349
204.817137
204.883297
205.061145
205.155564
205.170843
205.184517
205.267552
205.327622
205.829243
205.885925
205.891787
205.93171
205.942367
205.964359
206.030672
206.254961
206.45948
206.556058
206.807192
206.976215
206.986996
207.16966
207.351686
208.114019
208.633248
208.651319
208.846218
209.247136
209.385733
210.288929
210.886637
211.339231
211.39056
212.512669
213.957613
218.39835
218.607606
219.251917
220.573445
228.080844
229.613361
232.468091
233.508156
236.308996
240.659447
248.773779
249.287141
250.754501
261.892292
269.842227
275.366645
275.834741
288.195956
292.04531
299.75913
306.603769
308.612616
347.188165
376.678755
421.18475
464.041805
507.96356
592.163467
987.635666
