2.883444
8.310562
9.254629
11.171688
11.65248
12.198646
12.24837
12.426342
14.238948
14.421544
17.069619
17.396695
17.40536
17.423648
18.411173
19.112865
19.211083
19.263787
20.356858
20.560163
21.871579
22.290617
22.472744
23.418593
24.242086
25.991957
27.550959
27.692892
27.948722
28.211334
28.811414
32.087524
33.592277
34.988412
37.746491
37.923671
38.587409
42.399517
50.161898
58.97659
62.175318
63.646922
79.605132
89.035699
107.435289
115.4888
117.180538
124.371736
142.718525
143.598366
144.157246
144.704396
145.236008
146.350564
146.396897
146.713156
146.731706
146.799401
147.315762
148.318083
148.50699
148.507256
148.521871
148.536201
149.622013
150.121558
150.411905
150.453873
150.770697
150.785364
151.143447
151.264184
151.406635
151.650898
152.552637
154.003724
154.200805
155.121519
155.178294
155.478804
155.721207
156.102948
156.385232
157.078231
158.463827
160.730653
161.133584
162.068288
162.280466
162.436699
163.861059
164.646685
165.019841
165.576023
165.824726
165.900691
165.903976
166.765389
167.329031
167.671218
168.34054
168.897784
169.799861
170.794276
171.072918
171.421397
172.318185
172.903739
172.927854
173.135133
173.204903
173.630034
173.763364
174.611571
174.696161
174.882977
175.056529
175.140231
175.172065
175.530382
175.607274
175.69537
175.795477
176.817981
177.275747
177.278047
178.107965
178.318433
178.448198
178.506639
178.980599
178.999635
179.318069
179.840626
179.887903
180.355125
180.495152
180.678835
180.81037
180.87742
180.879511
180.930384
181.036985
181.284034
181.434383
181.798113
181.885572
182.155589
182.159236
182.294393
182.321257
182.566856
182.606557
182.785275
182.79572
183.062841
183.400863
183.678992
183.756733
183.920124
184.550654
184.744136
184.90627
184.91594
185.050184
185.144696
185.358738
185.419274
185.867284
185.935135
185.944067
186.117339
186.226082
186.467092
186.56976
186.601637
186.992752
187.544879
187.592224
189.001944
189.368586
189.407773
189.47217
189.488391
189.556828
189.622989
189.828288
190.432328
190.942512
191.65412
192.326975
193.310535
193.355194
194.029217
194.343591
196.457327
201.038177
201.680336
215.325391
227.936051
234.01455
265.42903
274.673417
331.403375
6529.162914
10802.089625
10802.098438
10802.123701
10802.15723
10802.177004
10802.203468
10802.21615
10802.217356
10802.227368
10802.285893
10802.344828
86403.091414
