2.883444
9.254629
142.718525
144.157246
145.236008
146.396897
148.50699
148.507256
150.411905
150.770697
150.785364
151.264184
154.003724
155.121519
155.478804
155.721207
162.068288
162.280466
162.436699
163.861059
164.646685
165.824726
165.900691
165.903976
167.329031
167.671218
168.34054
171.072918
171.421397
172.318185
172.903739
172.927854
173.135133
173.204903
173.630034
173.763364
174.696161
174.882977
175.530382
177.275747
177.278047
178.506639
179.318069
179.840626
180.930384
181.434383
182.294393
182.606557
183.678992
183.756733
184.744136
189.001944
189.828288
193.310535
215.325391
234.01455
331.403375
