170.201619
174.051904
174.187186
174.362081
175.881594
176.428727
176.936949
177.576109
178.109773
178.524565
178.581197
178.913717
179.680586
180.513422
181.39132
181.906271
182.80987
183.266002
183.784929
183.922811
184.074432
184.458594
185.343962
186.217723
187.842633
188.579826
190.099691
190.673348
190.820523
190.99514
199.260614
235.403099
241.205247
241.242871
241.85967
245.420781
246.861718
253.720841
261.300081
261.340787
262.831962
263.583796
267.42152
267.483389
268.553092
268.996304
269.680862
271.617773
271.878287
273.148785
274.807605
276.318999
276.965248
277.839667
277.994449
281.511093
282.465869
283.769429
284.357505
284.549726
284.556398
287.050034
287.402455
288.337783
288.836228
288.875314
288.879861
289.014938
289.544552
289.78529
291.068429
291.237864
291.259859
291.57992
291.940443
292.294085
292.375438
292.48465
293.273004
294.05212
294.117214
294.24897
294.321005
294.44706
294.836344
295.299641
295.930017
296.375018
297.190777
297.535755
297.95293
298.078856
298.103158
298.11386
298.224872
298.330362
298.397843
298.426037
298.436785
298.577235
298.770761
298.776553
298.988603
299.327766
299.566651
299.82607
299.994469
300.00184
300.331939
300.445124
300.71429
300.728454
301.021533
301.024926
301.068558
301.441772
301.469824
301.546933
301.701474
301.742964
301.788631
301.797458
301.81862
301.851621
301.868734
302.030339
302.201458
302.325911
302.32857
302.339345
302.360088
302.398007
302.562357
302.6603
302.782353
302.843419
302.871134
302.96015
302.98788
303.087688
303.133541
303.287576
303.309302
303.367853
303.441378
303.595125
303.660105
303.689102
303.812816
303.83054
303.871228
303.886882
303.917419
303.939276
303.942894
303.962107
304.01895
304.034487
304.101609
304.278597
304.32851
304.360573
304.381784
304.395109
304.630847
304.687853
304.757326
304.757845
304.80988
304.829237
304.851388
304.99907
305.024005
305.232147
305.290485
305.323198
305.390652
305.452786
305.620935
305.710818
305.811832
305.814158
305.853456
305.864699
305.868213
305.922492
305.923285
305.967122
305.987919
306.017632
306.124107
306.137669
306.158555
306.186537
306.236762
306.246591
306.280474
306.332864
306.383286
306.392153
306.423333
306.45788
306.478497
306.478609
306.511185
306.513234
306.586652
306.600559
306.627634
306.631033
306.653805
306.780229
306.815994
306.861645
306.863603
307.019596
307.05953
307.079523
307.102937
307.146931
307.263748
307.282053
307.290834
307.318731
307.381693
307.402808
307.408202
307.417339
307.45249
307.586157
307.649528
307.661014
307.72146
307.760044
307.862664
307.865898
307.898393
307.912911
307.948942
307.982819
307.988346
308.0177
308.092713
308.197957
308.238924
308.242704
308.310385
308.318421
308.364141
308.371067
308.380045
308.434206
308.437675
308.442478
308.445048
308.498608
308.50896
308.571926
308.587954
308.669125
308.696716
308.709523
308.717951
308.74546
308.798804
308.812375
308.818693
308.833628
308.885195
308.888779
308.890828
308.903037
308.920249
308.929197
308.97013
308.988126
308.994516
309.006251
309.010569
309.021113
309.04945
309.119831
309.152426
309.261666
309.27136
309.279331
309.281482
309.294984
309.378439
309.392682
309.403894
309.412317
309.431155
309.443973
309.446608
309.478181
309.509667
309.540554
309.540995
309.591916
309.606914
309.68211
309.700141
309.712773
309.76934
309.783822
309.788814
309.793873
309.81443
309.845657
309.877885
309.918115
309.967285
309.9762
310.004115
310.004581
310.020958
310.028163
310.029587
310.038928
310.08977
310.147141
310.161139
310.244861
310.264978
310.277943
310.283538
310.309995
310.399934
310.451552
310.464715
310.473717
310.480398
310.535952
310.65332
310.670573
310.670884
310.674805
310.681484
310.813933
310.832382
310.837379
310.857877
310.874251
310.900556
310.91463
310.959969
311.010925
311.02719
311.071938
311.089594
311.100198
311.1235
311.140052
311.222449
311.235182
311.237252
311.278005
311.281901
311.317553
311.349746
311.35199
311.376714
311.381623
311.407623
311.434764
311.482504
311.588087
311.646567
311.688179
311.706351
311.709749
311.710608
311.776991
311.78268
311.8046
311.813854
311.814107
311.864381
311.864959
311.872325
311.877939
311.885815
311.886192
311.886571
311.94605
312.012829
312.071984
312.086632
312.090451
312.098339
312.112234
312.134528
312.134615
312.153893
312.165798
312.167331
312.167576
312.169608
312.223327
312.234462
312.249006
312.278145
312.291377
312.305232
312.307181
312.309403
312.331931
312.339006
312.365341
312.370396
312.371397
312.415685
312.430924
312.459072
312.524732
312.567816
312.587952
312.591028
312.593925
312.597727
312.614567
312.618744
312.629505
312.63269
312.664956
312.687228
312.706348
312.714584
312.776959
312.7998
312.800753
312.822775
312.837343
312.837592
312.849793
312.858505
312.881477
312.890201
312.919806
312.930096
312.941742
312.952863
312.979104
312.999377
313.035264
313.042664
313.065173
313.09846
313.101555
313.103336
313.123227
313.136935
313.165947
313.253336
313.288175
313.291253
313.323117
313.337302
313.357158
313.372371
313.374434
313.396463
313.447039
313.46498
313.503752
313.510655
313.551514
313.586452
313.598282
313.601479
313.629812
313.635655
313.641312
313.663142
313.666517
313.672659
313.692657
313.730125
313.75373
313.769972
313.809023
313.82312
313.835298
313.841276
313.863899
313.877242
313.910152
313.978387
313.979807
313.989308
313.992214
314.001751
314.010894
314.034306
314.052586
314.073293
314.10629
314.123892
314.161116
314.190531
314.192889
314.199274
314.201998
314.219449
314.240841
314.24356
314.26538
314.277242
314.285935
314.293975
314.301963
314.308275
314.311654
314.32847
314.334016
314.336389
314.347936
314.353512
314.355497
314.364731
314.368903
314.369662
314.461624
314.464317
314.481021
314.514145
314.534288
314.548264
314.563948
314.569183
314.572915
314.582391
314.589362
314.623966
314.637749
314.657653
314.665302
314.686412
314.698771
314.710177
314.710903
314.734139
314.744736
314.744948
314.756034
314.768638
314.822138
314.823978
314.830612
314.831709
314.841101
314.849074
314.874462
314.874783
314.874995
314.883688
314.901075
314.911939
314.919641
314.937737
314.956386
314.95926
314.971047
314.972969
314.973473
315.025432
315.072593
315.074263
315.083362
315.08925
315.090023
315.098179
315.104159
315.155927
315.165019
315.175823
315.194163
315.194178
315.203716
315.237522
315.239794
315.240115
315.256868
315.273762
315.314361
315.319165
315.327324
315.329763
315.354277
315.355196
315.366451
315.371648
315.405008
315.414524
315.43556
315.437656
315.445151
315.457649
315.491
315.519795
315.535033
315.54768
315.551857
315.571557
315.597633
315.626685
315.62683
315.650275
315.659796
315.661017
315.66563
315.668743
315.671579
315.697439
315.698641
315.699298
315.752782
315.756829
315.762043
315.78686
315.788215
315.820571
315.824931
315.839747
315.845952
315.851913
315.85734
315.886976
315.964812
315.988862
315.994193
315.99796
316.009048
316.015012
316.018778
316.058047
316.058572
316.074735
316.087115
316.102058
316.112059
316.118089
316.12149
316.123352
316.124969
316.128984
316.130934
316.137625
316.152679
316.164301
316.17565
316.198403
316.199654
316.221676
316.226553
316.226745
316.22779
316.24365
316.258225
316.276422
316.308395
316.311981
316.313987
316.346436
316.353915
316.35731
316.359735
316.364298
316.376879
316.395178
316.408755
316.414338
316.415401
316.418367
316.420288
316.431943
316.463285
316.467453
316.467534
316.48705
316.49424
316.522957
316.550228
316.557861
316.560225
316.560686
316.57272
316.591963
316.606344
316.609026
316.64901
316.688258
316.696276
316.722391
316.72399
316.740056
316.760169
316.817341
316.820501
316.835897
316.869177
316.875848
316.885769
316.889825
316.90384
316.907904
316.924687
316.928438
316.936544
316.956912
316.988065
317.009955
317.029703
317.040201
317.051445
317.059988
317.072672
317.081974
317.082535
317.090955
317.111747
317.124152
317.13401
317.153368
317.155236
317.158718
317.183045
317.210948
317.213843
317.22715
317.251865
317.277646
317.280981
317.294683
317.298923
317.309163
317.309962
317.311498
317.31747
317.322585
317.326457
317.340058
317.347756
317.355198
317.365358
317.377259
317.388066
317.395354
317.408598
317.423432
317.426505
317.442127
317.46884
317.479583
317.482336
317.50221
317.52011
317.540938
317.547503
317.548567
317.561004
317.568449
317.579835
317.586458
317.59101
317.600066
317.64046
317.64386
317.671498
317.675967
317.682288
317.683283
317.696981
317.735751
317.738184
317.74849
317.776118
317.782901
317.78637
317.802528
317.803234
317.807698
317.817662
317.818996
317.820234
317.82566
317.828784
317.855617
317.878511
317.888726
317.909889
317.922922
317.926037
317.936644
317.95552
317.959788
317.964975
317.972091
317.976255
317.981138
317.986479
317.999858
318.027961
318.035005
318.035395
318.050841
318.072644
318.072952
318.099259
318.102015
318.118385
318.13013
318.143763
318.162114
318.177957
318.182733
318.184966
318.193439
318.19624
318.219332
318.232922
318.244648
318.249937
318.255744
318.263878
318.277015
318.311092
318.316044
318.319147
318.337797
318.345092
318.376309
318.381794
318.384979
318.385123
318.407356
318.408255
318.412722
318.414026
318.419863
318.423549
318.467876
318.469356
318.494743
318.511509
318.522654
318.568037
318.593192
318.617048
318.623265
318.632848
318.634006
318.634939
318.660838
318.661027
318.704076
318.71195
318.721748
318.726578
318.729579
318.741558
318.776959
318.79739
318.851821
318.861718
318.862965
318.870035
318.871512
318.872982
318.875788
318.931937
318.932549
318.952187
318.964126
318.98283
318.986626
318.998684
319.023725
319.026669
319.027325
319.031186
319.035006
319.049064
319.065232
319.065922
319.130719
319.174891
319.185735
319.188276
319.198365
319.203466
319.20571
319.241865
319.24263
319.244736
319.252223
319.261156
319.261281
319.281664
319.314098
319.31513
319.322734
319.325319
319.327519
319.338522
319.343068
319.34595
319.353672
319.377461
319.38252
319.401938
319.42057
319.433672
319.450052
319.46037
319.473785
319.503139
319.504081
319.507608
319.513128
319.524368
319.527902
319.538008
319.56413
319.570272
319.587853
319.589212
319.600022
319.608649
319.611323
319.623503
319.642515
319.647467
319.652432
319.681106
319.697316
319.702322
319.721735
319.742901
319.748456
319.780947
319.784894
319.785922
319.792807
319.823054
319.825562
319.832141
319.842373
319.849253
319.852398
319.854901
319.860895
319.884708
319.884922
319.889998
319.896029
319.928208
319.929241
319.932933
319.940719
319.957807
319.960332
320.01839
320.02981
320.037264
320.045792
320.050775
320.053277
320.053516
320.05363
320.054186
320.068089
320.101021
320.112346
320.139305
320.140217
320.141625
320.143588
320.154626
320.17243
320.185203
320.190197
320.196264
320.197236
320.208676
320.244175
320.245219
320.245377
320.258376
320.275264
320.297392
320.300106
320.305371
320.314575
320.318132
320.322208
320.323687
320.36415
320.36484
320.367851
320.368569
320.389765
320.397608
320.404401
320.407489
320.418295
320.419914
320.424345
320.430563
320.437678
320.442623
320.455972
320.4628
320.468257
320.47993
320.498498
320.500973
320.503422
320.509239
320.528007
320.565704
320.581685
320.58637
320.588465
320.598766
320.603788
320.614661
320.616447
320.629109
320.641854
320.647236
320.666373
320.670474
320.677272
320.682208
320.690656
320.701687
320.701976
320.722584
320.740906
320.741572
320.746055
320.779707
320.779756
320.807151
320.818043
320.847895
320.856098
320.861037
320.862756
320.879864
320.891057
320.906111
320.914863
320.921575
320.925746
320.935942
320.938403
320.938748
320.955527
320.965257
320.965876
321.003477
321.013547
321.015289
321.017147
321.019307
321.048772
321.060525
321.061808
321.098227
321.101773
321.112839
321.114106
321.122142
321.129335
321.133494
321.142847
321.145243
321.171285
321.172454
321.194193
321.215941
321.237721
321.241397
321.248777
321.268416
321.276523
321.278049
321.287543
321.298075
321.299823
321.306828
321.307018
321.307873
321.319614
321.328157
321.334366
321.389214
321.390968
321.394913
321.407234
321.40844
321.429547
321.438254
321.445979
321.450742
321.451178
321.456381
321.456725
321.463951
321.478572
321.486987
321.493203
321.499863
321.511131
321.513837
321.51692
321.517878
321.538107
321.548273
321.559029
321.580946
321.596992
321.607405
321.642589
321.64485
321.646385
321.653628
321.663234
321.66733
321.676051
321.734423
321.74193
321.758995
321.761961
321.804828
321.805562
321.827488
321.829017
321.83662
321.850748
321.873081
321.922299
321.943444
321.955546
321.962109
321.968981
321.990178
322.000242
322.011356
322.013611
322.016012
322.035864
322.04374
322.063727
322.067977
322.071599
322.083783
322.117791
322.124628
322.130285
322.142112
322.155042
322.161252
322.161708
322.169563
322.189387
322.200953
322.233597
322.23748
322.238507
322.244658
322.249627
322.259738
322.275286
322.276107
322.277243
322.277955
322.31768
322.318844
322.335002
322.357305
322.363288
322.373867
322.387033
322.43019
322.436218
322.436442
322.437839
322.466431
322.497028
322.499625
322.50698
322.514513
322.547321
322.555244
322.573747
322.580145
322.593165
322.61326
322.615273
322.631885
322.63699
322.645967
322.649909
322.649947
322.658976
322.674396
322.675241
322.691805
322.722524
322.738603
322.740948
322.750899
322.754821
322.763946
322.784386
322.78614
322.795894
322.812697
322.82981
322.880447
322.894348
322.920271
322.92814
322.94317
322.956958
322.957756
323.038238
323.052317
323.052507
323.052847
323.061564
323.085769
323.120803
323.126179
323.154272
323.155145
323.157483
323.164451
323.165448
323.174922
323.175149
323.187018
323.202613
323.243685
323.250931
323.25749
323.268667
323.269151
323.292495
323.300768
323.304229
323.312588
323.357785
323.360034
323.367585
323.386779
323.410253
323.41153
323.414175
323.440752
323.448494
323.456589
323.474674
323.511098
323.518378
323.523977
323.535293
323.576279
323.589029
323.58993
323.600437
323.616104
323.6182
323.628778
323.629142
323.64148
323.646858
323.650609
323.656936
323.665292
323.666849
323.683679
323.686159
323.717276
323.738749
323.749725
323.771477
323.77546
323.775582
323.78011
323.79309
323.815987
323.829711
323.841411
323.842943
323.852323
323.859626
323.864474
323.877404
323.885319
323.923908
323.938907
323.97762
323.978177
323.991247
323.991661
324.000987
324.016053
324.02622
324.063087
324.067995
324.072549
324.081764
324.09259
324.103797
324.11775
324.128378
324.133115
324.145775
324.146907
324.154201
324.159745
324.179876
324.197756
324.215565
324.218886
324.239545
324.272915
324.280552
324.300873
324.302974
324.307073
324.341695
324.349266
324.358099
324.363031
324.37812
324.390317
324.390545
324.411644
324.450574
324.476267
324.477225
324.534317
324.535873
324.536806
324.543278
324.571127
324.57834
324.582362
324.593828
324.606946
324.619678
324.64382
324.645673
324.665313
324.675944
324.679093
324.68102
324.689479
324.691982
324.695034
324.697599
324.699045
324.702413
324.707035
324.719072
324.734194
324.735877
324.736649
324.740818
324.751257
324.771305
324.780796
324.784683
324.787192
324.856298
324.860204
324.878123
324.881479
324.885569
324.889197
324.902293
324.911417
324.92873
324.934497
324.942212
324.962301
324.988935
324.995246
324.999259
325.003173
325.049502
325.057037
325.067943
325.080207
325.091797
325.09313
325.097299
325.12129
325.133385
325.133939
325.14069
325.146035
325.168567
325.175983
325.178097
325.225612
325.248685
325.253423
325.268249
325.283931
325.287658
325.290635
325.313377
325.323215
325.33811
325.351062
325.351399
325.353416
325.357523
325.358169
325.373627
325.377808
325.378762
325.380474
325.469446
325.497488
325.500574
325.502166
325.514984
325.54999
325.564168
325.575859
325.605806
325.614605
325.654964
325.677164
325.697806
325.717986
325.728604
325.733407
325.73743
325.744757
325.746666
325.759425
325.763745
325.796279
325.798618
325.815364
325.842888
325.851338
325.854062
325.875254
325.878371
325.914122
325.926219
325.934313
325.934904
325.935251
325.936207
325.941241
325.947671
325.953423
325.977094
325.97711
325.988871
325.998831
326.018561
326.019281
326.020283
326.04607
326.052386
326.059686
326.085512
326.087413
326.088553
326.091071
326.094816
326.099864
326.10262
326.111127
326.11282
326.117013
326.124092
326.141404
326.154187
326.154559
326.158205
326.166395
326.171929
326.181048
326.188884
326.223457
326.266254
326.283573
326.304014
326.310205
326.334425
326.339514
326.351975
326.365035
326.367207
326.384095
326.388384
326.392521
326.397854
326.405802
326.421358
326.427562
326.43148
326.450344
326.455063
326.457953
326.480619
326.484668
326.491742
326.495373
326.514793
326.518634
326.529878
326.538919
326.550395
326.563872
326.572028
326.590038
326.609471
326.610174
326.613762
326.635901
326.636947
326.646075
326.664373
326.669648
326.67242
326.721538
326.724113
326.725916
326.72963
326.733043
326.738571
326.741074
326.747698
326.76356
326.80616
326.822545
326.826149
326.842889
326.866506
326.878787
326.887388
326.903677
326.91536
326.915878
326.93171
326.936025
326.956398
326.976086
327.001757
327.031023
327.042625
327.043509
327.05569
327.058898
327.06216
327.064775
327.066538
327.075064
327.077419
327.153047
327.182573
327.18872
327.226932
327.261639
327.275674
327.304653
327.312314
327.343967
327.362194
327.377715
327.378982
327.379104
327.379997
327.382402
327.385747
327.402122
327.407738
327.424579
327.455614
327.467464
327.468224
327.473279
327.482242
327.489095
327.497035
327.497389
327.497588
327.498557
327.506476
327.511386
327.519183
327.521704
327.53999
327.542864
327.548332
327.574702
327.598506
327.604536
327.606038
327.613642
327.621444
327.632259
327.634704
327.6487
327.649121
327.656381
327.671379
327.673307
327.674969
327.711142
327.727709
327.745332
327.753684
327.755038
327.757607
327.757896
327.784467
327.797364
327.801616
327.811566
327.840067
327.848263
327.850862
327.856
327.874509
327.887372
327.929622
327.943954
327.945142
327.95106
327.966537
327.972344
328.014439
328.018363
328.042006
328.092103
328.097686
328.103783
328.113785
328.114896
328.116679
328.123776
328.129083
328.129756
328.136212
328.17056
328.180563
328.207207
328.207413
328.220094
328.24699
328.265787
328.278984
328.288323
328.297271
328.304077
328.318027
328.319976
328.332392
328.343051
328.345609
328.348219
328.349633
328.35666
328.359316
328.364878
328.372985
328.380562
328.387648
328.402282
328.408827
328.416272
328.424115
328.454855
328.468982
328.472302
328.474008
328.488073
328.499101
328.499482
328.504251
328.509312
328.521153
328.531383
328.535314
328.53598
328.541167
328.550947
328.551444
328.574752
328.577216
328.580775
328.592979
328.603001
328.6037
328.666299
328.691034
328.703808
328.710475
328.715078
328.729705
328.740986
328.765354
328.783891
328.805124
328.812666
328.81837
328.820858
328.821161
328.829416
328.831567
328.848599
328.8622
328.88552
328.895585
328.92747
328.931082
328.949614
328.949835
328.95237
328.973248
328.977696
328.989283
328.994221
328.996897
329.002903
329.013253
329.022099
329.039907
329.070755
329.073886
329.077331
329.081087
329.091211
329.110851
329.122723
329.13072
329.139359
329.141917
329.190821
329.194994
329.195215
329.19601
329.206119
329.221211
329.22498
329.225212
329.251362
329.257659
329.319557
329.324134
329.337649
329.345769
329.367076
329.371715
329.391395
329.426086
329.43262
329.452589
329.467727
329.524365
329.533566
329.563034
329.595741
329.614718
329.628836
329.642573
329.679085
329.694388
329.714575
329.729337
329.732406
329.746639
329.78274
329.817882
329.827526
329.832011
329.837929
329.840249
329.847858
329.856991
329.858379
329.866124
329.870829
329.948223
329.962906
329.994968
330.030051
330.041217
330.118267
330.126278
330.129463
330.139383
330.141588
330.153318
330.15552
330.190459
330.21294
330.218835
330.223135
330.231695
330.254399
330.264542
330.270864
330.273134
330.297465
330.314224
330.325157
330.351279
330.398777
330.427376
330.438045
330.442532
330.466741
330.473695
330.48434
330.492965
330.494453
330.50331
330.509889
330.51751
330.531828
330.535268
330.565678
330.567109
330.573412
330.577106
330.579779
330.585347
330.592066
330.609549
330.61751
330.635989
330.637309
330.68949
330.701613
330.716347
330.718414
330.75663
330.764133
330.796501
330.799475
330.810536
330.811285
330.817945
330.835871
330.851416
330.851691
330.871604
330.875755
330.8772
330.882583
330.882726
330.891364
330.904325
330.90678
330.907946
330.925735
330.928194
330.949447
330.956605
330.973131
330.977679
330.978772
330.983422
331.034388
331.039782
331.041087
331.042237
331.0434
331.046851
331.091687
331.100843
331.104975
331.122178
331.170936
331.178376
331.187137
331.199024
331.216342
331.217766
331.223962
331.231862
331.237622
331.242591
331.265189
331.278556
331.288476
331.294949
331.303736
331.348558
331.35069
331.387904
331.393573
331.396772
331.421046
331.454017
331.461949
331.487975
331.502965
331.50913
331.538505
331.544722
331.561982
331.564058
331.569844
331.583682
331.59152
331.616759
331.633304
331.64426
331.664169
331.665126
331.666069
331.673298
331.67468
331.682708
331.704585
331.741469
331.762953
331.763882
331.785333
331.795497
331.801388
331.815543
331.829812
331.850197
331.902459
331.911698
331.914839
331.917101
331.925215
331.965943
331.969471
331.971985
332.006925
332.016339
332.032675
332.041941
332.047856
332.083845
332.122091
332.129003
332.132831
332.138
332.1429
332.207404
332.246814
332.259881
332.303906
332.312955
332.338491
332.348915
332.351491
332.354716
332.414808
332.435076
332.435324
332.437251
332.445413
332.456414
332.519454
332.526096
332.526457
332.531036
332.531099
332.537957
332.572252
332.577865
332.615885
332.662992
332.669336
332.694557
332.707501
332.713943
332.731155
332.750591
332.75515
332.763994
332.792775
332.796944
332.826583
332.827608
332.828744
332.868986
332.883015
332.890957
332.906774
332.912012
332.931059
332.941843
332.955121
332.9695
332.977415
332.978298
332.985923
333.063958
333.071045
333.073557
333.091921
333.126378
333.157832
333.173703
333.202851
333.210498
333.213214
333.230036
333.260502
333.309501
333.317784
333.342398
333.370786
333.371572
333.380173
333.384563
333.395611
333.427665
333.462506
333.463064
333.475196
333.483743
333.494147
333.519132
333.522566
333.537932
333.560974
333.577461
333.586932
333.5878
333.588514
333.605834
333.65975
333.663149
333.669219
333.678479
333.71116
333.724275
333.728358
333.749369
333.754105
333.755687
333.75991
333.768037
333.799001
333.800271
333.803906
333.836118
333.843127
333.868404
333.882063
333.892691
333.902082
333.904154
333.925456
333.926546
333.937967
333.946093
333.953543
333.965233
333.998168
334.020795
334.102159
334.164006
334.179428
334.206009
334.234831
334.236145
334.242207
334.245803
334.263814
334.273051
334.281455
334.334136
334.359835
334.371278
334.394592
334.398792
334.410133
334.435718
334.480802
334.48648
334.518004
334.521642
334.535469
334.542365
334.561011
334.573126
334.582238
334.58421
334.586513
334.591317
334.594953
334.613515
334.655099
334.660808
334.716386
334.723582
334.725016
334.740675
334.741967
334.76016
334.768823
334.782393
334.800986
334.83469
334.841313
334.846954
334.896886
334.916426
334.916568
334.943975
334.982951
335.002439
335.004635
335.006084
335.008555
335.026191
335.060158
335.069489
335.101552
335.111358
335.12286
335.142015
335.196827
335.200322
335.267722
335.267848
335.274532
335.279014
335.291981
335.327585
335.327754
335.33613
335.367376
335.367784
335.367797
335.371208
335.401209
335.404835
335.40744
335.467416
335.475018
335.515363
335.525783
335.542961
335.548555
335.564177
335.573427
335.588231
335.637917
335.643505
335.644638
335.661056
335.721501
335.742127
335.755424
335.809176
335.821445
335.822765
335.822765
335.841948
335.845098
335.85763
335.920308
335.975821
335.979251
336.020271
336.024845
336.026552
336.073417
336.077143
336.122862
336.177299
336.183054
336.183747
336.20976
336.252651
336.258372
336.267167
336.280074
336.28343
336.29193
336.292433
336.301353
336.303737
336.307098
336.323082
336.390649
336.434147
336.519773
336.526009
336.530133
336.562291
336.562892
336.574621
336.576618
336.584321
336.634381
336.663125
336.663741
336.676056
336.683116
336.694367
336.706322
336.789054
336.859824
336.863838
336.895114
336.91849
336.968849
337.039206
337.053896
337.130875
337.202279
337.23935
337.239742
337.249947
337.282802
337.325252
337.352308
337.361071
337.363216
337.373687
337.515414
337.572394
337.589528
337.609321
337.611746
337.629978
337.687043
337.707842
337.714872
337.724697
337.763506
337.779821
337.856943
337.858072
337.935951
337.983158
338.015124
338.01737
338.05809
338.066962
338.158244
338.159419
338.328893
338.346033
338.377209
338.427143
338.531941
338.557946
338.567619
338.581086
338.630145
338.639348
338.677986
338.681399
338.708063
338.722391
338.746652
338.761041
338.798365
338.802637
338.806613
338.806793
338.835381
338.87244
338.874634
338.887181
338.897871
338.905585
338.911665
338.981917
339.028983
339.082889
339.102327
339.119629
339.158479
339.174488
339.196559
339.282975
339.356757
339.432523
339.464239
339.46894
339.487484
339.528
339.575738
339.592355
339.790757
339.807223
339.85426
339.880525
339.886487
340.092062
340.107632
340.179294
340.201233
340.314908
340.322317
340.326345
340.329841
340.355576
340.357201
340.365778
340.39948
340.402519
340.453249
340.467747
340.522526
340.624442
340.651173
340.704688
340.743475
340.744164
340.753
340.763743
340.777818
340.801632
340.816722
340.843528
340.856029
340.949914
340.952437
340.960067
340.99534
341.043105
341.049441
341.053144
341.10323
341.128841
341.145338
341.261225
341.26332
341.263635
341.337406
341.382633
341.384828
341.405261
341.468874
341.527134
341.556644
341.56575
341.593166
341.60344
341.605386
341.631624
341.662767
341.822732
341.953932
341.963411
341.989033
342.060928
342.128116
342.21662
342.277805
342.308989
342.329251
342.363199
342.377597
342.405986
342.414085
342.487585
342.494166
342.549332
342.586538
342.61508
342.61573
342.662572
342.678562
342.76715
342.811803
342.846607
342.993313
343.218308
343.22569
343.262833
343.263202
343.266676
343.367896
343.429901
343.437733
343.501842
343.550693
343.646732
343.663923
343.704676
343.784443
343.785648
343.849187
343.890982
343.941623
344.023039
344.040004
344.193227
344.239357
344.269576
344.298456
344.29902
344.300394
344.311182
344.339398
344.443536
344.510818
344.615894
344.642936
344.655226
344.680221
344.754792
344.774144
344.778829
344.833412
344.859516
344.880786
344.933965
344.95255
344.998028
345.044798
345.066501
345.088918
345.171117
345.17521
345.210481
345.213796
345.219805
345.386445
345.41514
345.4211
345.42862
345.480716
345.60324
345.636147
345.641176
345.678767
345.680092
345.693803
345.732494
345.796473
345.839506
345.849203
345.859098
345.880236
345.881514
345.911111
345.917942
345.939267
345.959453
345.968131
345.977471
346.050205
346.118719
346.124321
346.214226
346.265006
346.342965
346.378296
346.379924
346.420974
346.422296
346.442702
346.449461
346.499001
346.539341
346.659131
346.697656
346.729952
346.731136
346.737067
346.774199
346.807774
346.824383
346.920376
347.010865
347.070764
347.087486
347.111708
347.125009
347.270524
347.352297
347.381532
347.454134
347.544707
347.581022
347.693668
347.864466
347.869034
347.873897
348.068834
348.330565
348.365915
348.466961
348.538384
348.582582
348.681883
348.71839
348.94955
348.970269
349.172764
349.179683
349.447609
349.474785
349.511546
349.568788
349.580709
349.603468
349.611593
349.698704
349.735982
349.751188
350.076253
350.160247
350.213814
350.246499
350.269652
350.275425
350.42613
350.466069
350.513202
350.707691
350.741685
350.930541
351.116077
351.16649
351.387675
351.56997
351.571
351.918394
351.987266
352.321841
352.386835
352.424319
352.891268
352.90974
353.081957
353.43122
353.525965
353.585733
353.997863
354.014971
354.340299
354.344219
354.453232
354.5013
354.785251
354.811703
355.048351
355.095365
355.14363
355.256482
355.268532
355.526829
355.707972
355.821434
355.880135
355.88078
356.073051
356.374331
356.374482
356.415476
356.432165
356.510695
356.587091
356.58829
356.611317
356.622284
356.80982
357.323194
357.332489
357.508283
357.532285
357.54823
357.560132
357.718955
357.764676
357.875384
358.124497
358.404099
358.477314
358.545886
358.951518
359.028779
359.157728
359.159219
359.428567
359.497276
359.818069
360.032636
360.245528
360.473474
360.591997
360.603123
360.677873
360.709439
361.388496
361.698254
361.764482
361.836537
362.026863
362.117949
362.251144
362.520678
362.533466
362.568806
362.583649
362.910398
363.023831
363.490392
363.504746
363.57422
363.621408
363.99595
364.089137
364.721859
364.822118
364.899848
364.921423
365.391541
365.475945
365.507056
365.651481
366.150701
366.271774
366.567725
368.022195
368.953486
369.298389
369.480771
369.780285
370.908375
370.924673
371.022333
371.993844
372.552185
372.554564
373.240086
373.262255
373.546502
374.230701
374.31243
374.581383
377.825007
378.242384
378.344097
380.715757
380.967583
382.200036
383.704749
389.879859
390.635866
395.44625
395.763631
397.613946
400.50931
419.356696
419.811084
424.38718
428.387127
433.286924
434.504449
434.570734
440.575366
442.301716
442.376974
443.591125
444.898853
450.167725
459.817959
461.634316
467.214504
468.865596
471.604248
475.879243
484.858262
490.036986
491.234479
498.471018
517.829692
539.446941
546.027337
553.322601
567.552139
583.353791
600.065718
610.951699
627.437549
636.605424
665.403157
668.316309
677.533981
697.492895
713.69788
714.945417
765.455783
