1.487155
1.539459
1.556735
1.637754
4.097072
7.562297
7.564836
7.616689
7.740674
7.824862
7.831412
8.051766
8.16751
8.507601
8.552472
8.596776
8.635459
8.641943
8.753475
8.793
8.887387
8.948259
9.018919
9.05401
9.096098
9.273648
9.286829
9.304785
9.509939
9.678872
9.753301
9.948951
10.002083
10.061235
10.166276
10.249383
10.572028
10.682158
10.95241
10.957094
10.966809
11.162688
11.377389
11.380917
11.642956
11.661957
11.666329
11.729859
11.767347
11.803127
11.85024
11.860854
11.927553
11.935974
12.054365
12.171413
12.189728
12.194622
12.310067
12.325297
12.375559
12.548649
12.658486
12.680406
12.77183
12.880038
13.020646
13.118654
13.163891
13.335907
13.460379
13.644843
13.650471
13.843742
13.927896
14.102226
14.103804
14.106663
14.125504
14.303424
14.832696
14.865953
15.018419
15.219027
15.25161
15.59162
15.627785
15.753982
16.07302
16.203888
16.323899
16.333243
16.338489
16.445999
16.49736
16.506309
16.58112
16.629519
16.68325
16.697431
16.749514
16.995432
16.995894
17.185044
17.25867
17.292872
17.394817
17.428138
17.529054
17.658798
17.662323
17.906522
18.029872
18.120519
18.128502
18.168503
18.263681
18.405131
18.782549
19.06575
19.118216
19.167981
19.446037
19.470379
19.640323
20.144374
20.279001
20.539556
20.779757
20.889149
21.374948
21.541031
21.640881
21.836015
22.012512
22.135207
22.852322
22.881976
22.897938
23.131939
23.350144
23.427094
24.102817
24.613471
24.863657
25.095356
26.153796
26.386575
27.031955
27.145177
27.268778
28.149601
28.917346
28.922573
29.068273
29.537999
31.353994
31.780877
32.691503
32.866048
33.102505
34.122174
34.172811
34.30685
35.531895
36.680021
36.708356
36.859907
37.048736
37.20439
37.638688
38.680474
39.120939
39.20266
43.411717
43.691287
43.824689
44.231358
44.787482
47.241567
48.645246
48.796692
52.362681
53.728487
57.868384
59.784119
61.074884
62.436615
72.135453
73.022698
73.948825
79.209397
85.969616
86.215713
95.060762
100.491156
107.034348
108.09961
108.540817
110.779449
112.059989
112.878593
114.817577
115.750803
116.813306
118.415063
119.304406
119.594506
119.76071
119.822407
121.132263
121.387548
121.468763
121.65327
121.709431
121.71099
121.740761
121.804892
122.335262
122.678591
122.915272
123.254627
124.366378
124.444706
124.651746
124.913567
125.069712
125.074371
125.280736
125.297427
125.675344
125.67769
126.03903
126.22189
126.316331
126.339186
126.540014
126.58392
126.804489
126.836926
127.073184
127.097598
127.253351
127.277049
127.468068
127.496371
127.725685
128.481295
128.492973
128.65851
128.800261
129.092206
129.34943
129.499644
129.543491
129.573251
129.613007
130.115744
130.16658
130.397829
130.46453
130.475561
130.534322
130.69457
130.761231
130.781795
130.953834
131.061807
131.069665
131.393351
131.399756
131.402222
131.533131
131.585951
131.597564
131.95994
131.988562
132.02187
132.038758
132.311551
132.655829
132.711259
132.820056
133.249465
133.645528
133.764705
134.453085
134.841189
135.042295
135.310659
135.43079
135.722969
135.875136
135.977874
136.15219
136.488971
137.167293
137.527777
137.892537
138.60631
139.325195
139.582518
140.062398
141.683459
142.251593
142.382191
142.895313
143.453987
143.980862
144.346848
144.446556
144.859152
144.912353
145.375937
145.906801
145.93165
146.196692
146.260928
146.387973
146.59507
146.671133
147.539475
148.713183
148.716935
149.206337
149.421772
150.33229
150.47914
150.518614
150.666472
150.815855
152.505668
152.893665
152.901109
152.984318
154.064266
154.644819
155.235682
155.45
156.173393
156.583374
156.858619
157.408613
157.69608
157.846701
157.938172
158.007107
158.192688
158.739194
158.98765
159.167212
159.448072
159.754317
159.907721
159.963724
160.649301
161.673519
161.74817
162.882161
162.929125
163.164335
163.57651
164.03246
164.386662
164.498026
164.63044
166.822365
167.191466
168.442456
168.705158
168.727155
169.190533
169.273575
169.700543
170.027884
170.654505
171.310496
171.315037
172.558399
174.961538
175.644018
176.84107
177.260462
177.421647
177.561661
180.190207
180.25594
181.540793
181.546556
181.919155
182.119906
182.272677
182.587982
182.814286
183.093176
183.494617
185.813672
185.866475
186.372227
186.551591
186.584288
187.41455
187.585652
188.725112
189.424732
190.116496
191.837884
193.085817
193.691554
194.006376
195.621746
196.050303
196.705025
196.813425
199.522345
200.600837
200.739724
203.561362
204.134194
204.657344
204.87486
206.516091
208.643908
212.658997
212.749413
213.228966
213.524178
214.047799
215.538032
216.383546
216.80023
216.81309
216.92
216.936444
217.194909
217.767309
219.241712
219.373605
219.856487
219.951775
220.358179
220.359172
220.619789
220.842226
221.068153
221.077925
221.871765
221.88978
222.00048
222.761591
222.962951
223.138979
223.313784
224.044529
224.495369
224.618089
224.628869
224.834235
225.468071
225.852326
226.656771
226.78823
227.335299
229.611394
230.143947
230.475586
231.537032
231.645311
231.851583
231.91332
232.336176
232.434504
232.741777
233.442877
233.516889
233.599971
233.707074
234.352166
234.429804
234.714715
236.365579
236.568907
237.311741
239.298678
239.305563
239.392753
240.254311
240.537715
241.07042
242.677106
242.84036
243.05171
243.533066
244.502478
245.385726
246.086828
246.456596
247.096931
247.170976
247.90118
248.516581
248.605079
248.648437
249.221758
249.3344
249.575826
249.921953
250.050552
251.186203
251.273081
252.074958
252.217994
253.047237
253.121731
253.312178
253.602859
253.65851
253.753086
254.243172
254.253229
254.259859
254.478026
254.537592
254.64244
254.673317
254.740679
254.984532
255.124528
255.160306
255.562964
255.774512
255.925431
255.972846
255.998187
256.020783
256.089772
256.5203
256.752295
257.059716
257.202887
257.595492
257.840796
257.86069
258.277965
258.328888
258.484956
258.694515
258.850517
258.875364
258.87697
258.990153
259.122968
259.270169
259.293794
259.298417
259.372267
259.432194
259.510808
259.595263
259.650728
259.863779
260.001177
260.009324
260.229563
260.426505
260.65394
260.689206
261.039942
261.050945
261.06955
261.126487
261.317683
261.332754
261.444243
261.448464
261.480567
261.510861
261.568651
261.622739
261.689355
261.720386
261.919596
262.155024
262.155485
262.442055
262.45302
262.757585
262.847035
263.093474
263.115269
263.279316
263.341244
263.350279
263.457237
263.556231
263.598409
263.671246
263.80567
264.096856
264.673247
264.691817
264.70711
264.870347
264.930419
265.166088
265.317109
265.453197
265.54459
265.595107
265.795446
266.139833
266.167143
266.430372
266.739612
266.787648
266.795963
266.903412
267.033161
267.095813
267.131732
267.291886
267.477969
267.604125
267.691766
268.074624
268.569061
268.806333
268.955774
269.011313
269.044692
269.139662
269.183308
269.198971
269.727065
269.753794
269.943164
270.025344
270.120395
270.346517
270.427348
270.455041
270.601915
270.659377
270.769964
270.979723
271.014317
271.063288
271.485709
271.505697
271.936199
272.120832
272.203282
272.390297
272.40748
272.589249
272.652464
272.858482
272.972197
272.983519
273.045558
273.71337
274.162104
274.22856
274.459832
274.775173
275.158356
275.588224
275.774935
275.822603
276.219084
276.388391
277.393884
277.483259
277.651101
277.764566
277.969831
278.077203
278.38011
278.973795
279.731257
280.262403
280.77422
281.419331
282.203685
282.959543
283.246223
283.728718
285.851924
285.923228
286.571565
287.855123
287.900368
289.323128
289.331141
289.565169
290.345779
290.375607
290.413278
291.2219
291.433611
292.112703
292.296862
292.310491
293.230426
294.890696
295.101435
296.168184
297.929917
298.584863
298.615001
301.071306
302.381617
302.766643
302.790798
303.016558
303.488105
304.132404
304.203598
304.986885
307.792686
308.108682
308.691497
310.483638
314.176869
315.297902
317.221513
317.456315
318.181604
318.21246
319.73205
324.614434
325.37953
325.889106
327.58316
330.003889
331.497889
331.544373
331.692434
335.319718
337.025145
337.411576
337.862465
339.69679
340.731262
342.192891
344.293963
346.865928
347.815076
351.799454
351.855185
354.291635
356.11271
357.207959
359.193986
359.422522
363.594832
364.113439
366.440603
366.596475
376.064625
380.916251
400.158218
465.609697
486.555978
513.942768
566.276122
569.069518
829.645471
861.303856
943.191257
956.068078
1085.666543
10806.784536
11086.734625
21287.650647
21601.118674
