1033.906945
1044.720618
1044.761565
1046.209817
1050.144218
1055.464488
1058.818573
1059.27277
1065.023655
1070.558342
1071.064425
1071.272839
1081.022464
1084.552984
1085.308276
1095.649227
1101.026428
1101.040103
1104.060674
1104.176948
1104.182213
1109.178258
1109.197363
1109.599374
1111.159719
1111.192321
1111.456265
1115.568429
1115.605973
1117.852565
1118.440988
1119.402723
1120.606844
1121.448074
1130.502195
1131.263666
1133.069612
1137.571655
1140.924417
1142.198742
1146.703576
1146.820809
1147.090918
1148.749952
1149.150045
1149.376224
1149.468264
1152.536986
1155.926801
1156.757369
1156.798673
1158.105577
1161.508512
1163.36184
1164.05298
1165.398168
1170.287478
1175.774499
1185.269918
1188.822322
1191.073971
1192.894858
1193.940209
1196.654315
1199.720175
1206.317478
1210.881432
1212.049963
1219.032271
1224.291764
1226.74282
1232.821093
1236.224427
1250.410969
1253.32125
1261.687891
1264.907412
1271.150232
1275.660884
1280.188425
1280.725479
1285.475016
1296.044444
1296.170616
1309.228508
1326.79924
1346.108633
1373.113785
1373.702467
1396.936656
1399.050154
1502.287624
1504.307846
1512.518057
1582.42473
1588.494673
1593.763467
1605.578053
1606.609394
1607.059954
1620.813218
1629.840544
1631.006349
1634.362302
1635.169851
1637.234349
1637.715038
1638.160992
1643.555205
1644.248416
1646.06426
1647.803183
1648.308461
1649.651138
1649.764617
1650.252659
1651.816919
1653.61424
1653.864808
1654.23151
1655.469643
1658.117909
1658.388361
1658.684476
1661.195041
1662.712441
1664.418011
1665.213169
1666.457849
1666.762413
1667.398252
1667.667602
1668.68945
1669.203156
1669.448527
1669.830033
1669.868121
1670.851248
1671.074827
1671.716772
1671.987008
1671.988548
1672.074981
1672.255796
1672.334639
1672.642413
1672.691443
1673.067671
1673.302299
1673.42974
1674.028359
1674.267521
1675.257379
1675.513159
1675.654437
1675.81533
1675.832775
1676.139079
1676.265492
1676.418148
1677.287152
1677.428539
1677.740005
1678.039218
1678.045132
1678.252314
1678.376618
1678.486384
1678.528124
1678.609433
1678.700834
1679.13763
1679.228072
1679.585781
1679.978882
1680.065871
1680.433882
1680.633217
1680.663357
1680.985876
1681.304311
1681.664872
1681.701267
1682.055597
1682.51716
1682.60308
1682.788283
1683.238847
1683.40068
1683.490345
1683.503175
1683.537889
1683.594545
1683.652988
1684.114971
1684.291724
1684.391173
1684.426878
1684.861029
1685.051633
1685.057952
1685.1054
1686.223745
1686.360599
1686.532444
1686.588765
1686.674109
1687.098293
1687.128554
1687.305823
1687.375918
1687.411065
1687.765054
1687.977185
1688.01616
1688.591905
1688.725028
1688.822445
1689.21096
1689.227746
1689.244166
1689.353484
1689.380639
1689.614755
1689.621514
1689.738033
1689.854077
1689.905723
1689.908411
1689.920702
1690.001954
1690.14483
1690.355694
1690.528723
1690.544847
1690.573376
1690.782414
1690.875733
1691.159385
1691.374964
1691.438035
1691.48648
1691.521813
1691.580791
1691.613214
1691.803777
1691.83946
1691.885505
1691.944855
1692.048266
1692.077811
1692.204229
1692.208023
1692.356875
1692.617963
1692.824861
1692.915741
1693.098491
1693.176959
1693.359158
1693.515038
1693.576288
1693.590039
1693.69834
1694.077716
1694.118985
1694.13145
1694.13213
1694.16421
1694.293028
1694.388805
1694.588748
1694.622465
1694.674785
1694.732351
1694.764478
1694.859963
1694.89434
1694.898961
1694.929046
1695.275768
1695.316042
1695.348621
1695.363063
1695.469066
1695.571118
1695.602995
1696.098272
1696.202299
1696.25676
1696.314316
1696.39492
1696.674014
1696.766558
1696.820878
1696.928309
1696.940452
1697.035676
1697.089309
1697.120746
1697.170354
1697.190931
1697.205481
1697.497653
1697.5374
1697.66739
1698.029905
1698.216307
1698.218818
1698.401107
1698.66707
1698.707183
1698.740231
1699.078678
1699.246928
1699.611102
1699.650788
1699.71913
1699.761024
1699.771463
1699.912158
1699.94821
1699.965535
1700.075221
1700.35287
1700.450023
1700.5626
1700.628224
1700.879383
1701.254655
1701.665399
1701.70288
1701.96234
1702.03417
1702.188865
1702.396881
1702.456711
1702.691746
1702.703904
1702.821425
1702.89324
1703.153499
1703.157397
1703.351222
1703.39975
1703.803518
1703.807994
1703.964985
1704.328874
1704.570195
1704.816624
1704.866448
1705.080139
1705.082181
1705.140061
1705.171473
1705.205985
1705.224452
1705.22457
1705.257274
1705.258516
1705.364133
1705.73119
1705.739967
1705.895558
1706.124715
1706.190779
1706.340377
1706.429504
1706.511998
1706.643439
1706.937112
1707.371971
1707.535885
1707.829961
1708.163732
1708.201483
1708.321333
1708.480485
1708.528671
1708.72996
1708.773798
1708.788617
1708.888841
1708.972543
1709.188629
1709.337464
1709.451217
1709.716567
1709.780536
1709.784749
1709.802409
1709.836694
1710.118977
1710.232287
1710.257471
1710.270524
1710.341723
1710.67251
1710.701173
1710.828349
1710.905429
1710.990909
1711.040158
1711.071087
1711.094638
1711.135117
1711.141524
1711.168573
1711.254901
1711.290507
1711.307743
1711.579184
1711.653878
1711.721096
1711.744616
1711.761149
1711.799234
1711.850419
1711.889156
1711.915844
1712.036678
1712.170574
1712.195406
1712.386429
1712.392624
1712.551464
1712.65349
1712.738664
1712.748439
1712.751023
1712.76788
1712.846168
1712.896937
1713.018079
1713.173594
1713.383388
1713.388072
1713.404703
1713.611846
1713.678164
1713.692325
1713.713312
1713.747052
1713.785574
1714.062947
1714.094855
1714.146078
1714.292451
1714.326364
1714.335788
1714.371948
1714.384201
1714.386481
1714.427514
1714.522223
1714.537546
1714.586896
1714.62961
1714.670978
1714.791333
1714.793085
1714.827839
1714.866615
1714.87217
1714.983439
1714.996404
1715.115122
1715.291418
1715.317711
1715.348057
1715.654355
1715.963217
1716.142359
1716.174452
1716.22649
1716.283075
1716.510476
1716.598736
1716.647471
1716.667712
1716.851426
1716.947583
1717.077375
1717.168792
1717.169419
1717.279149
1717.412656
1717.479512
1717.591854
1717.627123
1717.644321
1717.727694
1717.830698
1717.902608
1718.05502
1718.059156
1718.123678
1718.212289
1718.280986
1718.359571
1718.403517
1718.416569
1718.432261
1718.610026
1718.64403
1718.651063
1718.656281
1718.812676
1718.824109
1718.830712
1719.216539
1719.378976
1719.412196
1719.535642
1719.76207
1719.772685
1719.838676
1719.875109
1720.060536
1720.110326
1720.225341
1720.264549
1720.413824
1720.43153
1720.505622
1720.646351
1720.655717
1720.656342
1720.789056
1720.87795
1720.923379
1720.955438
1721.030737
1721.035451
1721.086782
1721.151719
1721.200185
1721.219599
1721.440422
1721.501184
1721.601151
1721.650743
1721.666852
1721.689433
1721.838094
1721.873727
1721.907532
1721.951753
1721.977254
1722.047972
1722.064186
1722.069948
1722.257272
1722.526295
1722.535719
1722.574808
1722.847728
1722.913408
1722.94077
1723.009135
1723.106914
1723.170655
1723.2737
1723.292914
1723.401792
1723.403966
1723.552334
1723.600443
1723.926887
1724.022267
1724.043945
1724.146188
1724.199345
1724.233314
1724.276807
1724.328041
1724.433406
1724.448275
1724.526519
1724.536417
1724.566161
1724.574596
1724.578429
1724.623747
1724.646219
1724.683536
1724.697672
1724.713644
1724.907284
1724.957286
1725.026456
1725.06542
1725.074012
1725.238803
1725.259257
1725.318319
1725.326601
1725.349714
1725.455457
1725.508448
1725.725956
1725.822999
1726.089692
1726.113693
1726.126882
1726.14759
1726.149688
1726.17103
1726.18538
1726.390226
1726.585314
1726.730446
1726.805636
1726.887804
1726.890242
1726.91741
1727.070658
1727.092701
1727.113747
1727.142954
1727.201667
1727.331729
1727.446689
1727.493292
1727.544828
1727.592473
1727.705515
1727.770069
1727.836821
1727.839157
1727.917027
1727.918524
1728.003935
1728.008128
1728.023624
1728.137976
1728.216925
1728.227598
1728.366967
1728.440844
1728.53689
1728.663285
1728.673252
1728.795123
1728.802379
1728.858141
1728.862648
1728.991639
1729.090931
1729.115787
1729.179354
1729.254065
1729.28447
1729.326053
1729.330273
1729.36036
1729.428077
1729.436784
1729.498155
1729.599044
1729.67643
1729.838701
1729.936437
1729.959009
1730.016362
1730.123139
1730.146848
1730.187222
1730.232305
1730.31196
1730.343862
1730.393048
1730.437073
1730.645578
1730.73212
1730.792495
1730.831852
1730.849546
1730.971281
1731.00891
1731.014513
1731.106015
1731.13935
1731.167151
1731.215411
1731.236706
1731.239732
1731.241287
1731.332104
1731.363764
1731.457611
1731.496554
1731.538588
1731.67281
1731.710487
1731.8853
1732.073339
1732.193588
1732.332224
1732.503202
1732.562604
1732.636466
1732.674363
1732.801788
1732.937424
1733.040417
1733.091687
1733.110447
1733.118512
1733.203619
1733.222249
1733.277513
1733.36217
1733.371111
1733.545223
1733.681437
1733.843346
1733.948941
1733.98436
1734.001477
1734.071667
1734.092512
1734.273365
1734.338284
1734.37463
1734.444241
1734.496378
1734.644168
1734.757799
1734.760424
1734.780934
1734.815733
1734.844341
1734.871763
1734.925797
1735.019257
1735.096254
1735.21553
1735.313998
1735.36519
1735.367851
1735.378903
1735.508445
1735.629598
1735.629836
1735.667627
1735.673802
1735.686257
1735.724346
1735.738176
1735.748843
1735.783714
1735.794583
1735.922787
1735.964092
1736.048652
1736.078114
1736.08021
1736.101527
1736.232534
1736.319055
1736.368908
1736.40766
1736.528574
1736.532987
1736.658992
1736.663281
1736.690394
1736.715577
1736.773444
1736.790307
1737.03051
1737.084449
1737.296443
1737.304495
1737.500001
1737.505191
1737.564455
1737.683351
1737.705816
1737.744075
1737.854758
1737.930344
1737.987879
1738.02027
1738.165531
1738.233436
1738.400841
1738.450307
1738.501381
1738.708237
1738.725612
1738.735579
1738.804305
1738.857381
1738.883043
1738.951941
1738.975087
1739.117498
1739.268307
1739.271816
1739.281233
1739.311366
1739.355177
1739.359998
1739.393904
1739.494181
1739.507318
1739.785323
1739.930388
1739.994083
1740.06859
1740.132962
1740.281181
1740.541611
1740.649485
1740.662
1740.949665
1740.982651
1741.021398
1741.079761
1741.112432
1741.211555
1741.46109
1741.476926
1741.520502
1741.652074
1741.821368
1741.857521
1741.867233
1741.933058
1742.156687
1742.190021
1742.465194
1742.540582
1742.66221
1742.839019
1742.971926
1743.00031
1743.056505
1743.265261
1743.2931
1743.294963
1743.316045
1743.349388
1743.382707
1743.399185
1743.579771
1743.629213
1743.676692
1743.741478
1743.776203
1743.838256
1743.897877
1743.944095
1743.954824
1744.001915
1744.028794
1744.039528
1744.116597
1744.13223
1744.152288
1744.234595
1744.23694
1744.249821
1744.26525
1744.340262
1744.462053
1744.51397
1744.57798
1744.626141
1744.635436
1744.642172
1744.82466
1745.048621
1745.078927
1745.082158
1745.217433
1745.31702
1745.352748
1745.444862
1745.719502
1745.837149
1745.879472
1745.991076
1746.023048
1746.054328
1746.088088
1746.194332
1746.288352
1746.343992
1746.409201
1746.461722
1746.502119
1746.518636
1746.627777
1746.745651
1746.760377
1746.806315
1746.88436
1746.928335
1746.933724
1746.942325
1746.944853
1746.983058
1747.005034
1747.150379
1747.191971
1747.398035
1747.409196
1747.509242
1747.554648
1747.565895
1747.569287
1747.572093
1747.590255
1747.627496
1747.669785
1747.691599
1747.738774
1747.799894
1747.80404
1747.845465
1747.924898
1747.966184
1748.000304
1748.050102
1748.215052
1748.227319
1748.280392
1748.303034
1748.309137
1748.319451
1748.332304
1748.351001
1748.375739
1748.379966
1748.446952
1748.50735
1748.53423
1748.580332
1748.695377
1748.757069
1748.789458
1748.799771
1748.842062
1748.857412
1748.881777
1748.885764
1748.929247
1748.969595
1749.03356
1749.063979
1749.09458
1749.129211
1749.207233
1749.288092
1749.328704
1749.344303
1749.448321
1749.522214
1749.614198
1749.616224
1749.620666
1749.621528
1749.648042
1749.734296
1749.774563
1749.885153
1749.996366
1750.027993
1750.202287
1750.465386
1750.514197
1750.563675
1750.569509
1750.573248
1750.628689
1750.685633
1750.704905
1750.800457
1750.806044
1750.866816
1750.966046
1751.03326
1751.292434
1751.42088
1751.498372
1751.506488
1751.509052
1751.518144
1751.518589
1751.527529
1751.541567
1751.560446
1751.573289
1751.588404
1751.823458
1751.858446
1751.863534
1751.872177
1752.015185
1752.100978
1752.169611
1752.17399
1752.275173
1752.373216
1752.418793
1752.430497
1752.525065
1752.550174
1752.592484
1752.662678
1752.671109
1752.726615
1752.727926
1752.778811
1752.857541
1752.93363
1752.943584
1752.959563
1753.03837
1753.061742
1753.122079
1753.20988
1753.223945
1753.318606
1753.334861
1753.590588
1753.634764
1753.657068
1753.762999
1753.877888
1753.959968
1753.987649
1754.020794
1754.040115
1754.099413
1754.141394
1754.546852
1754.587573
1754.587761
1754.609559
1754.626445
1754.723502
1754.780774
1754.798863
1754.847335
1754.868693
1754.874213
1754.903514
1754.956888
1754.971849
1754.981634
1755.016708
1755.020584
1755.033572
1755.041396
1755.06906
1755.105027
1755.240745
1755.305524
1755.327846
1755.35398
1755.466533
1755.578812
1755.654714
1755.723006
1755.761983
1755.765183
1755.872587
1755.887131
1755.954975
1756.000717
1756.056513
1756.071699
1756.090038
1756.110439
1756.1327
1756.176392
1756.289369
1756.336165
1756.354261
1756.451658
1756.453555
1756.529638
1756.662432
1756.720592
1756.756675
1756.82682
1757.049796
1757.080794
1757.13786
1757.281726
1757.294984
1757.301524
1757.308475
1757.333372
1757.40527
1757.426227
1757.42695
1757.44916
1757.63158
1757.683864
1757.693927
1757.730044
1757.806845
1757.873054
1757.911749
1757.988467
1758.057085
1758.09472
1758.202587
1758.324605
1758.355734
1758.424998
1758.433153
1758.513151
1758.663716
1758.668824
1758.700117
1758.804562
1758.852713
1758.909001
1759.003356
1759.039398
1759.088549
1759.220863
1759.22701
1759.361762
1759.44237
1759.476348
1759.48508
1759.488737
1759.490974
1759.496215
1759.53107
1759.617847
1759.706681
1759.787615
1759.892176
1759.904735
1759.909569
1759.934059
1760.044147
1760.05993
1760.063399
1760.117493
1760.333931
1760.347939
1760.366641
1760.46576
1760.467832
1760.49512
1760.523743
1760.54715
1760.698923
1760.768946
1760.786935
1760.884823
1761.051285
1761.118493
1761.30677
1761.45655
1761.550845
1761.564778
1761.572782
1761.744545
1761.772043
1761.858411
1762.015239
1762.045713
1762.058672
1762.085373
1762.087472
1762.194504
1762.215916
1762.341354
1762.384634
1762.537047
1762.558937
1762.60682
1762.613852
1762.67188
1762.713071
1762.751868
1762.828415
1762.853521
1762.862265
1762.931972
1763.014277
1763.032913
1763.044303
1763.087371
1763.10757
1763.107983
1763.149247
1763.176969
1763.188076
1763.252882
1763.274506
1763.294217
1763.305069
1763.363448
1763.39464
1763.410449
1763.469503
1763.485374
1763.579283
1763.598162
1763.627525
1763.666874
1763.681575
1763.724236
1763.757771
1763.855223
1764.021555
1764.128989
1764.144728
1764.154959
1764.226056
1764.258205
1764.290605
1764.333325
1764.385755
1764.398071
1764.601499
1764.765186
1764.802313
1764.83769
1764.867299
1764.970562
1765.019122
1765.027304
1765.031865
1765.04036
1765.054154
1765.069225
1765.228123
1765.257593
1765.291059
1765.331934
1765.345954
1765.361431
1765.392811
1765.433009
1765.437516
1765.562643
1765.571653
1765.625365
1765.714927
1765.768933
1765.801673
1765.893773
1765.911826
1765.930986
1765.944594
1766.032131
1766.070935
1766.182105
1766.245504
1766.287006
1766.306255
1766.369994
1766.432442
1766.513321
1766.736863
1766.739761
1766.741051
1766.744767
1766.770159
1766.812047
1766.834233
1766.854531
1766.8722
1766.949633
1767.21167
1767.261023
1767.376003
1767.391577
1767.448124
1767.541828
1767.580704
1767.635792
1767.706359
1767.722668
1767.736958
1767.739489
1767.768903
1767.801947
1767.842333
1767.870649
1768.026528
1768.086362
1768.133125
1768.231039
1768.231738
1768.245626
1768.300453
1768.500048
1768.515514
1768.540519
1768.588535
1768.628255
1768.666631
1768.671532
1768.743527
1768.769424
1768.885905
1768.939675
1768.997132
1769.065042
1769.065974
1769.073015
1769.085915
1769.097457
1769.249974
1769.357977
1769.383665
1769.391146
1769.46076
1769.496092
1769.510429
1769.518204
1769.53809
1769.541019
1769.579316
1769.62853
1769.629969
1769.725207
1769.74236
1769.777522
1769.941089
1769.952286
1770.047892
1770.063102
1770.11548
1770.284502
1770.307705
1770.328416
1770.347737
1770.426656
1770.4399
1770.500406
1770.504761
1770.548362
1770.686412
1770.712393
1770.922114
1770.937904
1771.058785
1771.085953
1771.132109
1771.138997
1771.140073
1771.188957
1771.234432
1771.306292
1771.307953
1771.366492
1771.366952
1771.397402
1771.422564
1771.493752
1771.570075
1771.810458
1771.81258
1771.906731
1771.911538
1772.267033
1772.356577
1772.421991
1772.426194
1772.441943
1772.512786
1772.704101
1772.736564
1772.82321
1772.852247
1772.866554
1773.179086
1773.256858
1773.264184
1773.332296
1773.53821
1773.542705
1773.650212
1773.702688
1773.846877
1774.152997
1774.21145
1774.446133
1774.584198
1774.638655
1774.723489
1774.790431
1774.801954
1774.838828
1774.843307
1774.855086
1774.859615
1774.913107
1774.935523
1774.957924
1774.962279
1775.007431
1775.030202
1775.237319
1775.26023
1775.395784
1775.435187
1775.462577
1775.58809
1775.712214
1775.798624
1775.808719
1775.8135
1775.888079
1775.920537
1776.015065
1776.033508
1776.052171
1776.11567
1776.292957
1776.39506
1776.408683
1776.52212
1776.602012
1776.62592
1776.648237
1776.7389
1776.795181
1776.802627
1776.843494
1776.916353
1776.921842
1777.073617
1777.140809
1777.305627
1777.329862
1777.334266
1777.359747
1777.421049
1777.442447
1777.444466
1777.54693
1777.563424
1777.607029
1777.639496
1777.685182
1777.686836
1777.852358
1778.061181
1778.089587
1778.153874
1778.20141
1778.265862
1778.32456
1778.370899
1778.376971
1778.39934
1778.432007
1778.434954
1778.585188
1778.591198
1778.658011
1778.730934
1778.779769
1778.790254
1778.793375
1778.841528
1778.861497
1778.954745
1778.993787
1779.07244
1779.08344
1779.40369
1779.480161
1779.508953
1779.515611
1779.584963
1779.734984
1779.815159
1779.833556
1779.917411
1779.958317
1780.124146
1780.209094
1780.39327
1780.58844
1780.592992
1780.712335
1780.822105
1780.894732
1780.927437
1781.206695
1781.210631
1781.404453
1781.421436
1781.437983
1781.500841
1781.567591
1781.587725
1781.636797
1781.652605
1781.66868
1781.683973
1781.761697
1781.775932
1781.892054
1781.91758
1781.952504
1781.988158
1782.029356
1782.114418
1782.149219
1782.163885
1782.200059
1782.321126
1782.35447
1782.510772
1782.56039
1782.565003
1782.613342
1782.625655
1782.630037
1782.68183
1782.774858
1782.780534
1782.827901
1782.8586
1782.928116
1782.937993
1782.960782
1782.999094
1783.102631
1783.136814
1783.152225
1783.246806
1783.272442
1783.309553
1783.386693
1783.389829
1783.508538
1783.536224
1783.606191
1783.696631
1783.808042
1783.886969
1784.011246
1784.073508
1784.166982
1784.23109
1784.293463
1784.340704
1784.479037
1784.527273
1784.671754
1784.676998
1784.854216
1784.927379
1784.971897
1784.973299
1785.07062
1785.080008
1785.107681
1785.110231
1785.137137
1785.241396
1785.299611
1785.306504
1785.362573
1785.41481
1785.420667
1785.548066
1785.700262
1785.750077
1785.789986
1785.797374
1785.803843
1785.924148
1785.941415
1785.995817
1786.020297
1786.111425
1786.200284
1786.232484
1786.284393
1786.41086
1786.525258
1786.561246
1786.583713
1786.588797
1786.681328
1786.725155
1786.731026
1786.765498
1786.809199
1786.87537
1786.877309
1786.916802
1787.107194
1787.178771
1787.316797
1787.32445
1787.424532
1787.603988
1787.739921
1787.771706
1787.830679
1787.851095
1787.882614
1787.956599
1787.975579
1787.998412
1788.075223
1788.080426
1788.091471
1788.177745
1788.182771
1788.268047
1788.301874
1788.325887
1788.402392
1788.402579
1788.435633
1788.55764
1788.603685
1788.663312
1788.679017
1788.712888
1788.826977
1788.899705
1788.936344
1788.960226
1789.038543
1789.057853
1789.155018
1789.348781
1789.377676
1789.437073
1789.494659
1789.534613
1789.621295
1789.701647
1789.71978
1789.850349
1789.864527
1789.954034
1789.970506
1790.068232
1790.283342
1790.330435
1790.332204
1790.483838
1790.536327
1790.559158
1790.712326
1790.829513
1790.830799
1790.9644
1791.000036
1791.025486
1791.136583
1791.212818
1791.212874
1791.282477
1791.396042
1791.412136
1791.427361
1791.4525
1791.477907
1791.492588
1791.778945
1791.79163
1791.946791
1792.049331
1792.073369
1792.197641
1792.219584
1792.231897
1792.36206
1792.364665
1792.640713
1792.714072
1792.757696
1792.873739
1792.878972
1792.879951
1792.955741
1793.04091
1793.147765
1793.218422
1793.229989
1793.241841
1793.287946
1793.314894
1793.319586
1793.321964
1793.333813
1793.463002
1793.520538
1793.613768
1793.682849
1793.977824
1794.006378
1794.250351
1794.270316
1794.288934
1794.318233
1794.361988
1794.375349
1794.383781
1794.399709
1794.447447
1794.539712
1794.578424
1794.595611
1794.650042
1794.658515
1794.881918
1794.892228
1795.246577
1795.31472
1795.339919
1795.44546
1795.498429
1795.605456
1795.784409
1795.855881
1795.866707
1795.904942
1795.923518
1796.073813
1796.104148
1796.139758
1796.355325
1796.377568
1796.412112
1796.655648
1796.780815
1796.803942
1796.829969
1797.048875
1797.12408
1797.151116
1797.172178
1797.202755
1797.387155
1797.530322
1797.653208
1797.658916
1797.691532
1797.695207
1797.714989
1797.726285
1797.730046
1797.731606
1797.733106
1797.733144
1797.786
1797.811061
1797.940008
1798.019925
1798.251309
1798.253152
1798.351294
1798.410584
1798.466252
1798.512608
1798.613918
1798.653561
1798.699906
1798.824436
1798.989127
1799.028938
1799.058861
1799.11988
1799.232636
1799.275187
1799.384331
1799.424749
1799.430424
1799.502059
1799.634458
1799.650729
1799.726335
1799.745797
1799.889225
1799.910817
1799.915179
1799.935559
1799.991934
1800.040714
1800.104519
1800.113509
1800.13106
1800.144132
1800.201645
1800.349979
1800.369389
1800.414821
1800.437547
1800.464156
1800.486248
1800.656784
1800.726697
1800.80293
1800.854385
1800.931977
1801.144738
1801.405727
1801.520777
1801.547082
1801.583913
1801.62477
1801.687397
1801.710435
1801.711131
1801.777738
1801.780665
1801.817295
1801.879373
1801.915619
1801.975506
1802.06285
1802.068332
1802.13537
1802.17152
1802.34802
1802.445136
1802.495909
1802.503768
1802.506719
1802.527615
1802.562229
1802.654005
1802.683222
1802.802654
1802.93018
1803.03476
1803.050499
1803.214789
1803.272206
1803.273368
1803.340175
1803.384996
1803.394549
1803.573891
1803.68674
1803.822232
1803.850403
1803.910026
1804.018066
1804.126395
1804.229915
1804.251471
1804.281752
1804.30535
1804.36626
1804.453403
1804.519718
1804.57603
1804.590378
1804.594544
1804.599841
1804.71218
1804.756247
1804.849246
1804.866011
1804.875229
1804.931011
1804.944361
1804.970639
1805.030277
1805.070366
1805.152686
1805.227433
1805.306954
1805.398385
1805.428618
1805.478061
1805.541976
1805.749175
1805.957049
1806.006735
1806.104368
1806.155381
1806.164096
1806.168603
1806.183442
1806.184941
1806.207457
1806.22096
1806.347896
1806.361241
1806.407071
1806.461185
1806.507039
1806.533784
1806.631996
1806.760334
1806.854899
1806.930616
1806.952181
1806.975163
1807.174057
1807.374852
1807.383103
1807.496887
1807.542602
1807.588912
1807.596238
1807.664949
1807.680403
1807.852462
1807.868009
1807.895838
1807.898386
1807.903375
1807.946029
1807.950416
1807.965839
1807.994305
1808.068787
1808.56713
1808.638009
1808.800475
1808.915327
1808.938562
1808.960408
1809.17257
1809.179077
1809.194836
1809.265335
1809.316035
1809.468618
1809.525573
1809.533026
1809.582006
1809.60924
1809.612278
1809.660598
1809.706385
1809.746643
1809.749198
1809.883513
1810.231016
1810.24324
1810.244858
1810.427294
1810.440837
1810.52656
1810.535013
1810.618332
1810.627677
1810.652326
1810.79777
1810.82403
1810.988945
1810.999116
1810.999498
1811.173462
1811.182669
1811.400952
1811.553413
1811.580727
1811.607566
1811.797066
1811.92282
1811.951225
1811.969202
1811.979317
1812.042913
1812.047828
1812.050607
1812.060024
1812.103436
1812.133083
1812.160756
1812.230916
1812.314952
1812.443096
1812.523834
1812.553495
1812.872918
1812.980896
1812.982845
1813.064592
1813.108088
1813.114784
1813.130108
1813.200619
1813.348682
1813.666529
1813.705728
1813.769614
1813.78188
1813.849635
1814.032832
1814.158738
1814.170468
1814.376292
1814.711457
1814.713442
1814.766755
1815.008695
1815.090082
1815.134462
1815.147339
1815.269268
1815.662858
1815.770489
1816.202625
1816.258467
1816.489592
1816.584476
1816.742535
1816.823941
1816.915937
1816.972572
1817.00067
1817.026004
1817.215941
1817.261481
1817.311698
1817.324058
1817.362087
1817.395834
1817.531747
1817.622187
1817.799608
1817.861246
1818.021364
1818.057784
1818.061482
1818.146656
1818.169118
1818.198473
1818.292823
1818.308726
1818.410198
1818.534691
1818.655884
1818.668072
1818.719814
1818.95573
1819.056266
1819.105996
1819.111983
1819.140975
1819.196082
1819.305789
1819.420643
1819.520124
1819.586478
1819.748872
1819.858555
1819.880603
1819.902568
1819.910827
1820.055688
1820.072061
1820.183121
1820.208576
1820.307873
1820.738134
1820.96649
1821.010578
1821.073045
1821.14816
1821.194115
1821.289895
1821.299129
1821.358115
1821.416782
1821.482809
1821.533948
1821.536158
1821.628674
1821.825654
1822.177043
1822.244065
1822.2888
1822.458652
1822.473963
1822.599171
1822.619595
1822.65168
1822.925427
1823.319079
1823.36869
1823.475706
1823.554256
1823.740723
1823.781912
1823.958671
1824.016832
1824.122519
1824.170771
1824.648828
1824.678801
1824.753907
1824.80107
1824.898939
1824.922218
1824.997355
1825.129089
1825.180225
1825.41809
1825.885943
1826.06202
1826.218849
1826.246984
1826.42244
1826.573368
1826.610172
1826.726662
1826.757572
1826.789785
1826.876781
1826.917106
1826.957002
1827.021373
1827.143991
1827.226781
1827.235005
1827.300701
1827.441786
1827.551168
1827.564892
1827.602929
1827.642029
1827.666959
1827.754377
1827.844795
1827.847093
1827.991773
1828.096072
1828.308677
1828.311434
1828.486729
1828.596922
1828.701273
1828.777225
1829.0859
1829.424588
1829.531766
1829.625031
1829.658175
1829.772328
1830.091094
1830.357158
1830.484383
1830.530334
1830.614036
1830.61786
1830.690622
1830.761286
1830.812304
1830.856518
1830.883907
1830.955763
1831.080394
1831.429421
1831.450369
1831.639659
1831.706268
1831.811983
1832.099509
1832.158129
1832.278226
1832.314048
1832.690883
1832.885323
1832.959487
1832.991647
1833.210104
1833.49882
1833.827153
1834.067351
1834.336009
1834.594735
1834.875838
1834.942816
1835.187924
1835.219858
1835.34773
1835.518208
1835.541075
1835.617345
1835.655263
1835.703765
1835.872704
1835.878797
1835.893966
1836.016579
1836.467046
1836.50167
1836.708102
1836.718749
1836.770896
1836.949807
1837.10404
1837.244295
1837.247773
1837.592637
1837.999413
1838.391482
1838.542235
1838.654493
1838.727554
1838.888691
1838.902924
1839.067751
1839.106192
1839.119871
1839.185529
1839.242649
1839.437103
1839.493995
1839.702361
1839.899902
1840.595834
1840.675796
1840.688347
1840.915744
1841.012992
1841.082756
1841.169252
1841.317227
1841.439414
1841.59028
1841.614888
1841.765837
1842.172364
1842.195211
1842.629774
1842.780191
1842.782502
1843.333891
1843.367196
1843.416644
1843.562192
1843.746135
1843.794041
1843.886088
1843.943535
1843.996384
1844.121833
1844.147976
1844.174878
1844.590382
1844.852123
1845.223486
1845.317028
1845.361709
1845.452658
1845.729504
1846.096499
1846.198385
1846.610565
1846.634373
1846.659137
1846.714413
1847.774371
1847.994703
1848.403897
1848.695541
1848.788512
1848.881941
1849.016017
1849.33447
1849.357083
1849.528617
1850.173505
1850.185141
1850.210757
1850.706977
1850.734588
1850.7542
1851.153193
1851.180799
1851.382886
1851.527241
1852.229547
1852.557166
1852.88483
1852.952253
1853.423923
1853.615316
1853.707433
1853.78707
1854.016361
1854.260788
1854.412435
1854.619726
1854.62671
1855.174405
1855.625703
1855.785116
1856.002084
1856.48161
1856.502425
1856.504775
1856.682749
1856.898378
1857.172333
1857.295533
1858.354074
1858.374443
1858.741565
1859.353678
1859.58294
1859.676331
1860.228138
1860.515482
1860.585122
1860.622923
1860.8612
1860.946343
1861.071139
1861.315556
1861.426292
1861.675235
1862.065595
1862.521533
1862.881315
1862.998396
1863.348269
1863.471953
1863.603473
1863.668127
1863.974839
1864.336518
1864.546525
1864.79396
1865.545825
1865.795541
1865.990728
1866.239549
1866.304626
1866.49704
1866.574463
1866.595241
1866.932576
1867.234953
1867.676978
1867.700537
1867.773784
1867.841928
1867.997177
1868.35439
1869.372916
1869.480601
1869.757738
1870.231402
1870.659504
1870.75369
1871.080617
1871.428287
1872.132361
1872.216514
1872.667712
1872.750099
1873.022689
1873.157142
1873.399754
1873.540171
1873.66016
1873.992358
1874.701705
1875.749392
1876.312288
1876.405189
1877.367062
1878.122148
1878.931635
1879.572009
1879.590969
1879.981914
1880.452972
1881.245892
1881.274199
1882.330775
1883.362347
1884.779122
1885.045652
1885.740091
1886.235641
1886.768772
1887.386469
1887.622137
1887.946182
1888.802538
1888.813414
1888.853539
1889.993746
1890.135283
1890.926257
1891.824961
1892.075407
1892.106304
1892.427541
1892.768207
1892.824918
1893.110615
1893.43363
1893.744846
1895.422343
1895.488215
1895.74315
1896.309471
1896.45087
1896.903593
1896.949188
1897.140698
1897.648863
1897.654389
1898.456402
1899.342247
1900.160289
1900.255389
1900.271084
1900.642421
1901.176129
1901.840302
1902.550958
1903.375533
1904.174512
1904.57775
1904.697911
1905.010388
1905.328001
1905.646586
1908.047427
1908.469798
1908.691209
1909.102505
1909.599283
1909.842117
1910.680404
1910.819601
1911.385309
1911.533588
1912.733947
1912.80412
1913.730767
1915.325396
1915.512428
1915.79005
1915.912897
1917.473988
1917.675984
1919.906692
1920.157189
1920.876324
1921.065495
1921.081101
1922.008948
1923.123531
1924.606037
1925.248136
1925.606191
1926.999674
1927.339147
1928.141667
1928.235346
1928.747971
1929.991584
1930.416175
1930.630053
1930.927785
1930.997452
1931.589496
1931.813702
1932.025052
1933.549497
1934.284841
1935.180459
1935.80947
1937.531163
1937.839165
1938.963464
1939.177998
1939.242956
1939.7315
1940.157581
1940.370829
1942.819382
1943.100034
1943.408184
1943.68469
1943.749472
1944.216417
1944.473245
1944.809474
1944.976207
1945.288484
1946.375826
1947.84351
1948.594418
1950.324105
1951.143644
1952.172186
1953.191291
1953.607697
1954.031282
1954.47968
1954.918429
1955.123305
1957.956618
1958.103382
1958.468402
1959.457535
1959.663296
1960.465579
1961.756433
1963.649818
1965.490356
1965.728036
1965.788142
1965.822019
1966.360198
1966.683131
1967.750855
1969.762397
1970.39746
1970.897899
1971.595949
1971.980854
1972.052579
1972.427468
1972.618031
1973.043989
1974.010007
1974.708913
1976.931613
1976.959698
1977.295948
1977.634817
1983.226332
1983.313205
1987.652456
1988.558198
1991.177461
1991.612147
1992.87479
1993.587175
1993.841521
1997.627497
1998.112813
1998.448528
1999.313334
1999.747478
2000.099706
2001.175265
2001.28282
2003.152746
2003.653582
2005.757678
2006.091315
2006.630762
2007.764082
2008.086772
2010.284066
2013.733994
2014.679952
2017.888568
2017.908202
2017.912324
2018.439085
2019.914066
2022.206076
2023.161052
2023.450108
2023.498309
2025.147629
2025.600237
2027.526412
2033.591461
2035.751442
2036.086376
2037.944173
2038.989997
2039.227876
2039.530345
2040.004853
2040.648576
2040.83629
2041.651674
2043.782549
2048.701366
2049.751457
2050.144318
2051.050255
2051.06941
2054.817726
2056.214476
2057.114915
2061.545913
2063.174864
2063.804807
2064.591874
2065.653915
2066.594214
2072.570803
2074.600427
2075.469852
2076.647361
2076.870523
2079.489666
2080.213944
2081.873779
2084.750834
2095.043255
2106.727347
2108.78316
2109.286188
2110.130776
2112.208073
2115.971148
2118.37752
2128.5011
2136.883402
2137.964675
2140.32071
2144.881208
2146.573936
2169.224384
2187.511023
2189.847083
2197.163118
2198.350198
2200.117154
2200.929409
2208.372038
2208.655836
2218.409949
2236.880056
2239.179386
2241.905949
2243.098846
2256.228242
2266.255942
2287.88428
2288.379091
2297.416257
2299.658121
2303.932433
2315.70835
2389.196433
2390.260333
2464.076545
2477.363903
2518.838912
2559.609426
3388.789229
