1.489629
6.170685
6.767773
7.218398
7.420044
7.426352
7.759887
7.936643
7.994924
8.03742
8.103874
8.288544
8.357058
8.376701
8.666543
8.779701
8.916956
9.161578
9.338234
9.69561
9.816138
9.829123
9.832689
9.916984
10.065854
10.39658
10.425897
10.554724
10.645377
10.805778
10.89899
10.996115
11.005382
11.027888
11.16333
11.307753
11.356781
11.386374
11.476759
11.485992
11.514054
11.619747
11.877346
11.920576
11.948671
12.039805
12.187788
12.204283
12.308445
12.457266
12.537076
12.570969
12.624121
12.65858
12.6612
12.810635
12.857559
12.889441
12.957796
12.96241
13.002807
13.026874
13.054236
13.062276
13.082982
13.092571
13.113927
13.165078
13.221665
13.458529
13.471954
13.478412
13.489751
13.569102
13.590086
13.82753
13.880205
13.89949
14.090564
14.109432
14.254714
14.260232
14.313954
14.354554
14.363901
14.372369
14.428199
14.474332
14.61641
14.634396
14.664203
14.732132
14.889222
14.988669
15.227564
15.23598
15.329316
15.349052
15.423891
15.485941
15.505033
15.581831
15.663765
15.673223
15.677337
15.74283
15.777385
15.788613
15.913459
15.957772
16.006056
16.030575
16.071488
16.105415
16.212812
16.217569
16.219904
16.324655
16.596707
16.598943
16.667443
17.106599
17.188466
17.250291
17.343487
17.527295
17.793384
18.009264
18.010527
18.057541
18.123292
18.184368
18.282753
18.309423
18.344837
18.370604
18.416894
18.492957
18.544468
18.661112
18.720434
18.77297
18.914758
19.038803
19.336615
19.342735
19.405662
19.430921
19.479677
19.50028
19.571974
19.705641
19.737131
19.75233
19.78196
19.91674
20.177318
20.265918
20.296526
20.407045
20.468844
20.659473
20.749256
21.324838
21.40945
21.483485
21.487017
21.571187
22.083535
22.575784
22.735266
23.100299
23.134922
23.211444
23.60475
23.815774
23.827048
23.886123
24.02034
24.370273
24.545967
25.022241
25.222573
25.490938
25.732825
25.996898
26.0614
26.156543
26.325067
26.555433
26.744379
26.847235
27.237696
27.385053
27.430262
27.586223
27.638642
27.972833
28.176915
28.235256
28.382059
28.407956
29.371106
29.649835
30.484443
31.707259
32.464529
32.771617
33.403455
33.59529
34.738487
35.387265
36.491671
37.281688
38.866076
39.544958
39.699223
40.466662
43.25786
43.980983
45.278059
48.441569
49.193234
53.192125
58.267787
59.156905
59.409027
60.856754
60.930272
61.87485
64.090349
66.131707
74.330065
81.386432
83.99908
86.626249
88.037417
89.934863
107.885614
108.28856
110.264716
110.561132
113.179933
114.810803
115.041497
115.064596
115.460163
115.849213
116.719441
117.689406
118.445882
119.083458
119.106626
119.333004
120.508881
120.939312
122.037072
122.489295
122.635961
122.716835
122.843685
122.880202
122.916898
123.348168
123.510179
123.859743
124.199654
124.240838
124.522124
124.626467
124.637841
124.748589
124.855072
125.573822
125.621195
125.621473
125.89294
126.077111
126.618921
126.69135
126.73112
126.93892
126.939314
127.451229
127.721169
128.057222
128.2213
128.597741
128.92815
129.04968
129.176608
129.289314
129.432362
129.473258
130.09961
130.142701
130.357222
130.389126
130.429991
130.53588
130.721911
131.006236
131.135912
131.29557
131.307795
131.542994
131.622019
131.645382
131.650661
131.78571
132.044312
132.346223
132.532662
132.581267
132.655401
133.043868
133.188121
133.647635
133.740325
133.793367
134.065211
134.878148
135.896875
136.091432
136.159544
136.876411
136.915875
137.416993
137.562469
138.020452
138.02558
138.161757
138.632326
138.802302
138.878949
139.590301
140.293762
140.50038
141.480821
142.03035
142.521695
142.912308
143.051384
143.216675
144.269551
144.6331
144.650631
144.673165
144.976852
146.290221
147.011693
147.561164
147.973826
148.207337
148.252513
148.305559
148.934074
149.196618
150.005982
150.025298
150.074106
150.579573
151.141108
151.405096
152.17236
152.676167
153.353687
155.465219
155.821716
155.950893
157.225882
157.855919
158.901281
159.559427
159.961987
161.703829
161.732705
162.306728
163.202678
163.205535
163.275878
163.85075
165.000911
165.16292
166.22356
166.458218
166.793487
167.095959
168.790799
169.284011
170.413223
170.948446
172.262659
173.886826
174.30722
175.243079
175.335755
176.224999
178.634425
178.940276
184.60361
185.09321
186.129773
187.161944
189.10615
189.614604
191.398461
192.095664
192.236305
193.044335
196.873148
197.359291
197.930189
198.36228
198.418472
198.61576
198.901939
201.633579
206.529408
206.725568
207.50194
208.505302
210.598507
211.252021
212.687713
213.089425
214.33453
215.094173
215.167757
215.188283
217.694253
218.140978
220.885056
220.963096
221.277235
221.539248
221.681501
222.73636
222.767392
223.028018
223.543701
227.506585
228.267213
229.495826
230.982213
231.906139
234.720387
236.771003
238.571604
239.578663
239.998706
241.463403
245.795659
247.011237
249.487518
250.849794
251.327895
252.096675
253.020769
255.366725
257.746182
258.013208
260.722565
266.16702
266.828622
267.041872
271.396156
271.642211
275.761046
280.540092
280.691282
283.647018
286.055585
289.276359
292.310289
293.017231
298.443468
302.464681
302.695777
308.396452
309.411257
310.301693
311.653637
315.117115
316.542772
317.286189
318.644854
322.886657
323.05917
326.36662
329.228195
345.14545
364.791724
390.314243
399.671199
413.266756
447.66886
448.530353
456.731178
466.889194
474.385764
480.628961
490.754112
501.809141
507.216472
515.789012
531.626856
533.250897
541.071941
543.720948
547.008752
558.559502
568.20624
574.107877
576.186192
584.626837
589.462427
607.694793
609.871148
623.670827
631.035731
634.217292
639.381224
644.199543
644.692435
646.910734
665.00482
666.042529
672.322307
674.644626
689.399041
691.831469
694.059608
700.841217
703.037242
706.053057
711.301777
713.30281
730.601145
731.371224
735.651727
742.168602
744.28295
755.401504
755.790268
763.536941
766.725903
795.280249
808.756674
830.581795
867.017819
881.066949
914.136921
917.457683
931.789316
947.468587
977.144776
991.241497
1002.802021
1002.92423
1008.055676
1011.305445
1021.841253
1036.044021
1040.32708
1058.000787
1058.62066
1059.352834
1063.488512
1079.168718
1086.48585
1097.814042
1099.078673
1106.709935
1123.25565
1129.109496
1171.663599
1183.573116
1194.110818
1196.346008
1197.976858
1203.648857
1235.262846
1318.127655
1380.366484
1404.467547
1409.582235
1414.408279
1442.739474
1469.587229
1472.706463
1502.766344
1503.944012
1537.799023
1539.022069
1550.479325
1556.481618
1560.883731
1575.891413
1579.535861
1594.973339
1598.840741
1600.197291
1610.033673
1616.251286
1638.3305
1654.009526
1678.625051
1679.72423
1721.370165
1727.216953
1756.970298
1768.435673
1779.595413
1799.444122
1849.981127
1870.539368
1892.926363
1916.962532
1961.334589
1964.772844
1980.083263
1986.259898
1990.838832
2016.377624
2038.666667
2173.415717
2277.255622
2500.968102
2950.350945
4318.176327
7128.621484
10802.81856
