39.544958
148.305559
153.353687
155.950893
169.284011
176.224999
198.36228
208.505302
212.687713
214.33453
220.963096
236.771003
239.998706
241.463403
245.795659
250.849794
364.791724
466.889194
474.385764
480.628961
490.754112
501.809141
515.789012
531.626856
646.910734
665.00482
694.059608
700.841217
744.28295
947.468587
991.241497
1002.802021
1011.305445
1040.32708
1058.62066
1059.352834
1099.078673
1171.663599
1194.110818
1197.976858
1203.648857
1768.435673
1961.334589
1986.259898
1990.838832
2950.350945
10802.81856
