171.775107
742.013606
764.222252
773.185155
773.971195
776.935095
781.21301
801.649149
804.008372
817.763442
824.82696
826.693333
830.601346
838.338888
884.425671
890.264721
892.916133
893.311035
897.18499
899.214968
902.56767
902.568221
907.523069
908.211041
913.180173
914.199456
916.715397
921.307177
924.496357
928.976637
929.649135
938.915008
942.495102
945.086942
948.386803
948.713323
949.354891
950.055843
950.157276
950.503634
950.518215
950.804879
951.010554
951.181307
951.868795
952.276424
952.922417
953.129789
953.282608
953.718911
954.152727
954.195538
954.220212
954.659106
954.76534
955.293191
956.159507
956.221644
956.93878
957.082163
958.267215
958.405397
958.851258
958.956345
959.352362
960.22307
960.4512
960.569237
960.700191
960.732943
960.809673
960.93404
961.14181
961.274816
961.518708
961.563865
961.694996
961.711341
961.942291
962.064895
962.290907
962.310654
962.794471
962.898674
963.436871
963.487253
963.501293
963.537137
963.590006
963.84372
964.108313
964.136348
964.181316
964.216131
964.360083
964.526179
964.924439
964.940645
965.007384
965.060968
965.091376
965.151397
965.260809
965.505455
965.60653
965.713951
965.774036
965.779684
965.840243
965.951113
966.180162
966.267046
966.621231
966.685843
966.703888
966.717662
966.984047
967.143314
967.241603
967.372993
967.408661
967.4936
967.497639
967.621307
967.663052
967.75427
967.782994
967.980407
968.027383
968.111743
968.125024
968.230862
968.23202
968.268002
968.383238
968.492971
968.534094
968.784017
968.888341
968.948627
969.121298
969.156158
969.197366
969.344492
969.418021
969.418407
969.696398
969.796597
969.851462
969.885817
969.916912
969.986367
970.180715
970.372008
970.450622
970.505157
970.507795
970.537918
970.540154
970.603033
970.647934
970.719241
970.748026
970.826938
971.020968
971.115846
971.126747
971.3953
971.434543
971.546254
971.584951
971.63718
971.652021
971.659412
971.723746
971.740146
971.904008
972.160382
972.273451
972.447588
972.616364
972.67258
972.673294
972.685715
972.861592
972.87754
973.026815
973.032085
973.049435
973.078602
973.082551
973.152105
973.164967
973.16771
973.201938
973.209734
973.307392
973.322162
973.351972
973.471476
973.554103
973.558092
973.559983
973.638261
973.694302
973.78993
973.926867
974.027189
974.027954
974.121056
974.147699
974.162271
974.253523
974.39563
974.419277
974.438912
974.465445
974.481113
974.545279
974.559773
974.737498
974.808448
974.890133
974.912874
974.966999
975.050821
975.108066
975.212707
975.328784
975.395495
975.426938
975.453817
975.470416
975.545205
975.573207
975.729824
975.760441
975.767854
975.787138
975.812175
976.015265
976.040774
976.134755
976.160836
976.175682
976.201878
976.231046
976.271315
976.282766
976.306511
976.388544
976.39951
976.419878
976.444462
976.477955
976.478822
976.480218
976.529009
976.565963
976.581085
976.598792
976.60147
976.644127
976.644689
976.649775
976.660115
976.708554
976.714594
976.743689
976.774767
976.789334
976.805253
976.904754
976.911744
976.921364
976.958788
976.968801
977.055085
977.084429
977.140868
977.141421
977.200361
977.210156
977.220334
977.265112
977.456061
977.520569
977.558223
977.67363
977.704948
977.753981
977.78555
977.841181
977.861863
977.915118
977.938469
977.952385
977.963436
978.013505
978.040415
978.05004
978.081858
978.082996
978.084063
978.111214
978.128174
978.142791
978.14846
978.159625
978.27216
978.290678
978.30531
978.367677
978.369454
978.403161
978.417066
978.417523
978.460834
978.518964
978.612636
978.631377
978.637506
978.646623
978.658285
978.665236
978.70089
978.789522
978.795765
978.798474
978.884922
978.903846
978.919706
978.958894
979.036722
979.042051
979.051247
979.133569
979.141685
979.15705
979.184639
979.267206
979.319419
979.366814
979.42229
979.423207
979.436014
979.457401
979.461359
979.519885
979.569523
979.571168
979.572095
979.590401
979.612182
979.686971
979.707391
979.711549
979.716708
979.747736
979.801532
979.840465
979.860469
979.944322
979.954882
980.037642
980.044427
980.067914
980.118839
980.271551
980.313519
980.410343
980.48645
980.491485
980.503288
980.550709
980.653498
980.692966
980.693167
980.708919
980.722656
980.728666
980.735154
980.788938
980.822816
980.850798
980.866687
980.886946
980.889102
980.943983
980.953699
981.009851
981.016317
981.02641
981.113532
981.126137
981.152484
981.162417
981.22651
981.307601
981.409411
981.434642
981.491469
981.572309
981.574021
981.634715
981.652774
981.668966
981.673184
981.764786
981.772828
981.804201
981.811264
981.837339
981.870443
981.884698
981.913394
981.918797
981.932261
981.973539
981.976704
981.986209
981.992675
982.020046
982.059901
982.065373
982.104443
982.126014
982.1293
982.164324
982.166678
982.178882
982.217123
982.26591
982.279417
982.408692
982.410077
982.446418
982.500388
982.542384
982.547353
982.583212
982.643158
982.651572
982.68605
982.706789
982.714619
982.8051
982.821845
982.889545
982.941389
982.942933
982.944081
982.994202
983.020654
983.105456
983.108833
983.156362
983.158403
983.168321
983.20972
983.215952
983.252068
983.295235
983.354171
983.409516
983.432646
983.437677
983.481114
983.489602
983.495006
983.516279
983.521776
983.533632
983.567418
983.645076
983.668265
983.674744
983.688111
983.690925
983.691482
983.7046
983.714556
983.718024
983.817809
983.819753
983.839748
983.850955
983.857757
983.887661
983.901795
983.906613
983.909865
983.916904
983.947307
983.971896
984.029313
984.02982
984.068005
984.092201
984.096872
984.123869
984.131145
984.13783
984.151168
984.151494
984.151627
984.168728
984.187558
984.203395
984.214681
984.226633
984.293386
984.306512
984.389651
984.462754
984.467984
984.469024
984.48811
984.489879
984.555852
984.568906
984.583123
984.626559
984.630965
984.64314
984.699857
984.710071
984.728423
984.729304
984.794747
984.796188
984.817825
984.834036
984.855849
984.894314
984.942806
985.018324
985.038201
985.050244
985.070424
985.072762
985.072822
985.101015
985.113346
985.118494
985.172881
985.214231
985.223744
985.224505
985.251463
985.276085
985.33081
985.363258
985.371748
985.377416
985.407553
985.419433
985.425151
985.433966
985.49693
985.585604
985.611721
985.613544
985.642036
985.679104
985.705367
985.733315
985.781891
985.788151
985.817828
985.834129
985.878702
985.966944
985.967656
985.969392
986.027934
986.062149
986.09309
986.099793
986.10545
986.154209
986.168209
986.201949
986.208293
986.270638
986.298881
986.351741
986.370106
986.372345
986.386032
986.445217
986.533789
986.553881
986.584729
986.623264
986.625428
986.757211
986.77107
986.786693
986.792267
986.844747
986.85364
986.937295
986.975639
986.984472
986.992102
987.043082
987.064538
987.073238
987.076726
987.081647
987.086607
987.139042
987.150812
987.15259
987.158279
987.159349
987.195227
987.213818
987.232952
987.236169
987.252274
987.26841
987.268915
987.278252
987.307463
987.347483
987.356209
987.362963
987.372229
987.389389
987.405675
987.411103
987.436812
987.454876
987.50082
987.514434
987.53997
987.591614
987.613787
987.634163
987.643562
987.654555
987.665931
987.686797
987.690828
987.691987
987.729864
987.732765
987.734852
987.748645
987.764944
987.766741
987.770648
987.774803
987.785489
987.806977
987.818117
987.836246
987.850346
987.865828
987.872531
987.902033
987.904196
987.913618
987.938345
988.043606
988.044089
988.089129
988.090223
988.091283
988.100579
988.106894
988.107485
988.155911
988.167362
988.187353
988.191873
988.194611
988.209972
988.244618
988.254307
988.262999
988.291163
988.293809
988.314371
988.320998
988.323527
988.343052
988.362911
988.368345
988.383983
988.420763
988.435184
988.452452
988.460737
988.461426
988.463263
988.463419
988.531069
988.533304
988.540691
988.561679
988.581118
988.586599
988.642435
988.656295
988.664185
988.690277
988.741961
988.753343
988.768562
988.781203
988.79406
988.843137
988.852316
988.855224
988.866544
988.876534
988.898643
988.924122
988.932139
988.966101
988.976467
988.992717
989.023671
989.024767
989.034441
989.060428
989.068785
989.075371
989.081695
989.087106
989.134461
989.147943
989.16252
989.196088
989.201995
989.242396
989.301323
989.305221
989.318914
989.331269
989.332676
989.358823
989.365076
989.37985
989.395905
989.470651
989.512023
989.529398
989.537104
989.544795
989.551297
989.562787
989.624776
989.637669
989.649181
989.672696
989.763046
989.769239
989.863102
989.905481
989.950253
989.990042
990.004271
990.006382
990.052018
990.117045
990.124474
990.156278
990.169759
990.188373
990.22094
990.238217
990.241547
990.26248
990.330258
990.355529
990.358849
990.372079
990.380541
990.388375
990.396027
990.410433
990.415627
990.415715
990.450549
990.482686
990.533629
990.546148
990.550749
990.555562
990.582063
990.583039
990.592745
990.592958
990.642947
990.648819
990.664899
990.678607
990.684358
990.706837
990.708661
990.731357
990.746928
990.749291
990.755123
990.757996
990.760086
990.768693
990.778659
990.782002
990.80858
990.830738
990.857181
990.887967
990.891819
990.897087
990.927977
990.933395
990.940378
990.965731
990.988819
991.012989
991.013782
991.065241
991.102673
991.103487
991.124494
991.178676
991.202253
991.228286
991.232806
991.238551
991.248032
991.350835
991.406526
991.413534
991.436944
991.460031
991.462833
991.462962
991.463621
991.486764
991.486991
991.490944
991.572023
991.613108
991.617414
991.619373
991.623862
991.631554
991.633095
991.681497
991.689225
991.716561
991.761001
991.779166
991.795336
991.796716
991.806594
991.824359
991.841395
991.880331
991.963159
991.967704
992.001158
992.052534
992.079829
992.080068
992.111151
992.121268
992.151611
992.151834
992.154273
992.210596
992.211543
992.216417
992.231844
992.238003
992.314689
992.327006
992.395832
992.412163
992.515754
992.533355
992.543128
992.563214
992.574815
992.575164
992.64527
992.657093
992.658994
992.666093
992.705111
992.709669
992.747496
992.767615
992.768817
992.801545
992.811222
992.842376
992.84659
992.87639
992.889305
992.938841
992.963507
992.969568
992.991447
993.01034
993.023573
993.029814
993.0823
993.10117
993.166511
993.240711
993.249933
993.261062
993.272551
993.294815
993.312393
993.343469
993.348053
993.383372
993.465516
993.491926
993.496993
993.509081
993.516644
993.525619
993.538149
993.549925
993.561162
993.563433
993.612074
993.636513
993.640191
993.641853
993.731316
993.734978
993.769445
993.783486
993.887931
993.888729
993.907558
993.923358
993.929733
993.955353
993.978213
993.989078
993.995225
994.035997
994.04093
994.064002
994.097158
994.10883
994.147332
994.165614
994.173118
994.194528
994.212641
994.236648
994.253912
994.299455
994.307622
994.32801
994.367107
994.379947
994.416685
994.433414
994.450154
994.46879
994.565093
994.576779
994.580332
994.622589
994.638909
994.649501
994.656989
994.670988
994.685054
994.720466
994.727954
994.7448
994.762749
994.764788
994.765831
994.805666
994.835823
994.837774
994.851978
994.884336
994.90846
994.935622
994.958894
994.971208
994.976175
994.988303
994.991023
994.992625
995.036497
995.061869
995.110236
995.129392
995.168451
995.179958
995.180944
995.183278
995.211953
995.220848
995.238241
995.268734
995.273751
995.275347
995.28366
995.295719
995.309736
995.351401
995.40123
995.404942
995.41922
995.432896
995.48319
995.484452
995.504635
995.526452
995.526952
995.528606
995.539238
995.544098
995.575415
995.63128
995.633164
995.703231
995.743238
995.75638
995.762271
995.768917
995.778137
995.799313
995.837152
995.851187
995.863398
995.909279
995.941826
995.942331
995.969532
995.982572
995.993681
995.995263
996.015969
996.029733
996.052666
996.058419
996.077375
996.09217
996.110183
996.115454
996.120485
996.141236
996.149543
996.191704
996.208058
996.212405
996.22381
996.232521
996.234442
996.261923
996.286836
996.317562
996.354663
996.370325
996.382467
996.388255
996.400887
996.409171
996.43669
996.437489
996.438015
996.439455
996.442267
996.502022
996.525369
996.527324
996.551224
996.561391
996.570961
996.587028
996.600067
996.658486
996.725488
996.747357
996.757432
996.780087
996.785803
996.795484
996.798253
996.802186
996.805368
996.837866
996.859988
996.913852
996.930261
996.945763
997.000939
997.013287
997.018761
997.038764
997.082747
997.097979
997.106862
997.107527
997.242126
997.279728
997.291643
997.299622
997.318392
997.324909
997.349649
997.355383
997.390444
997.393313
997.394021
997.407709
997.408005
997.416097
997.434818
997.440765
997.444736
997.465959
997.480733
997.498271
997.499273
997.500249
997.522829
997.560154
997.568042
997.593949
997.602383
997.616318
997.680252
997.684393
997.716798
997.724325
997.727024
997.732598
997.733745
997.735774
997.824248
997.841062
997.864452
997.873405
997.88536
997.886264
997.88847
997.903717
997.903802
997.912333
997.925415
997.942753
997.945156
997.948247
997.995477
998.017468
998.032176
998.04561
998.07191
998.074645
998.120881
998.121322
998.129218
998.168456
998.241513
998.265521
998.280958
998.285591
998.296268
998.302328
998.339935
998.359023
998.375665
998.381018
998.396676
998.438771
998.449201
998.474851
998.493061
998.559789
998.621616
998.622625
998.667575
998.68036
998.761004
998.780682
998.801711
998.820983
998.831788
998.837046
998.858741
998.878811
998.879808
998.884315
998.897006
998.906059
998.916766
998.925346
998.93435
998.956445
998.993023
999.000478
999.002896
999.02883
999.033514
999.035906
999.044665
999.046047
999.104032
999.104967
999.134034
999.136636
999.173195
999.204133
999.231568
999.23589
999.247414
999.252597
999.28199
999.285823
999.293898
999.343737
999.349531
999.353715
999.374495
999.37632
999.388463
999.45551
999.475206
999.477357
999.492744
999.502381
999.5026
999.506525
999.539993
999.585888
999.604101
999.60504
999.610022
999.645715
999.652611
999.660889
999.695626
999.752035
999.803716
999.81057
999.820364
999.825841
999.838107
999.840567
999.847039
999.847059
999.861339
999.880911
999.918902
999.935547
999.939842
999.942063
999.953741
999.981291
999.988041
999.9951
999.999376
1000.001633
1000.010729
1000.013867
1000.043364
1000.04404
1000.049115
1000.059591
1000.060199
1000.070042
1000.077191
1000.078864
1000.079613
1000.089717
1000.108961
1000.132289
1000.144012
1000.159722
1000.18435
1000.186283
1000.223708
1000.242903
1000.245317
1000.271528
1000.274578
1000.308494
1000.324737
1000.35338
1000.371753
1000.404307
1000.405845
1000.434998
1000.442681
1000.444581
1000.472899
1000.479948
1000.482706
1000.497154
1000.516978
1000.524726
1000.537847
1000.632841
1000.647399
1000.677436
1000.700557
1000.712688
1000.726596
1000.764165
1000.77114
1000.78256
1000.810369
1000.831678
1000.868452
1000.885713
1000.899539
1000.90394
1000.905789
1000.937372
1000.967566
1001.015996
1001.061583
1001.096882
1001.164299
1001.200778
1001.202944
1001.249522
1001.249618
1001.263276
1001.266435
1001.27348
1001.278553
1001.301988
1001.321374
1001.334728
1001.378784
1001.379519
1001.392548
1001.430042
1001.430355
1001.433997
1001.454807
1001.47051
1001.488561
1001.513902
1001.523358
1001.524998
1001.547749
1001.59247
1001.609728
1001.617079
1001.639472
1001.672408
1001.67426
1001.710057
1001.72775
1001.746747
1001.792794
1001.819194
1001.820851
1001.820897
1001.879971
1001.883575
1001.887641
1001.910298
1001.929763
1001.962403
1001.974102
1001.975974
1001.984848
1001.985332
1001.995373
1002.026121
1002.045659
1002.066864
1002.082165
1002.090152
1002.094322
1002.095446
1002.119762
1002.128808
1002.135263
1002.162245
1002.17853
1002.193207
1002.229886
1002.274696
1002.348907
1002.350067
1002.350559
1002.356166
1002.386307
1002.38796
1002.395858
1002.416253
1002.430071
1002.43239
1002.458948
1002.467172
1002.479956
1002.515802
1002.556354
1002.561282
1002.581265
1002.662982
1002.66443
1002.775061
1002.776821
1002.793277
1002.830468
1002.871094
1002.873075
1002.889006
1002.890611
1002.901331
1002.917092
1002.920077
1002.922205
1002.944729
1002.958402
1002.976557
1002.980677
1003.022686
1003.110133
1003.14504
1003.153944
1003.262774
1003.319698
1003.327529
1003.480533
1003.483295
1003.511453
1003.523565
1003.528126
1003.532459
1003.555008
1003.556687
1003.572989
1003.581548
1003.603564
1003.619878
1003.684635
1003.688493
1003.695296
1003.721835
1003.729845
1003.806196
1003.815809
1003.829732
1003.84615
1003.853684
1003.863794
1003.897807
1003.919791
1003.962303
1003.99194
1004.012634
1004.026652
1004.056555
1004.061536
1004.08504
1004.133495
1004.162423
1004.19644
1004.220822
1004.297185
1004.305393
1004.334606
1004.340421
1004.403404
1004.417858
1004.447115
1004.545114
1004.55016
1004.553344
1004.597724
1004.59899
1004.609196
1004.63206
1004.63904
1004.641331
1004.664732
1004.671489
1004.703137
1004.750385
1004.786708
1004.83936
1004.889174
1004.914202
1004.921061
1004.942281
1004.951022
1004.958249
1004.96538
1004.99255
1005.054645
1005.090302
1005.098624
1005.118776
1005.225516
1005.232516
1005.242794
1005.262859
1005.263546
1005.314922
1005.322046
1005.370894
1005.416978
1005.423165
1005.440247
1005.472484
1005.511645
1005.513414
1005.567942
1005.583503
1005.5885
1005.595273
1005.630374
1005.630714
1005.679794
1005.794849
1005.804783
1005.808694
1005.884751
1005.889779
1005.890398
1005.900263
1005.934426
1005.951219
1006.027393
1006.056078
1006.072293
1006.076588
1006.095708
1006.201403
1006.205946
1006.229606
1006.241519
1006.284538
1006.290735
1006.308698
1006.355861
1006.37217
1006.374044
1006.375114
1006.381365
1006.397077
1006.411109
1006.435632
1006.45244
1006.475829
1006.49407
1006.497037
1006.506485
1006.522131
1006.528631
1006.533719
1006.558619
1006.570353
1006.576832
1006.599144
1006.694944
1006.707471
1006.713807
1006.769944
1006.791402
1006.791605
1006.803211
1006.810626
1006.896555
1006.9143
1006.979124
1007.012939
1007.025754
1007.03338
1007.035426
1007.040768
1007.054855
1007.144635
1007.148942
1007.157785
1007.199339
1007.209493
1007.264516
1007.276322
1007.286557
1007.327343
1007.335647
1007.357281
1007.359095
1007.36889
1007.384816
1007.480574
1007.502922
1007.517301
1007.531866
1007.583468
1007.641468
1007.644586
1007.671304
1007.693081
1007.708566
1007.710018
1007.728664
1007.751107
1007.756885
1007.762402
1007.800494
1007.824005
1007.829526
1007.870796
1007.892869
1007.919275
1007.921281
1007.922376
1008.027616
1008.045768
1008.064498
1008.078403
1008.079689
1008.090269
1008.116657
1008.139508
1008.187445
1008.204708
1008.226557
1008.273989
1008.364341
1008.382709
1008.389956
1008.519157
1008.536985
1008.562888
1008.566308
1008.566316
1008.718563
1008.778144
1008.784899
1008.794431
1008.811528
1008.812042
1008.852157
1008.874397
1008.882012
1008.890491
1008.899584
1008.908505
1008.943855
1008.991534
1009.004022
1009.066721
1009.070338
1009.083564
1009.101233
1009.143375
1009.144315
1009.14783
1009.17537
1009.208192
1009.262197
1009.576652
1009.599012
1009.611259
1009.614304
1009.630805
1009.665081
1009.672088
1009.681034
1009.706815
1009.709702
1009.829803
1009.830042
1009.846027
1009.87431
1009.899409
1009.91669
1009.944927
1010.013923
1010.087987
1010.095846
1010.109134
1010.118153
1010.13773
1010.146144
1010.149749
1010.155624
1010.218501
1010.231503
1010.243241
1010.243882
1010.247521
1010.307839
1010.328109
1010.344246
1010.351263
1010.378854
1010.38081
1010.384476
1010.429967
1010.430843
1010.464574
1010.471902
1010.53911
1010.559511
1010.581461
1010.624938
1010.650979
1010.671595
1010.673613
1010.690534
1010.693605
1010.760956
1010.806372
1010.891075
1010.903764
1010.912435
1010.927378
1010.959105
1011.014608
1011.069114
1011.075001
1011.13031
1011.152425
1011.171753
1011.224483
1011.256122
1011.266983
1011.309948
1011.322752
1011.342246
1011.353499
1011.365036
1011.367731
1011.37378
1011.393763
1011.42353
1011.432159
1011.439835
1011.458055
1011.47429
1011.503002
1011.503539
1011.518432
1011.530824
1011.586968
1011.6652
1011.672194
1011.708252
1011.725869
1011.777208
1011.811355
1011.825354
1011.830158
1011.858754
1011.88271
1011.88351
1011.901688
1011.910188
1011.949508
1011.958789
1011.963892
1012.009183
1012.072229
1012.079669
1012.131405
1012.133806
1012.18013
1012.190502
1012.213839
1012.235791
1012.304214
1012.313974
1012.326862
1012.409479
1012.42196
1012.444004
1012.509221
1012.562858
1012.570776
1012.574128
1012.587746
1012.587948
1012.614146
1012.928156
1012.939027
1013.017926
1013.030657
1013.037165
1013.105684
1013.118845
1013.171267
1013.171421
1013.177292
1013.227442
1013.239085
1013.257887
1013.278773
1013.289338
1013.295534
1013.298292
1013.299862
1013.306253
1013.384326
1013.384806
1013.495526
1013.516198
1013.533162
1013.576445
1013.630118
1013.643068
1013.64925
1013.658438
1013.693769
1013.760218
1013.800397
1013.829034
1013.927227
1013.928604
1013.932304
1013.938002
1014.000901
1014.018729
1014.090653
1014.19884
1014.20358
1014.205731
1014.358138
1014.429963
1014.478755
1014.488065
1014.503523
1014.524751
1014.589147
1014.659532
1014.748829
1014.810443
1014.838044
1014.858831
1014.869628
1014.876681
1014.895165
1014.913237
1014.915769
1014.918677
1014.936403
1014.972413
1014.990944
1015.009619
1015.096872
1015.105798
1015.173346
1015.279871
1015.361619
1015.408554
1015.412322
1015.525637
1015.546861
1015.638931
1015.661916
1015.664664
1015.683103
1015.692668
1015.7712
1015.775617
1015.857213
1015.858293
1015.881743
1015.911678
1015.974729
1016.012121
1016.031499
1016.033236
1016.047003
1016.065049
1016.212514
1016.234437
1016.247917
1016.272773
1016.304071
1016.31275
1016.32135
1016.395583
1016.396776
1016.463147
1016.515305
1016.52257
1016.527289
1016.540809
1016.586023
1016.653463
1016.656343
1016.686182
1016.801488
1016.876276
1016.923887
1016.926771
1016.927728
1016.946801
1016.967023
1016.976981
1016.993493
1017.033001
1017.115159
1017.144801
1017.207786
1017.257055
1017.27411
1017.281668
1017.313233
1017.33621
1017.373147
1017.378949
1017.485531
1017.494709
1017.534688
1017.605985
1017.606175
1017.609164
1017.626414
1017.81595
1017.838421
1017.846539
1017.91734
1017.930729
1017.93076
1017.942967
1017.948295
1018.064148
1018.073748
1018.082456
1018.097556
1018.167625
1018.211985
1018.21479
1018.231139
1018.254326
1018.29347
1018.432079
1018.437027
1018.460379
1018.48405
1018.564545
1018.625154
1018.668706
1018.787057
1018.788655
1018.808617
1018.947339
1018.967589
1019.041764
1019.0634
1019.075441
1019.142153
1019.191075
1019.211816
1019.343085
1019.346832
1019.348572
1019.358518
1019.400556
1019.452121
1019.493865
1019.506583
1019.52966
1019.576411
1019.598189
1019.639034
1019.642459
1019.650791
1019.717267
1019.766439
1019.769926
1019.772002
1019.772841
1019.803574
1019.83705
1019.932807
1019.938066
1019.986245
1020.050803
1020.061658
1020.198105
1020.199725
1020.211736
1020.222375
1020.233183
1020.239892
1020.358193
1020.387141
1020.406262
1020.498577
1020.537385
1020.545621
1020.66689
1020.683261
1020.722168
1020.760032
1020.798876
1020.871762
1020.90307
1020.93293
1021.016338
1021.052995
1021.100833
1021.149399
1021.254991
1021.284641
1021.313414
1021.361267
1021.496195
1021.577097
1021.70004
1021.709753
1021.72538
1021.834058
1021.975579
1022.010253
1022.048233
1022.143102
1022.22927
1022.269329
1022.323611
1022.354124
1022.447821
1022.507573
1022.511561
1022.535526
1022.573471
1022.596557
1022.645302
1022.676034
1022.676991
1022.720886
1022.751417
1022.810879
1022.833737
1022.940922
1022.982472
1022.999451
1023.035824
1023.140515
1023.177468
1023.198549
1023.220436
1023.31045
1023.332408
1023.347196
1023.54671
1023.603002
1023.614793
1023.620715
1023.63012
1023.710386
1023.722067
1023.752754
1023.785826
1023.846255
1023.861929
1023.879016
1023.922563
1024.052733
1024.073045
1024.166909
1024.210968
1024.276633
1024.278785
1024.285138
1024.329321
1024.351833
1024.481101
1024.575723
1024.579696
1024.600169
1024.623483
1024.695162
1024.787117
1024.940234
1025.087045
1025.127124
1025.173787
1025.224779
1025.264766
1025.602258
1025.632947
1025.694234
1025.706327
1025.773845
1025.853382
1025.853627
1025.890784
1026.133564
1026.319711
1026.336254
1026.383023
1026.44845
1026.545012
1026.556187
1026.588104
1026.669042
1027.048112
1027.049855
1027.057499
1027.302423
1027.338428
1027.362546
1027.547736
1027.742518
1027.765441
1027.903962
1028.062566
1028.09396
1028.134785
1028.262847
1028.435884
1028.51381
1028.732956
1028.815464
1029.008267
1029.160754
1029.256615
1029.263233
1029.264763
1029.320606
1029.478593
1029.504854
1029.694555
1029.73389
1029.881333
1030.282529
1030.307387
1030.325734
1030.444756
1030.511624
1030.521351
1030.543228
1030.692075
1030.958992
1031.016425
1031.111014
1031.499727
1031.559525
1031.742917
1031.788609
1031.930652
1031.936989
1032.07486
1032.117519
1032.120746
1032.181251
1032.25362
1032.376043
1032.516312
1032.575717
1032.717492
1032.787212
1032.888684
1033.067698
1033.067935
1033.208628
1033.276986
1033.326072
1033.450998
1033.535785
1033.569152
1033.637539
1034.247735
1034.275969
1034.311931
1034.375792
1034.491134
1034.495145
1034.504655
1034.595583
1034.740549
1034.908315
1034.98338
1035.06455
1035.097505
1035.173459
1035.479607
1035.630332
1035.677589
1035.706204
1035.758953
1035.791901
1036.102471
1036.15621
1036.157023
1036.213185
1036.258916
1036.331471
1036.438472
1036.44048
1036.489185
1036.556746
1036.851192
1036.858035
1036.966039
1037.052477
1037.056195
1037.133781
1037.265265
1037.324367
1037.345759
1037.354541
1037.435483
1037.5918
1037.598697
1037.850719
1037.870765
1037.876882
1038.082387
1038.146995
1038.264146
1038.27453
1038.419323
1038.424437
1038.560718
1038.67131
1038.683689
1038.764674
1038.860197
1039.177918
1039.544649
1039.729956
1039.85474
1039.992583
1040.173563
1040.210739
1040.29668
1040.320037
1040.400138
1040.606316
1040.693594
1040.788625
1040.820664
1040.956606
1041.097765
1041.115918
1041.211418
1041.421242
1041.498855
1041.498929
1041.865428
1041.945526
1042.020105
1042.24845
1042.346994
1042.379073
1042.458517
1042.462527
1042.607402
1042.861363
1042.905882
1042.942666
1043.043416
1043.255978
1043.271344
1043.287862
1043.327249
1043.330308
1043.444642
1043.545475
1043.810974
1043.860517
1044.192853
1044.23985
1044.247742
1044.305427
1044.321966
1044.380133
1044.394534
1044.468112
1044.54351
1044.58397
1044.663567
1044.777093
1044.894646
1045.06999
1045.113172
1045.179485
1045.186497
1045.206885
1045.305008
1045.438431
1045.779081
1045.832992
1046.073576
1046.323251
1046.337226
1046.576694
1046.623263
1046.798094
1046.876842
1046.897582
1046.981136
1047.272913
1047.328931
1047.491765
1047.580481
1047.743122
1047.7835
1047.835048
1047.859936
1048.095342
1048.472341
1048.513605
1048.561544
1048.658388
1048.669011
1048.76284
1048.847447
1048.871312
1048.933598
1049.008525
1049.034679
1049.227475
1049.33284
1049.384193
1049.503215
1049.619916
1049.649025
1049.681109
1049.766391
1049.87235
1049.887175
1049.943777
1050.02317
1050.162519
1050.212756
1050.224159
1050.259295
1050.318074
1050.367837
1050.457161
1050.707502
1051.105662
1051.304775
1051.342354
1051.791531
1051.810356
1051.887745
1051.992707
1052.073372
1052.099
1052.288973
1052.36823
1052.379256
1052.566255
1052.663276
1052.687375
1052.727191
1052.876555
1052.890129
1052.985719
1053.017442
1053.093214
1053.097395
1053.247427
1053.415499
1053.456086
1053.53434
1053.687869
1053.721897
1053.952293
1053.991193
1053.994121
1054.000702
1054.036773
1054.160754
1054.195349
1054.199381
1054.233833
1054.286008
1054.359405
1054.470819
1055.015395
1055.055444
1055.077571
1055.147974
1055.336971
1055.532029
1055.573422
1055.664943
1056.041731
1056.192231
1056.294856
1056.410042
1056.495806
1056.595697
1056.863903
1057.001074
1057.314426
1057.358535
1057.374788
1057.395668
1057.5002
1057.583927
1057.644649
1057.979162
1058.447825
1058.530467
1058.544481
1058.581546
1058.676547
1059.086595
1059.433765
1059.684167
1059.872507
1059.897392
1059.907349
1059.93521
1060.223771
1060.433904
1060.987384
1061.041986
1061.355129
1061.364929
1061.534538
1061.534751
1061.645825
1061.684841
1061.692648
1061.892935
1062.459243
1062.511916
1062.58227
1062.615897
1062.727024
1062.734022
1062.771805
1063.298994
1063.387123
1063.594124
1063.771737
1063.790997
1063.891301
1063.933942
1064.063705
1064.162414
1064.389542
1064.443927
1064.484771
1064.518749
1064.555713
1064.779649
1064.846831
1065.099205
1065.149655
1065.421065
1065.490882
1065.732534
1066.634091
1066.925683
1066.951464
1067.025001
1067.241112
1067.463735
1067.757724
1067.775537
1067.88173
1068.086194
1068.231024
1068.502344
1068.763914
1069.179235
1069.709627
1069.808503
1070.260246
1070.385194
1070.47456
1070.981927
1071.460103
1071.550701
1072.138437
1072.192405
1072.848219
1073.007742
1073.241589
1073.309312
1073.365111
1073.397389
1073.876929
1074.351418
1074.6031
1074.609268
1075.305413
1075.534052
1075.684361
1075.888549
1076.147471
1076.231327
1076.325793
1076.370796
1076.479887
1076.660772
1076.702094
1077.025401
1077.136325
1077.614754
1077.781629
1077.904657
1077.984204
1078.055405
1078.288253
1078.434657
1078.453329
1079.050581
1079.056922
1079.110832
1079.32793
1079.56207
1079.706324
1080.288091
1080.493289
1080.965763
1081.419076
1081.6183
1081.849276
1082.136689
1082.34637
1082.374203
1082.497106
1082.608113
1083.271889
1083.30313
1083.36032
1083.573882
1083.805288
1084.44433
1084.462795
1084.465574
1084.883026
1085.102706
1085.144646
1085.688749
1086.016585
1086.23679
1086.283936
1086.505826
1086.763401
1086.903856
1087.355614
1087.526819
1087.756084
1087.831389
1088.046201
1088.799223
1088.92747
1089.030304
1089.45966
1089.602883
1089.654227
1090.201867
1090.29295
1090.689614
1091.548663
1091.564883
1091.911183
1092.034383
1092.102401
1092.144399
1092.679064
1092.912832
1093.200776
1093.640314
1093.734872
1094.288224
1094.419345
1095.015166
1095.226177
1095.287414
1096.006907
1096.680544
1097.434184
1098.323587
1098.592537
1098.738484
1099.548034
1099.575122
1100.264845
1100.734623
1100.757465
1100.778531
1100.787332
1101.179216
1101.345383
1101.36135
1101.420548
1101.832517
1102.402143
1102.426234
1102.65337
1103.793275
1104.0781
1104.182108
1104.464636
1105.104311
1105.822455
1107.670801
1108.297164
1109.089281
1109.389468
1109.447653
1110.456491
1110.627065
1110.865207
1111.106213
1111.445623
1111.46369
1111.876707
1112.319899
1113.128233
1114.246444
1114.398071
1114.420211
1117.41065
1117.904102
1118.762516
1119.076157
1119.192365
1121.556896
1121.713623
1122.429462
1122.635203
1124.493676
1127.259108
1127.941283
1130.172941
1131.016291
1131.069871
1132.984979
1133.560952
1134.672983
1135.714223
1136.312425
1136.977076
1137.333492
1138.15559
1138.807879
1142.741403
1144.416375
1147.170947
1148.91967
1149.194792
1149.843851
1150.617265
1153.398378
1156.473413
1162.755033
1173.903664
1174.550352
1175.688635
1179.014438
1179.387619
1183.778306
1193.215951
1207.611428
1210.686511
1220.104372
1230.005752
1262.033159
1263.764505
1264.671
1264.903712
1271.900598
1278.165948
1278.857407
1281.679161
1284.392947
1284.685116
1292.164369
1293.302393
1293.35593
1299.205983
1309.616168
1336.706485
1359.842275
1371.6103
1374.593894
1377.83982
1382.682069
1570.018514
1570.953403
1655.567482
1663.543807
1681.903014
2020.051751
2058.041428
2183.060239
2255.855703
2298.01153
2315.355607
2349.530619
