9.164633
10.383029
118.975585
140.758449
141.27137
141.710185
143.997742
148.675456
150.043821
150.270061
151.906373
151.953364
152.61976
153.117605
153.521232
165.481599
167.247693
167.860887
168.826406
170.615802
170.626468
171.398295
171.813107
172.529024
174.614102
174.974343
176.129428
178.907682
179.395619
180.961616
181.446536
182.48484
182.625056
183.247423
183.891616
184.303622
187.707106
188.772213
188.845311
190.215331
190.392421
190.643295
190.690205
191.555428
191.9316
192.099179
192.621225
194.330539
195.78657
195.922391
199.946086
200.998142
201.123363
201.286241
203.92722
205.028423
208.974699
219.391683
219.881715
220.31866
233.163137
236.47051
239.913082
240.445637
241.895316
245.935664
248.175096
369.987768
403.646546
429.864592
449.737549
905.720165
910.216337
922.451484
923.436129
925.167282
938.573493
944.674851
945.502138
950.933643
958.703347
969.943351
977.562173
1025.824211
1677.924694
10851.642603
10851.910009
10852.924569
10853.093441
10853.226948
10857.490771
10858.107552
10859.339417
10859.698416
10859.974243
10860.356134
10860.561215
10860.859714
10861.646771
10862.174504
10862.358617
10862.725381
10863.702901
10864.246975
10864.721173
10864.870173
10869.036274
10870.091299
10881.195716
10882.366547
14542.08701
