1.481564
1.575376
1.669158
7.444606
7.495026
7.60836
7.844581
7.925483
7.9371
8.189921
8.323595
8.656064
8.773619
8.784451
8.822386
8.910552
8.949401
8.97149
9.164633
9.252896
9.330788
9.591578
9.726386
9.880416
9.891464
9.929133
9.939257
10.000593
10.017578
10.235158
10.333146
10.350727
10.383029
10.444196
10.580229
10.644734
10.946611
11.033425
11.103247
11.143059
11.1913
11.404296
11.59731
11.790592
11.93713
12.139155
12.240862
12.304701
12.323777
12.325417
12.416809
12.430766
12.487012
12.524148
12.694289
12.735213
12.834917
13.123138
13.24331
13.277493
13.485281
13.720571
13.753535
14.038146
14.182818
14.533782
14.623064
14.678893
14.794615
14.795453
14.912158
14.983376
15.011738
15.133241
15.140632
15.281626
15.333059
15.588929
15.712805
15.976794
16.220616
16.275529
16.39545
16.475522
16.526949
16.648958
16.695073
16.731251
16.9092
16.92386
17.032603
17.060133
17.200577
17.231394
17.243151
17.35263
17.534161
17.607575
17.615177
17.7588
17.932183
18.200943
18.219561
18.220311
18.22606
18.366103
18.389448
18.447708
18.466611
18.564806
18.659347
18.749207
19.078586
19.099375
19.315861
19.727864
20.495575
20.822626
20.955814
20.994228
21.004678
21.325233
21.624429
22.053417
22.235453
22.555429
23.384657
23.634282
23.65413
24.38448
24.397912
24.585483
24.745479
25.019697
25.638291
26.543127
26.708277
27.300521
27.500591
27.700796
29.694604
30.95086
31.097108
31.309832
31.401675
31.5706
31.610305
32.764347
33.216058
33.655924
34.222926
34.45406
35.979728
37.105316
37.621085
40.285809
42.113882
43.668368
44.033276
44.883021
45.429819
46.099287
46.281874
46.307514
52.183398
52.390277
53.703229
55.787944
56.670468
57.728298
60.540066
61.018373
62.780998
62.938547
66.814839
67.674158
70.574207
74.642058
78.764916
81.162114
82.668233
84.794166
90.546612
106.671908
107.403343
111.195024
112.013904
112.181826
112.457829
113.024437
114.194646
114.444503
114.683025
116.271059
117.124604
117.450545
117.465053
117.474604
117.93012
118.488096
118.975585
119.644044
120.201861
120.440894
121.469286
121.617815
121.757182
121.768501
121.810996
121.812324
122.300366
122.362025
122.707432
122.718055
122.781875
122.955012
122.971408
123.239979
123.244325
123.954216
124.164246
124.812817
124.896844
124.963952
124.973707
125.235645
125.591406
125.679264
125.716603
125.776527
125.93769
126.461845
126.538137
126.596543
126.684741
126.812939
127.082578
127.300908
127.472706
127.699859
128.024686
128.032025
128.04409
128.119411
128.123597
128.345717
128.371513
128.427755
128.449779
128.797233
129.083843
129.445659
129.46764
129.580373
129.581291
129.627236
129.917652
130.03258
130.135762
130.229084
130.276951
130.526252
130.597022
130.652718
130.759964
130.806328
130.868713
130.949249
131.050118
131.126972
131.533137
132.057788
132.119664
132.347799
132.393494
132.514731
132.595061
132.627143
132.65467
133.444427
133.459653
133.594967
133.686865
133.782023
133.914657
133.997439
134.519705
134.55108
134.674664
134.736347
134.983881
135.444206
135.570892
135.875212
136.525268
137.253202
137.671424
138.568155
138.74498
139.069772
139.31843
139.364892
139.402474
139.40995
140.093707
140.519009
140.704139
140.758449
141.27137
141.452881
141.458583
141.710185
142.473831
142.873385
142.875427
142.98524
142.993507
143.438993
143.669799
143.997742
145.596511
145.604878
146.036103
146.289222
147.191775
147.478425
147.882297
147.982478
148.367592
148.672806
148.675456
148.701236
148.965776
149.105777
149.114855
149.19037
149.343537
149.580615
149.670386
149.807539
150.043821
150.187744
150.26674
150.270061
150.573147
151.069791
151.656984
151.906373
151.953364
152.014218
152.460563
152.518716
152.540007
152.573142
152.61976
153.081808
153.117605
153.211722
153.302172
153.521232
154.367143
155.338391
155.871416
156.326656
157.441149
157.74333
158.007884
158.346409
158.350429
159.850252
165.481599
166.477478
166.516647
166.88622
166.966698
167.247693
167.397773
167.788784
167.860887
168.826406
169.096776
169.223317
170.201778
170.615802
170.626468
170.978493
171.398295
171.813107
171.832553
172.529024
172.62352
173.090669
173.742558
173.950191
174.229496
174.614102
174.974343
175.130187
175.484351
175.604682
175.97345
176.129428
176.249923
177.145244
178.898648
178.907682
179.011675
179.193908
179.395619
179.461067
179.657761
180.328204
180.961616
180.999346
181.21785
181.446536
181.728729
181.829965
182.04406
182.155498
182.169581
182.29433
182.469714
182.48484
182.532
182.602609
182.625056
182.806568
182.816586
183.106954
183.247423
183.64557
183.78646
183.808082
183.827184
183.891616
183.905669
183.922218
184.059877
184.069318
184.303622
184.953429
185.070659
185.289475
185.670474
185.825203
186.29866
186.557887
186.856884
186.857135
187.008665
187.025359
187.233792
187.303708
187.450458
187.707106
187.729078
187.746395
187.793355
187.957931
188.360899
188.772213
188.845311
188.865807
188.872702
189.254745
189.520433
189.541395
189.848856
189.900587
190.215331
190.262428
190.392421
190.643295
190.690205
190.959333
191.312137
191.35052
191.555428
191.9316
192.099179
192.328514
192.451936
192.589421
192.621225
193.009444
193.134301
193.169532
193.235536
193.691853
194.330539
194.548064
195.118613
195.141911
195.481495
195.78657
195.899585
195.922391
196.027178
197.403713
197.42926
197.972762
198.381416
199.161516
199.9388
199.946086
200.521942
200.998142
201.123363
201.286241
201.377709
202.092473
202.159995
202.192615
202.652434
203.069235
203.92722
205.028423
206.241306
208.974699
209.205614
209.410743
211.400667
212.09324
214.353953
214.761061
218.188531
219.391683
219.881715
220.31866
223.859259
224.154915
224.868929
229.729335
233.163137
235.682864
235.974435
236.47051
236.782774
237.374745
238.487292
239.657241
239.913082
240.24024
240.445637
241.895316
245.935664
248.175096
252.956036
255.349491
258.460812
262.369099
263.074185
265.208755
275.652049
276.332409
278.622045
369.987768
371.710016
375.806446
397.685296
403.646546
404.84843
411.999356
412.588318
412.654841
413.902541
413.980391
415.463447
415.48526
415.740332
416.415641
417.63435
419.095161
419.419389
420.123384
421.114518
422.944649
423.312617
423.51978
423.7886
423.788972
427.915937
428.404295
429.573537
429.765828
429.864592
435.367086
436.905785
438.911355
447.540207
449.737549
488.910858
494.293056
847.225548
850.004888
905.720165
909.509191
910.216337
916.907771
922.451484
923.436129
925.167282
938.573493
944.674851
945.502138
948.415195
950.933643
958.703347
965.325197
969.943351
975.769169
977.562173
978.237343
995.784104
1000.451684
1012.493487
1015.430026
1023.041977
1024.772816
1025.290715
1025.824211
1031.45948
1032.996408
1034.111932
1041.853098
1042.115396
1042.626085
1043.943072
1047.786315
1049.678856
1056.401687
1058.299893
1059.211945
1064.678554
1069.27419
1073.898407
1087.612589
1105.110185
1131.072555
1173.761649
1207.408563
1677.924694
1712.440312
1842.70536
1988.530526
2015.629095
2071.509219
2112.120055
2206.080291
2206.451053
2217.801048
2222.851893
2234.529618
2235.180611
2236.823313
2237.605669
2239.415979
2253.641318
2261.312465
2273.175706
2273.648664
2291.457623
2294.477379
2299.338698
2311.863428
2318.121494
2327.749449
2333.847071
2334.659666
2352.092427
2359.776747
2363.808465
2376.428941
2405.010808
2406.992594
2410.052514
2413.397463
2435.821021
2445.777472
2446.112177
2452.134619
2462.979851
2466.867261
2470.084395
2499.258184
2535.734518
2552.671741
2595.647024
2601.759634
2663.719175
4852.748999
5032.319905
6590.332705
7458.425465
9959.831682
10800.397146
10802.273405
10802.324209
10802.341151
10802.419245
10802.441557
10802.524927
10802.529522
10802.569597
10802.601865
10803.112652
10803.551167
10803.742503
10805.300701
10851.642603
10851.910009
10852.924569
10853.093441
10853.226948
10857.490771
10858.107552
10859.339417
10859.698416
10859.974243
10860.356134
10860.561215
10860.859714
10861.646771
10862.174504
10862.358617
10862.725381
10863.702901
10864.246975
10864.721173
10864.870173
10869.036274
10870.091299
10873.136254
10881.195716
10882.366547
10921.900762
14542.08701
34955.792439
