7.969643
7.986315
10.310379
17.22948
17.318731
18.130085
19.566947
21.104906
22.160896
22.498815
25.104382
27.723387
29.949278
48.071459
49.958882
76.275532
140.313101
141.969547
146.99992
149.315428
149.822228
150.803782
151.651039
151.699477
152.303937
152.765436
152.838456
153.32403
153.362903
153.938862
155.981879
156.094096
156.097451
156.617385
156.853801
160.472217
163.979144
203.028588
209.020847
218.966723
219.7256
222.572421
222.972378
225.862364
227.549295
227.783263
227.818561
228.295956
230.009247
230.922984
231.651874
233.172939
235.908667
236.705899
236.774363
236.945555
237.260948
237.322631
237.738493
238.218312
240.059735
240.2939
244.134616
247.192919
250.425678
267.180816
269.603517
273.608026
420.234913
467.609758
500.440518
901.051783
