198.832537
202.894121
204.235213
204.913726
206.788215
206.801139
206.803371
208.749709
208.897438
210.931409
216.273336
216.637423
216.868804
217.778115
217.869797
217.997636
222.022509
224.632455
238.77171
238.861745
241.867219
241.881586
242.357485
243.241234
243.951131
244.060876
244.107322
244.675852
244.913127
245.241262
245.707614
246.008275
246.231683
246.276707
246.386289
246.700438
246.728588
247.377744
247.875884
248.417412
248.481302
248.537708
248.650095
248.892533
249.30879
249.607163
249.631808
249.676058
249.803337
250.225772
250.61482
250.682478
250.684619
250.916693
251.068169
251.160728
251.188785
251.218361
251.989009
251.991507
252.139153
252.310535
252.490407
252.781851
253.526925
253.63452
253.801065
253.984482
254.044595
254.084635
254.160197
254.244998
254.373173
254.392222
254.495034
254.623886
254.627719
254.691837
254.692118
254.710107
254.739637
254.906033
254.926684
255.19004
255.272871
255.437909
255.646025
255.718962
255.770926
255.936965
255.997032
256.014513
256.306614
256.359953
256.387532
256.394024
256.409015
256.410384
256.434556
256.476029
256.495906
256.498998
256.646642
256.731508
256.751409
256.798785
256.851975
256.869157
256.914575
256.939815
257.012733
257.074613
257.07849
257.140663
257.161319
257.173181
257.21487
257.246154
257.27636
257.292247
257.307031
257.424866
257.615076
257.644027
257.692944
257.822691
257.962381
257.967647
257.993772
258.060998
258.111666
258.123865
258.210132
258.286135
258.29557
258.348228
258.439371
258.475562
258.491227
258.497686
258.539465
258.539761
258.670801
258.671552
258.708863
258.722303
258.760352
258.786332
258.829906
258.854357
258.920233
258.928097
258.93339
258.942574
258.993639
259.000584
259.027737
259.063602
259.09948
259.234893
259.23526
259.325859
259.335895
259.366231
259.409787
259.421245
259.557082
259.559931
259.560536
259.610924
259.691189
259.715292
259.764316
259.771405
259.786028
259.787744
259.794166
259.800069
259.823102
259.828103
259.867092
259.886025
259.960545
259.973625
259.975184
259.997423
260.011745
260.017042
260.030086
260.075403
260.137611
260.211872
260.222509
260.249823
260.290308
260.29553
260.298884
260.32877
260.359493
260.377677
260.389604
260.427421
260.452718
260.456584
260.532764
260.556253
260.567146
260.594858
260.595617
260.597612
260.602798
260.615451
260.63157
260.641302
260.690595
260.699832
260.708087
260.717557
260.723215
260.744973
260.759741
260.762774
260.769489
260.78562
260.787431
260.829475
260.87845
260.920866
260.941081
260.946834
260.99203
260.992094
260.99467
260.999867
261.046767
261.047679
261.079481
261.096953
261.104596
261.111442
261.112209
261.174264
261.206619
261.220129
261.227486
261.23959
261.243998
261.245872
261.264405
261.368273
261.378505
261.414546
261.423487
261.463411
261.464951
261.469531
261.473366
261.503636
261.508275
261.535045
261.539067
261.545284
261.561104
261.569612
261.615454
261.647221
261.671368
261.689894
261.691864
261.736955
261.759628
261.778036
261.812804
261.855434
261.8724
261.907844
261.91719
261.923461
261.956961
261.993975
262.013451
262.040656
262.06087
262.06653
262.067368
262.072605
262.073796
262.076786
262.088555
262.108842
262.111818
262.118605
262.123663
262.208752
262.210992
262.240978
262.248761
262.272291
262.288574
262.323128
262.354693
262.367573
262.375026
262.39432
262.429704
262.439263
262.513015
262.513052
262.522589
262.528083
262.554919
262.560772
262.561686
262.568495
262.577646
262.627837
262.64805
262.652239
262.684456
262.715703
262.723647
262.741246
262.749301
262.75142
262.818552
262.858042
262.873123
262.880721
262.886735
262.91383
262.913903
262.921986
262.926728
262.947879
263.019458
263.026918
263.059482
263.105459
263.111971
263.116333
263.120455
263.140687
263.149721
263.182764
263.188793
263.19983
263.201859
263.213024
263.252246
263.264681
263.284774
263.292877
263.295484
263.317768
263.318053
263.328477
263.357273
263.361043
263.384206
263.387481
263.409675
263.422131
263.480984
263.509578
263.513493
263.515895
263.521597
263.535017
263.540419
263.548283
263.580991
263.609197
263.631017
263.634476
263.674893
263.679917
263.680761
263.688657
263.707475
263.820014
263.830599
263.85852
263.913234
263.914528
263.918515
263.937631
263.948422
263.98634
263.997967
264.020626
264.032798
264.085196
264.087124
264.116576
264.132802
264.152344
264.152726
264.206165
264.206503
264.208584
264.209103
264.240788
264.243469
264.271686
264.274486
264.286849
264.29374
264.34298
264.349588
264.350339
264.354583
264.366309
264.370817
264.374767
264.376466
264.394353
264.441431
264.442209
264.453336
264.469611
264.479262
264.483576
264.50465
264.518037
264.525644
264.546333
264.557432
264.559805
264.55982
264.575769
264.576043
264.580166
264.604664
264.610214
264.616815
264.633792
264.671833
264.676891
264.687218
264.716812
264.725264
264.734221
264.749229
264.749431
264.779775
264.799985
264.823063
264.828479
264.837634
264.944302
264.951891
264.96013
264.980455
264.980903
264.992065
265.027411
265.034271
265.070705
265.079759
265.102282
265.107079
265.121791
265.124626
265.129223
265.130561
265.133719
265.141817
265.18402
265.186628
265.190051
265.208737
265.224685
265.231586
265.273825
265.284368
265.290244
265.29383
265.300579
265.318961
265.319774
265.324814
265.333379
265.337912
265.345853
265.34795
265.374836
265.398771
265.403204
265.425309
265.451153
265.486458
265.505869
265.50662
265.521457
265.527567
265.556757
265.559047
265.562639
265.623385
265.643403
265.665576
265.680118
265.682568
265.687196
265.697936
265.699665
265.70177
265.719684
265.722122
265.728609
265.761999
265.77141
265.825774
265.841309
265.852218
265.85424
265.912406
265.918155
265.921006
265.934107
265.93724
265.991527
266.0079
266.03609
266.03895
266.076653
266.095236
266.0974
266.103751
266.107149
266.107224
266.120607
266.128334
266.131611
266.135209
266.136597
266.14814
266.166048
266.176546
266.176746
266.190111
266.196514
266.24838
266.249871
266.260164
266.261806
266.306137
266.348579
266.363118
266.366646
266.371273
266.394408
266.406914
266.416549
266.422469
266.447663
266.462693
266.47661
266.499252
266.508453
266.513029
266.520249
266.52308
266.524779
266.529202
266.567524
266.574436
266.575213
266.581304
266.593769
266.628639
266.631206
266.647206
266.655619
266.673601
266.691512
266.696051
266.69715
266.721515
266.749404
266.768575
266.770185
266.783442
266.800814
266.826087
266.831435
266.847278
266.86426
266.870621
266.876675
266.877716
266.882523
266.902499
266.909888
266.923084
266.932752
266.933015
266.938614
266.939226
266.956189
266.960044
266.963201
266.963493
266.985605
267.013258
267.018095
267.018454
267.04133
267.043848
267.052749
267.090008
267.102938
267.119317
267.125648
267.135016
267.142393
267.150833
267.186803
267.192653
267.206377
267.225529
267.226758
267.241122
267.269656
267.287089
267.290023
267.292719
267.298193
267.299017
267.30354
267.313099
267.325359
267.367558
267.379397
267.389396
267.396108
267.413488
267.430202
267.433826
267.436671
267.454316
267.462144
267.46325
267.46395
267.473645
267.477952
267.506302
267.509058
267.530287
267.535586
267.552176
267.578365
267.590428
267.601924
267.606505
267.6096
267.61788
267.625124
267.626283
267.645706
267.647293
267.648748
267.6502
267.659454
267.667827
267.678003
267.696046
267.696132
267.69911
267.705342
267.706745
267.70869
267.717047
267.722938
267.725924
267.726667
267.729025
267.731242
267.756662
267.79174
267.795201
267.797255
267.826359
267.833356
267.868056
267.877546
267.883488
267.88468
267.886141
267.892523
267.908227
267.909704
267.929176
267.950935
267.972854
267.989294
268.000274
268.009593
268.022434
268.041349
268.0588
268.067965
268.068107
268.068736
268.082278
268.091582
268.140295
268.162934
268.185157
268.19463
268.196827
268.204802
268.205425
268.213148
268.230841
268.247261
268.257132
268.265498
268.266339
268.266828
268.281401
268.304905
268.306186
268.309902
268.321327
268.333223
268.340929
268.353612
268.363013
268.374153
268.377443
268.387179
268.400959
268.404075
268.41
268.415832
268.421594
268.422081
268.426512
268.431025
268.471696
268.472581
268.486896
268.503925
268.506442
268.510091
268.540825
268.581681
268.613831
268.619246
268.636862
268.639817
268.649652
268.657512
268.701976
268.712396
268.718263
268.728773
268.729246
268.737245
268.752893
268.75466
268.758816
268.761634
268.790263
268.794689
268.799561
268.807167
268.829835
268.83444
268.838243
268.83883
268.83905
268.853363
268.870855
268.902887
268.914273
268.915742
268.921281
268.93558
268.965758
268.983136
268.984492
269.003672
269.008885
269.019062
269.034738
269.042661
269.057676
269.062504
269.071277
269.071594
269.07439
269.078419
269.083165
269.097055
269.100412
269.1354
269.147953
269.182212
269.197853
269.209842
269.222921
269.260047
269.271712
269.275589
269.283065
269.294371
269.301363
269.307476
269.311
269.319792
269.333364
269.336779
269.3399
269.348216
269.367684
269.387507
269.390236
269.400757
269.413324
269.421737
269.422331
269.431192
269.437079
269.440665
269.442045
269.467161
269.508028
269.510444
269.515152
269.528303
269.539743
269.546943
269.548564
269.550489
269.553106
269.570796
269.592517
269.618486
269.622129
269.626873
269.643541
269.656989
269.659152
269.665326
269.666691
269.67598
269.684009
269.707205
269.709975
269.716692
269.718005
269.718862
269.723694
269.724129
269.731607
269.736161
269.741842
269.744592
269.769663
269.782738
269.790686
269.841251
269.854379
269.855362
269.856957
269.896095
269.910269
269.919135
269.925506
269.945804
269.952996
269.958275
269.973599
269.979833
270.011058
270.011804
270.015927
270.017307
270.060924
270.066468
270.089571
270.11103
270.114907
270.121717
270.124127
270.134128
270.139194
270.157244
270.161548
270.163573
270.167166
270.186919
270.19203
270.192699
270.196734
270.202833
270.212788
270.218298
270.225758
270.237428
270.250327
270.26193
270.263316
270.275381
270.310143
270.312324
270.313964
270.327281
270.330676
270.33191
270.337745
270.350824
270.351322
270.372303
270.395776
270.402018
270.423736
270.435404
270.438512
270.441092
270.449754
270.486535
270.496075
270.498241
270.505783
270.535124
270.538578
270.547638
270.561142
270.56901
270.575415
270.576854
270.585216
270.599066
270.605227
270.61029
270.618978
270.622205
270.623043
270.62751
270.645682
270.661105
270.681559
270.692067
270.694448
270.703473
270.703643
270.707063
270.72414
270.727967
270.731869
270.734266
270.736375
270.747756
270.758764
270.763372
270.790464
270.824032
270.826244
270.859839
270.87474
270.883653
270.891503
270.894767
270.908919
270.939246
270.945078
270.954555
270.963852
270.981233
270.985784
271.010709
271.025966
271.033902
271.046887
271.062424
271.069756
271.074093
271.091794
271.110418
271.132626
271.132681
271.139169
271.140664
271.157636
271.187343
271.191442
271.197727
271.199368
271.213288
271.217701
271.219842
271.221125
271.2569
271.258347
271.266033
271.267501
271.268224
271.272793
271.293584
271.309035
271.3237
271.36707
271.388031
271.401177
271.404
271.404458
271.410329
271.424734
271.424992
271.430209
271.430354
271.436458
271.442263
271.446419
271.454978
271.457455
271.459712
271.461596
271.475587
271.479858
271.481738
271.495872
271.50176
271.524278
271.549234
271.571094
271.587287
271.593574
271.607985
271.608972
271.610506
271.617294
271.638074
271.639049
271.645695
271.647862
271.658896
271.662681
271.664512
271.670446
271.679333
271.693501
271.699755
271.704391
271.704846
271.707803
271.708728
271.711083
271.730256
271.734394
271.736436
271.743536
271.745539
271.753451
271.756209
271.772361
271.786659
271.806827
271.826951
271.829112
271.829126
271.846075
271.860167
271.873478
271.873949
271.887847
271.888405
271.890743
271.897883
271.90106
271.911118
271.911135
271.91454
271.917384
271.94132
271.943196
271.946862
271.958145
271.95945
271.964415
271.976914
271.978975
271.997226
272.006924
272.016144
272.028806
272.03004
272.035751
272.037624
272.048019
272.06968
272.085932
272.094739
272.098349
272.098565
272.109063
272.110813
272.115002
272.122642
272.128662
272.132594
272.158241
272.159773
272.166356
272.18192
272.196251
272.205389
272.209611
272.212813
272.233191
272.237406
272.242444
272.260944
272.263316
272.268696
272.271575
272.280991
272.289133
272.300399
272.317538
272.320456
272.333894
272.338399
272.354638
272.366255
272.368133
272.368395
272.380359
272.384242
272.388779
272.402467
272.420289
272.422768
272.429223
272.440012
272.467055
272.47542
272.488958
272.502876
272.521026
272.528928
272.537773
272.555522
272.564641
272.596133
272.597339
272.597751
272.622885
272.631015
272.63788
272.653154
272.653996
272.655049
272.66612
272.678692
272.679175
272.683413
272.686533
272.733469
272.734687
272.739074
272.74395
272.764165
272.764281
272.765396
272.768571
272.77162
272.77505
272.791274
272.792209
272.803033
272.824019
272.827552
272.856484
272.891187
272.893795
272.907899
272.913696
272.917951
272.92826
272.932598
272.954298
272.964748
272.966709
272.975309
272.97976
272.987286
272.999334
272.999863
273.004823
273.011975
273.018968
273.021333
273.023106
273.024595
273.030037
273.054956
273.067312
273.067853
273.068743
273.072428
273.07368
273.07443
273.095586
273.104215
273.117321
273.119187
273.134401
273.134676
273.142105
273.152586
273.156535
273.16624
273.168628
273.178127
273.19423
273.198808
273.214319
273.218286
273.223022
273.223584
273.238567
273.243193
273.250343
273.275543
273.276046
273.304433
273.30487
273.354231
273.356178
273.365053
273.381479
273.384296
273.393563
273.397191
273.419409
273.427898
273.43976
273.439968
273.456329
273.464832
273.470359
273.4743
273.478579
273.482016
273.484457
273.512542
273.515681
273.520576
273.524485
273.526234
273.533078
273.53436
273.535582
273.543071
273.546405
273.580386
273.584016
273.584258
273.58684
273.592225
273.595555
273.609391
273.633742
273.640655
273.64781
273.663601
273.670715
273.708845
273.717929
273.737588
273.741503
273.747693
273.753556
273.767025
273.790394
273.798148
273.806172
273.825487
273.828501
273.832154
273.857117
273.860716
273.875169
273.881376
273.887895
273.888782
273.891064
273.904467
273.909352
273.917942
273.923972
273.928797
273.928803
273.941622
273.946943
273.951468
273.953324
273.968953
273.981603
273.996358
274.002529
274.030615
274.041952
274.04569
274.06337
274.06928
274.078497
274.085169
274.090708
274.094045
274.115128
274.116981
274.140536
274.143289
274.162866
274.165902
274.172738
274.200158
274.204038
274.220914
274.229401
274.232782
274.235076
274.235272
274.244739
274.263447
274.279336
274.284818
274.302793
274.30787
274.308366
274.314179
274.314358
274.339576
274.355003
274.372448
274.380951
274.38513
274.391825
274.39354
274.429551
274.447543
274.485327
274.487756
274.491542
274.492705
274.502897
274.515078
274.528018
274.52888
274.532979
274.555427
274.566526
274.569857
274.571728
274.572814
274.590896
274.592634
274.603685
274.607248
274.607338
274.611775
274.614497
274.627009
274.643198
274.655557
274.662374
274.665165
274.672131
274.685613
274.687234
274.702977
274.7104
274.716881
274.721161
274.736264
274.746645
274.747534
274.7695
274.770027
274.771851
274.789785
274.790268
274.821283
274.823105
274.824228
274.83569
274.839701
274.850787
274.87833
274.881441
274.881598
274.889015
274.901143
274.922224
274.924418
274.938862
274.945682
274.95458
274.969561
274.985218
274.987983
275.004863
275.007047
275.010901
275.029371
275.036592
275.046123
275.069475
275.0754
275.081712
275.091456
275.111047
275.120412
275.126565
275.130075
275.1354
275.13543
275.143557
275.168504
275.171388
275.173089
275.173926
275.176868
275.183865
275.216183
275.220631
275.235604
275.23815
275.249406
275.252445
275.260096
275.260342
275.262879
275.295219
275.301507
275.314261
275.336254
275.341112
275.353741
275.355368
275.376419
275.378282
275.389168
275.415259
275.420071
275.429507
275.449166
275.454763
275.463883
275.467721
275.469915
275.473598
275.483049
275.491362
275.51014
275.510978
275.520359
275.534348
275.553245
275.554588
275.560702
275.580632
275.58189
275.592967
275.594605
275.604679
275.611117
275.611725
275.623169
275.63178
275.640782
275.648192
275.653767
275.660757
275.661667
275.686126
275.708926
275.71766
275.719865
275.723162
275.72567
275.728479
275.737672
275.745151
275.751417
275.758883
275.764548
275.783555
275.786932
275.794192
275.797917
275.809886
275.815444
275.82058
275.821177
275.826051
275.826441
275.826924
275.835363
275.837626
275.852581
275.868138
275.86986
275.891218
275.896489
275.917596
275.964405
275.967258
275.969767
275.97012
275.996345
276.003931
276.025394
276.028572
276.037727
276.054368
276.063127
276.075164
276.11977
276.127877
276.133941
276.141783
276.143419
276.157526
276.159004
276.162059
276.166521
276.166878
276.168482
276.172998
276.184723
276.190361
276.193956
276.196102
276.197641
276.215978
276.217407
276.220939
276.221646
276.224009
276.24471
276.255079
276.255919
276.266984
276.269414
276.273175
276.277328
276.302674
276.303336
276.335484
276.335622
276.337587
276.345859
276.348858
276.355399
276.368105
276.372296
276.386756
276.391142
276.405143
276.418807
276.426852
276.429259
276.434148
276.437995
276.446774
276.452938
276.457206
276.479033
276.481189
276.481335
276.510981
276.52881
276.536583
276.54875
276.55424
276.56931
276.570908
276.577583
276.597547
276.619918
276.622065
276.628224
276.628649
276.634954
276.636729
276.643148
276.643792
276.655293
276.658023
276.664943
276.668037
276.670085
276.688516
276.708824
276.719335
276.747578
276.752525
276.794375
276.804954
276.811586
276.829518
276.836831
276.838526
276.846737
276.850372
276.855473
276.862298
276.877922
276.882215
276.882989
276.883489
276.891734
276.902978
276.906688
276.927923
276.938593
276.966061
276.976479
276.980408
276.981378
276.983359
276.98511
276.995336
277.010539
277.048735
277.049772
277.056209
277.057271
277.061567
277.068709
277.069568
277.078354
277.088027
277.088239
277.092387
277.095186
277.097795
277.098566
277.158068
277.161428
277.166856
277.173837
277.17743
277.185521
277.204118
277.212419
277.224608
277.22771
277.232007
277.232973
277.250431
277.253112
277.259238
277.268004
277.268698
277.272814
277.282064
277.299129
277.310056
277.321968
277.33719
277.340458
277.342603
277.343414
277.355238
277.359474
277.359635
277.361104
277.364156
277.366721
277.370459
277.373292
277.374929
277.37658
277.377796
277.387862
277.399775
277.402528
277.407543
277.418774
277.422428
277.438467
277.449558
277.469275
277.471976
277.487001
277.492191
277.504626
277.507518
277.51057
277.515163
277.557344
277.558278
277.567068
277.568206
277.574528
277.583059
277.590129
277.591606
277.601242
277.61206
277.616857
277.618806
277.621923
277.624839
277.628857
277.641801
277.643185
277.648478
277.653539
277.656803
277.657255
277.674702
277.678756
277.696898
277.698041
277.706539
277.714724
277.718742
277.724914
277.7434
277.757584
277.774096
277.781277
277.781979
277.789492
277.796648
277.80075
277.821737
277.826216
277.840775
277.849438
277.864213
277.871552
277.874054
277.878351
277.906716
277.925344
277.928917
277.934238
277.9348
277.947768
277.965846
277.966306
277.969913
277.994184
278.001917
278.021732
278.024504
278.02583
278.033181
278.035371
278.03575
278.055566
278.060603
278.063228
278.065571
278.074369
278.079183
278.083421
278.08685
278.094528
278.101232
278.115464
278.116867
278.127501
278.129781
278.14103
278.155915
278.169832
278.171419
278.194442
278.238077
278.26999
278.270441
278.285622
278.288985
278.292028
278.292883
278.308607
278.3147
278.316873
278.317185
278.318771
278.32006
278.331306
278.356973
278.357532
278.37309
278.373629
278.381903
278.385165
278.396015
278.429256
278.440158
278.462332
278.479704
278.490926
278.493633
278.501373
278.514496
278.519258
278.524801
278.533863
278.547787
278.555875
278.55831
278.5752
278.584502
278.599876
278.604571
278.606522
278.621364
278.628352
278.633117
278.646055
278.646671
278.653551
278.660938
278.673897
278.68774
278.690435
278.693604
278.704628
278.749861
278.761115
278.7911
278.803679
278.823248
278.8274
278.827766
278.840982
278.848597
278.864598
278.878702
278.881707
278.895686
278.898451
278.984959
279.001129
279.007913
279.018432
279.02759
279.039007
279.050535
279.054381
279.063269
279.110719
279.120259
279.120852
279.135156
279.141945
279.144593
279.154308
279.154503
279.158277
279.167179
279.172604
279.177832
279.182585
279.20517
279.229163
279.240184
279.289061
279.292841
279.305656
279.308745
279.314434
279.321478
279.326488
279.338513
279.357073
279.398242
279.39897
279.418994
279.422131
279.433668
279.435444
279.463221
279.466401
279.474685
279.48106
279.487498
279.518752
279.529043
279.538564
279.543518
279.545126
279.568156
279.582771
279.603524
279.606328
279.627665
279.634179
279.638196
279.650551
279.670745
279.67242
279.67302
279.679335
279.68306
279.687079
279.692686
279.695259
279.718307
279.730755
279.732352
279.736673
279.74192
279.743838
279.749482
279.751825
279.757543
279.779551
279.807773
279.818767
279.828573
279.831863
279.851149
279.879397
279.886974
279.898708
279.907851
279.923111
279.92396
279.928865
279.940796
279.949714
279.960731
279.962934
279.965693
279.971178
279.980815
279.988186
279.99515
279.998324
280.014611
280.017903
280.019134
280.033379
280.038097
280.038109
280.038746
280.047648
280.057303
280.061455
280.065779
280.066225
280.066494
280.069171
280.102157
280.120427
280.144805
280.152078
280.16892
280.176714
280.186426
280.186434
280.188295
280.191302
280.193895
280.196888
280.205963
280.212054
280.225017
280.230065
280.241476
280.253174
280.256591
280.261075
280.307932
280.310272
280.31223
280.312375
280.316645
280.324036
280.328142
280.334731
280.338402
280.351501
280.381588
280.394333
280.410478
280.426053
280.428851
280.463338
280.468359
280.485185
280.491305
280.493359
280.500354
280.547047
280.56968
280.573833
280.579371
280.582376
280.587586
280.591842
280.6172
280.646105
280.647576
280.654145
280.654442
280.665943
280.678692
280.705544
280.714006
280.714949
280.722193
280.724964
280.743971
280.750744
280.755133
280.758648
280.761857
280.793681
280.815905
280.837523
280.846404
280.84845
280.856701
280.864527
280.882937
280.888586
280.889647
280.903131
280.92408
280.969432
280.999485
281.001087
281.006695
281.011301
281.020918
281.022643
281.040691
281.058251
281.061517
281.065126
281.099849
281.115211
281.117431
281.130182
281.13591
281.141964
281.178636
281.179293
281.204127
281.209412
281.219052
281.231673
281.258754
281.260675
281.263703
281.297107
281.30902
281.313123
281.359856
281.388768
281.393845
281.404534
281.430168
281.438387
281.45714
281.482315
281.502581
281.508809
281.510819
281.515936
281.527095
281.534885
281.545376
281.550697
281.552238
281.565917
281.57343
281.589068
281.598457
281.649694
281.666309
281.672023
281.682127
281.709196
281.719304
281.720953
281.736807
281.741961
281.762185
281.765712
281.76628
281.76916
281.802933
281.803178
281.839197
281.841228
281.878055
281.879469
281.894518
281.898004
281.917125
281.91854
281.927844
281.92946
281.931404
282.000007
282.006089
282.025378
282.04181
282.081213
282.084645
282.125902
282.130259
282.145841
282.147851
282.149231
282.177594
282.18175
282.184321
282.195791
282.196175
282.196441
282.205529
282.207064
282.211875
282.215872
282.2225
282.233145
282.246422
282.260204
282.28478
282.307475
282.312069
282.31346
282.391794
282.403443
282.427592
282.43241
282.449307
282.460599
282.479303
282.487263
282.488712
282.491117
282.495305
282.504408
282.551978
282.557771
282.583874
282.588163
282.630373
282.640547
282.64659
282.654523
282.664572
282.675209
282.69398
282.705664
282.70605
282.711854
282.734517
282.759175
282.768222
282.784272
282.794816
282.79978
282.823472
282.845088
282.85191
282.859423
282.863924
282.864192
282.918618
282.974379
283.004737
283.030243
283.0316
283.033745
283.09496
283.119747
283.144797
283.148561
283.153654
283.165592
283.193522
283.200677
283.209615
283.210902
283.214758
283.214768
283.239382
283.254232
283.257276
283.271643
283.271684
283.277612
283.293351
283.305091
283.305709
283.331439
283.332825
283.34508
283.349599
283.370461
283.392124
283.402031
283.408602
283.426574
283.452749
283.542036
283.572824
283.588727
283.637565
283.702349
283.742975
283.751196
283.751795
283.754952
283.760596
283.762132
283.768377
283.770273
283.777867
283.783757
283.795755
283.802155
283.830205
283.846697
283.857921
283.858252
283.859726
283.872919
283.884191
283.89476
283.908715
283.957484
283.969595
284.032071
284.053782
284.055403
284.071589
284.079122
284.081185
284.084854
284.101508
284.116298
284.130238
284.132895
284.148555
284.173371
284.177127
284.188221
284.196028
284.196339
284.203116
284.210945
284.243187
284.273012
284.28172
284.363801
284.388781
284.399377
284.444417
284.448538
284.464008
284.487459
284.517091
284.539941
284.568434
284.571966
284.577321
284.618779
284.626354
284.662099
284.67937
284.692191
284.710445
284.715698
284.72002
284.733653
284.756578
284.768257
284.802248
284.822705
284.825067
284.837701
284.843096
284.849591
284.894096
284.912781
284.912905
284.930223
284.932761
284.934488
284.949895
284.961808
284.962828
284.9982
285.055614
285.064176
285.118086
285.119306
285.123272
285.152733
285.179173
285.219823
285.265259
285.27562
285.307359
285.310247
285.335488
285.344004
285.412126
285.452638
285.483415
285.50207
285.523988
285.538295
285.566301
285.578202
285.585351
285.590191
285.59853
285.622661
285.63531
285.659563
285.682458
285.710018
285.711472
285.740913
285.774597
285.793826
285.904636
285.906014
285.932383
285.937796
285.952215
285.952524
285.974782
285.986247
286.004487
286.034625
286.04714
286.055562
286.060687
286.070925
286.076681
286.100291
286.10136
286.117149
286.118254
286.126792
286.143382
286.14972
286.204065
286.245179
286.25413
286.332631
286.380838
286.421052
286.488399
286.495125
286.521702
286.525967
286.542099
286.558823
286.559891
286.597361
286.629381
286.630852
286.64208
286.643735
286.645444
286.653249
286.679401
286.68412
286.700856
286.70525
286.715072
286.724755
286.725642
286.727276
286.759673
286.786604
286.794611
286.827411
286.836129
286.858896
286.912303
286.937859
287.035535
287.056377
287.059363
287.066866
287.067178
287.074577
287.082764
287.088647
287.105388
287.120142
287.170092
287.205595
287.212925
287.256738
287.257458
287.263207
287.282726
287.296417
287.306513
287.332062
287.334159
287.40215
287.403275
287.467647
287.469571
287.52234
287.537866
287.550533
287.599445
287.624118
287.669477
287.717772
287.736769
287.757758
287.855207
287.907126
287.921569
287.923635
287.924212
287.938777
287.953665
287.955473
287.977516
288.005117
288.01684
288.040726
288.044952
288.076099
288.092844
288.111485
288.143392
288.269835
288.272322
288.301007
288.330061
288.407264
288.447708
288.482917
288.504756
288.520484
288.549397
288.566556
288.624326
288.637778
288.648695
288.67497
288.695842
288.798186
288.839075
288.983157
288.988939
289.001062
289.007201
289.014622
289.015213
289.061268
289.105243
289.106543
289.111028
289.152486
289.156944
289.19242
289.19872
289.217443
289.232603
289.26042
289.265646
289.271364
289.272715
289.35134
289.356882
289.377481
289.402322
289.405876
289.482553
289.508152
289.526791
289.622485
289.622817
289.646004
289.658259
289.677631
289.709111
289.719612
289.72801
289.933217
289.964002
289.966322
290.007963
290.170965
290.193366
290.216106
290.227163
290.295859
290.302492
290.509636
290.585002
290.644745
290.653235
290.674062
290.706598
290.715535
290.863439
290.948677
291.025554
291.065451
291.201461
291.255848
291.288275
291.337791
291.364
291.377801
291.387154
291.446869
291.462947
291.607494
291.632188
291.669781
291.825536
291.888843
291.920976
291.99966
292.192985
292.212135
292.21865
292.288363
292.358692
292.433425
292.494106
292.563292
292.567587
292.602826
292.670048
292.699967
292.820873
292.825135
292.864686
292.918964
292.978044
292.980107
293.031935
293.088775
293.195151
293.22149
293.229241
293.235864
293.236567
293.294573
293.535553
293.621205
293.62976
293.649016
293.649396
293.6975
293.701731
293.74034
293.85148
293.915515
293.963734
294.086816
294.100527
294.198198
294.553763
294.590138
294.634633
294.749953
294.813238
294.848794
294.876592
294.926102
294.981573
295.055107
295.09373
295.154744
295.193373
295.411005
295.577237
295.622471
295.632918
295.799962
295.864149
295.865455
295.901546
296.121666
296.232064
296.256472
296.408005
296.497008
296.573129
296.692229
297.121328
297.167914
297.203741
297.218179
297.226937
297.374835
297.419429
297.602382
297.630869
297.702343
297.818635
298.095629
298.129982
298.138146
298.264775
298.300656
298.358853
298.743263
298.782469
298.837002
299.02053
299.334997
299.361405
299.49984
299.947354
300.288769
300.339449
300.649759
300.804029
300.947599
301.053501
301.093157
301.093973
301.190978
301.552997
301.58959
301.919494
302.143307
302.155052
302.309711
303.018864
303.043303
303.137917
303.626931
303.704526
303.864208
304.242534
304.602763
305.023768
305.670351
305.818773
306.175856
306.330699
306.437726
306.889406
307.855029
307.940975
308.161331
308.600814
308.667022
309.015487
309.125238
309.645974
310.058303
310.555263
310.648361
310.733892
310.773947
310.822088
311.771715
313.505838
313.955064
314.340023
323.894194
328.920903
338.335474
366.041957
366.317215
374.939182
376.053656
386.358669
440.656932
470.318427
543.085729
606.71163
624.186911
624.684419
625.320182
653.79376
871.615632
