143.471373
146.808182
148.178772
148.375392
151.343074
156.526014
163.789857
180.968236
182.611007
188.528842
190.311155
190.628956
190.939447
198.832537
201.675282
202.693946
202.894121
204.235213
204.913726
204.994109
206.620507
206.788215
206.801139
206.803371
207.074224
207.205346
207.411343
208.028422
208.749709
208.897438
209.114838
209.424273
210.341385
210.821658
210.931409
214.854
215.306316
215.369471
216.273336
216.608295
216.637423
216.868804
217.176047
217.778115
217.869797
217.997636
220.085941
222.022509
222.119495
222.324246
222.692963
224.288664
224.632455
225.13893
225.396201
226.353837
226.376533
227.774213
228.371537
228.769233
229.452092
231.202219
231.436165
231.666233
232.032309
232.047952
234.264609
234.738312
234.765881
234.87656
235.246829
236.008273
236.532584
237.224353
237.7656
237.921032
237.978571
238.10783
238.40713
238.77171
238.861745
239.340236
239.356869
239.588477
239.691679
240.081743
240.270057
241.867219
241.881586
242.249561
242.357485
242.952132
243.145751
243.241234
243.678689
243.712204
243.951131
244.060876
244.107322
244.403909
244.675852
244.913127
245.241262
245.707614
245.961707
246.008275
246.231683
246.276707
246.386289
246.688772
246.700438
246.728588
246.742941
247.336019
247.377744
247.584396
247.666428
247.70992
247.875884
248.417412
248.469116
248.470918
248.481302
248.537708
248.650095
248.892533
249.30879
249.341695
249.607163
249.628775
249.631808
249.673448
249.676058
249.803337
250.204024
250.225772
250.408487
250.464789
250.586983
250.61482
250.61756
250.682478
250.684619
250.916693
251.068169
251.160728
251.188785
251.218361
251.325459
251.815686
251.989009
251.991507
252.139153
252.190534
252.310535
252.490407
252.495054
252.678773
252.781851
252.826667
252.913009
253.423746
253.477601
253.526925
253.63452
253.717894
253.801065
253.803898
253.936616
253.984482
254.044595
254.051885
254.084635
254.160197
254.244998
254.292012
254.343252
254.373173
254.392222
254.44427
254.495034
254.623886
254.627719
254.654932
254.691837
254.692118
254.710107
254.739637
254.906033
254.926684
255.19004
255.251798
255.272871
255.437909
255.477652
255.646025
255.718962
255.755895
255.764291
255.770926
255.772757
255.936965
255.997032
256.014513
256.306614
256.359953
256.36547
256.387532
256.394024
256.409015
256.410384
256.426922
256.434556
256.452727
256.476029
256.484696
256.489544
256.495906
256.498998
256.516223
256.646642
256.73133
256.731508
256.751409
256.798785
256.848172
256.851975
256.869157
256.914575
256.939815
257.012733
257.026651
257.074613
257.07849
257.140663
257.15681
257.161319
257.162992
257.173181
257.21487
257.246154
257.263926
257.27636
257.292247
257.307031
257.32879
257.333322
257.418673
257.424866
257.473275
257.47847
257.542863
257.615076
257.644027
257.692944
257.694214
257.822691
257.862407
257.899282
257.900559
257.934905
257.962381
257.967647
257.993772
257.999618
258.011302
258.060998
258.084655
258.111666
258.123865
258.210132
258.286135
258.29557
258.348228
258.439371
258.475562
258.476779
258.491227
258.497686
258.539465
258.539761
258.558299
258.670801
258.671552
258.708863
258.722303
258.760352
258.786332
258.829906
258.854357
258.920233
258.928097
258.93339
258.942574
258.993639
259.000584
259.027737
259.063602
259.09948
259.139442
259.234893
259.23526
259.258193
259.325859
259.335895
259.366231
259.409787
259.421245
259.557082
259.559931
259.560536
259.610924
259.61321
259.691189
259.715292
259.732739
259.764316
259.771405
259.786028
259.787744
259.794166
259.800069
259.823102
259.828103
259.867092
259.886025
259.960244
259.960545
259.973625
259.975184
259.997423
260.011745
260.017042
260.030086
260.075403
260.114538
260.137611
260.180123
260.211872
260.222509
260.249823
260.25488
260.290308
260.29553
260.298884
260.32877
260.33366
260.355433
260.359493
260.377677
260.385404
260.389604
260.427421
260.452718
260.456584
260.532764
260.556253
260.567146
260.594858
260.595617
260.597612
260.602798
260.615451
260.63157
260.641302
260.690595
260.699832
260.708087
260.717557
260.720353
260.723215
260.744973
260.759741
260.762774
260.769489
260.78562
260.787431
260.829475
260.87845
260.920866
260.933684
260.941081
260.946834
260.99203
260.992094
260.99467
260.999867
261.046767
261.047679
261.050297
261.079481
261.096953
261.104596
261.111442
261.112209
261.16446
261.174264
261.206619
261.220129
261.227486
261.23959
261.243998
261.245872
261.255386
261.264405
261.292236
261.368273
261.378505
261.399606
261.408239
261.414546
261.423487
261.463411
261.464951
261.469531
261.473366
261.503636
261.508275
261.510533
261.514054
261.535045
261.539067
261.545284
261.561104
261.566869
261.569612
261.58314
261.615454
261.6354
261.647221
261.663853
261.671368
261.675621
261.689894
261.691864
261.724892
261.736955
261.759628
261.761221
261.778036
261.812804
261.855434
261.864378
261.8724
261.907844
261.91719
261.923461
261.927595
261.956961
261.971234
261.993975
262.013451
262.01754
262.040656
262.059287
262.06087
262.06653
262.067368
262.072605
262.073796
262.076786
262.088555
262.108842
262.111818
262.118605
262.123663
262.152329
262.208752
262.210992
262.240978
262.248761
262.260977
262.272291
262.280239
262.287519
262.288574
262.323128
262.354693
262.367573
262.375026
262.39432
262.429704
262.439263
262.465161
262.513015
262.513052
262.522589
262.528083
262.53657
262.544037
262.54574
262.554919
262.560772
262.561686
262.568495
262.577646
262.627837
262.64805
262.652239
262.661278
262.684456
262.715703
262.723647
262.741246
262.749301
262.75142
262.761551
262.786785
262.79445
262.818552
262.854236
262.858042
262.873123
262.880721
262.886735
262.897858
262.912388
262.91383
262.913903
262.921986
262.926728
262.942828
262.947879
263.018875
263.019458
263.026539
263.026918
263.031333
263.059482
263.105459
263.111971
263.116333
263.120455
263.140687
263.147626
263.149721
263.182764
263.188793
263.19983
263.201691
263.201859
263.213024
263.217466
263.252246
263.264681
263.267929
263.284774
263.29087
263.292877
263.295484
263.317768
263.318053
263.328477
263.348125
263.357273
263.361043
263.375784
263.384206
263.387481
263.409675
263.422131
263.437062
263.480984
263.509578
263.513493
263.515895
263.521597
263.527423
263.535017
263.540419
263.548283
263.571725
263.574819
263.574873
263.580991
263.609197
263.631017
263.634476
263.674893
263.679917
263.680761
263.687601
263.688657
263.707475
263.708718
263.709291
263.748997
263.804774
263.820014
263.830599
263.85852
263.862078
263.913234
263.914528
263.918515
263.937631
263.948422
263.959924
263.972402
263.98634
263.997967
264.020626
264.032798
264.085196
264.087124
264.091608
264.116576
264.132802
264.152344
264.152569
264.152726
264.170329
264.181612
264.206165
264.206503
264.208584
264.209103
264.21521
264.240788
264.243469
264.271686
264.274486
264.286849
264.29374
264.303188
264.339402
264.34298
264.349588
264.350339
264.354583
264.366309
264.370817
264.374767
264.376466
264.394353
264.441431
264.442209
264.453336
264.46301
264.469611
264.479262
264.483576
264.50465
264.510435
264.518037
264.525644
264.546333
264.557432
264.559805
264.55982
264.567577
264.575769
264.576043
264.580166
264.604664
264.610214
264.611958
264.614001
264.614017
264.616815
264.633792
264.636473
264.671833
264.676891
264.687218
264.699051
264.705038
264.715492
264.716812
264.721661
264.725264
264.734221
264.749229
264.749431
264.754348
264.779775
264.799985
264.823063
264.828479
264.837634
264.889299
264.923783
264.944302
264.950839
264.951891
264.96013
264.980455
264.980903
264.987783
264.992065
265.027411
265.034271
265.064258
265.070705
265.079759
265.082201
265.102282
265.102443
265.107079
265.111261
265.121791
265.124626
265.126538
265.129223
265.130561
265.133719
265.141817
265.18402
265.186628
265.190051
265.208737
265.224685
265.231586
265.265924
265.273825
265.277777
265.284368
265.290244
265.29383
265.300579
265.308978
265.318961
265.319774
265.324814
265.333379
265.337912
265.345853
265.34795
265.374836
265.398771
265.403204
265.425309
265.442411
265.451153
265.471329
265.486458
265.505869
265.50662
265.521457
265.521544
265.527567
265.556757
265.559047
265.562639
265.574254
265.604913
265.606712
265.623385
265.643403
265.659075
265.66263
265.665576
265.680118
265.682568
265.68466
265.687196
265.697936
265.6985
265.699665
265.70177
265.704998
265.719684
265.722122
265.728609
265.741637
265.746141
265.761999
265.77141
265.819879
265.825774
265.828933
265.841309
265.852218
265.85424
265.862301
265.880568
265.882768
265.912406
265.918155
265.921006
265.934107
265.93724
265.991527
265.998459
266.0079
266.013788
266.030716
266.03609
266.03895
266.03949
266.076653
266.092218
266.095236
266.0974
266.103751
266.107149
266.107224
266.120607
266.128334
266.131611
266.135209
266.136597
266.14814
266.166048
266.176546
266.176746
266.181087
266.190111
266.191926
266.196514
266.204471
266.24838
266.249871
266.260164
266.261806
266.273186
266.306137
266.316767
266.326555
266.347531
266.348579
266.363118
266.363164
266.366646
266.371273
266.382392
266.394408
266.406914
266.416549
266.422469
266.447663
266.462693
266.47661
266.48663
266.488894
266.499252
266.508453
266.513029
266.520249
266.52308
266.524779
266.529202
266.540147
266.567524
266.573369
266.574436
266.575213
266.581304
266.593769
266.628639
266.631206
266.647206
266.655619
266.673601
266.678746
266.684513
266.690344
266.691512
266.696051
266.69715
266.703096
266.71199
266.721515
266.744039
266.749404
266.75703
266.768575
266.770185
266.783442
266.79651
266.800814
266.801933
266.804505
266.826087
266.831435
266.847278
266.86426
266.870621
266.874137
266.876675
266.877716
266.882523
266.902499
266.904189
266.909888
266.914992
266.923084
266.923618
266.932752
266.933015
266.938614
266.939226
266.949145
266.956189
266.960044
266.963201
266.963493
266.985605
267.011797
267.013258
267.013276
267.018095
267.018454
267.04133
267.043848
267.052749
267.057787
267.057966
267.061334
267.090008
267.102938
267.103883
267.114749
267.119317
267.125648
267.135016
267.142393
267.150833
267.151018
267.186156
267.186803
267.187114
267.188603
267.192653
267.199732
267.206377
267.215894
267.225529
267.226758
267.241122
267.257103
267.269656
267.272321
267.285139
267.287089
267.290023
267.292719
267.298193
267.299017
267.30354
267.304277
267.305029
267.313099
267.323309
267.325359
267.367558
267.379397
267.389396
267.39023
267.396108
267.413488
267.425151
267.430202
267.433826
267.436671
267.440183
267.454316
267.462144
267.46325
267.46395
267.473249
267.473645
267.477952
267.488827
267.494053
267.506302
267.509058
267.512893
267.520542
267.530287
267.535586
267.540197
267.552176
267.578365
267.590428
267.601924
267.605738
267.606505
267.6096
267.61788
267.625124
267.626283
267.640832
267.645706
267.647293
267.648229
267.648748
267.6502
267.659454
267.667827
267.669519
267.670703
267.677703
267.678003
267.692688
267.695228
267.696046
267.696132
267.69911
267.704316
267.705342
267.706745
267.70869
267.714632
267.71647
267.716646
267.717047
267.722938
267.725924
267.726667
267.729025
267.731242
267.756662
267.780194
267.790248
267.79174
267.795201
267.797255
267.826359
267.827363
267.832544
267.833356
267.847084
267.868056
267.877546
267.883488
267.88468
267.886141
267.889565
267.892523
267.908227
267.909704
267.917377
267.917594
267.929176
267.950935
267.972093
267.972854
267.973282
267.973984
267.979236
267.989294
268.000274
268.009593
268.01517
268.022434
268.041349
268.049557
268.0588
268.067965
268.068107
268.068736
268.082278
268.091582
268.094892
268.127123
268.138001
268.140295
268.153158
268.162934
268.165788
268.172182
268.178773
268.185157
268.18545
268.19463
268.196827
268.204802
268.205425
268.205981
268.210228
268.213148
268.230841
268.247261
268.257132
268.260052
268.265498
268.266339
268.266403
268.266828
268.273269
268.281401
268.282123
268.288442
268.300044
268.304905
268.306186
268.309902
268.318985
268.321327
268.325398
268.333223
268.340929
268.353612
268.353914
268.35821
268.362785
268.363013
268.371471
268.374153
268.377443
268.387179
268.400959
268.404075
268.41
268.415832
268.419662
268.421594
268.422081
268.425752
268.426512
268.431025
268.435719
268.442902
268.454101
268.465884
268.471696
268.472581
268.475519
268.479123
268.486896
268.503925
268.506442
268.510091
268.511176
268.520918
268.526444
268.540825
268.581681
268.590502
268.613831
268.617202
268.617995
268.619246
268.631914
268.636862
268.639817
268.649652
268.657512
268.66399
268.671885
268.672921
268.6804
268.683962
268.684584
268.686511
268.699065
268.701976
268.712396
268.718263
268.727757
268.728773
268.729246
268.735247
268.737245
268.740128
268.752893
268.75466
268.75757
268.758816
268.761634
268.766039
268.782945
268.790263
268.793866
268.794689
268.799561
268.799898
268.807167
268.813274
268.81929
268.829835
268.83444
268.837528
268.838243
268.838256
268.83883
268.83905
268.844322
268.846022
268.852587
268.853363
268.868302
268.870423
268.870855
268.873018
268.902887
268.906541
268.914273
268.915742
268.920274
268.921281
268.926251
268.93558
268.936926
268.938776
268.944685
268.959699
268.962485
268.965758
268.983136
268.984492
268.986283
268.995044
269.003672
269.008885
269.009745
269.019062
269.022723
269.034738
269.042661
269.043325
269.044363
269.057676
269.062504
269.063485
269.064474
269.071277
269.071594
269.07439
269.076142
269.078419
269.083165
269.097055
269.100412
269.106014
269.118556
269.133053
269.1354
269.139208
269.142968
269.146039
269.147416
269.147953
269.182212
269.196048
269.197853
269.209842
269.213651
269.217952
269.222921
269.241292
269.258038
269.260047
269.261023
269.271712
269.275589
269.282414
269.283065
269.294371
269.297683
269.301363
269.305856
269.307476
269.311
269.319792
269.320734
269.332087
269.333364
269.336447
269.336779
269.3399
269.348216
269.349572
269.36215
269.363517
269.367684
269.376067
269.378876
269.387507
269.387824
269.390236
269.400757
269.413324
269.419072
269.421737
269.422331
269.431192
269.433255
269.433662
269.437079
269.440665
269.442045
269.453238
269.454232
269.459992
269.467161
269.487291
269.493959
269.497638
269.50506
269.508028
269.510444
269.515152
269.515269
269.51543
269.516597
269.52495
269.528266
269.528303
269.528574
269.533233
269.539449
269.539743
269.546943
269.548564
269.550489
269.553106
269.570796
269.579058
269.581496
269.592517
269.608577
269.618486
269.622129
269.626873
269.639639
269.643541
269.656989
269.659152
269.665326
269.666691
269.67598
269.676597
269.684009
269.707205
269.709975
269.716692
269.718005
269.718862
269.720777
269.720837
269.723694
269.724129
269.724968
269.731607
269.736161
269.741842
269.744592
269.752749
269.756895
269.769663
269.773444
269.782738
269.790686
269.790817
269.804365
269.832605
269.838249
269.841251
269.842041
269.854379
269.855362
269.856957
269.873185
269.881911
269.896095
269.910269
269.919135
269.925506
269.939813
269.944433
269.945804
269.952996
269.958275
269.958437
269.963287
269.966061
269.97115
269.973599
269.979833
269.982934
270.011058
270.011416
270.011804
270.015927
270.017307
270.041003
270.052371
270.057846
270.060924
270.062919
270.066468
270.07033
270.071421
270.08051
270.087145
270.089571
270.095908
270.096456
270.11103
270.114907
270.121717
270.124127
270.131709
270.134128
270.139194
270.139748
270.151236
270.154072
270.157244
270.158435
270.161548
270.163573
270.167166
270.17777
270.179382
270.181565
270.186919
270.19203
270.192151
270.192699
270.196734
270.19924
270.19949
270.202833
270.212788
270.21392
270.218298
270.221333
270.225758
270.228387
270.237428
270.239247
270.250259
270.250327
270.26107
270.26193
270.263316
270.264434
270.265557
270.275381
270.297137
270.310143
270.312324
270.313964
270.320938
270.327281
270.330676
270.33191
270.337437
270.337745
270.343525
270.345117
270.350824
270.351322
270.358938
270.359589
270.360645
270.372303
270.394315
270.394415
270.395776
270.402018
270.402759
270.411788
270.423736
270.435404
270.436977
270.438512
270.441092
270.441748
270.448484
270.449754
270.483547
270.48374
270.486535
270.496075
270.498241
270.50306
270.505783
270.50944
270.510162
270.534545
270.535124
270.538578
270.547638
270.547787
270.548173
270.561027
270.561142
270.562512
270.56901
270.572262
270.575415
270.575473
270.576854
270.585216
270.592744
270.593163
270.593738
270.597307
270.599066
270.605227
270.610041
270.61029
270.613915
270.618978
270.619823
270.622205
270.623043
270.62751
270.628317
270.637629
270.645682
270.64712
270.655244
270.661105
270.672293
270.675379
270.681559
270.684739
270.687376
270.692067
270.694448
270.700053
270.703473
270.703643
270.707063
270.708023
270.708625
270.71058
270.72414
270.727967
270.729254
270.731869
270.734266
270.734445
270.736375
270.741918
270.747756
270.758764
270.763372
270.766374
270.771063
270.771199
270.774318
270.779674
270.780124
270.786154
270.789492
270.790464
270.795966
270.798812
270.807212
270.807624
270.812631
270.812983
270.820732
270.822912
270.824032
270.826244
270.83378
270.839609
270.847422
270.856898
270.859839
270.861387
270.861571
270.874587
270.87474
270.883653
270.891503
270.892773
270.894767
270.908919
270.913872
270.915583
270.920371
270.920472
270.939246
270.945078
270.947752
270.954555
270.963852
270.970885
270.981233
270.985784
270.99216
271.004029
271.004566
271.010709
271.013138
271.016583
271.022287
271.02482
271.025966
271.027354
271.028975
271.031765
271.033902
271.036013
271.03727
271.039476
271.046887
271.054805
271.062424
271.069756
271.074093
271.089104
271.089994
271.091794
271.105997
271.110418
271.118355
271.120425
271.124179
271.126118
271.132626
271.132681
271.139169
271.140664
271.148055
271.152024
271.157636
271.173214
271.187343
271.191442
271.197727
271.199368
271.199578
271.200372
271.204214
271.206197
271.213288
271.217701
271.218985
271.219842
271.220198
271.221125
271.233065
271.233576
271.25072
271.25234
271.2569
271.258347
271.266033
271.267501
271.268224
271.272793
271.284318
271.28661
271.291957
271.293584
271.297589
271.304721
271.309035
271.317193
271.3237
271.338209
271.339714
271.350491
271.36707
271.368942
271.376768
271.385997
271.388031
271.401177
271.404
271.404458
271.406482
271.410329
271.424734
271.424992
271.430209
271.430354
271.43204
271.436458
271.442263
271.446419
271.454978
271.457455
271.459514
271.459712
271.461596
271.475587
271.479858
271.481738
271.48737
271.487515
271.495872
271.50176
271.514551
271.514983
271.524278
271.524283
271.538041
271.549234
271.559719
271.566339
271.567164
271.567588
271.569456
271.571094
271.587287
271.591822
271.593574
271.607985
271.608972
271.610506
271.61321
271.614989
271.617294
271.61884
271.628569
271.638074
271.639049
271.644088
271.645695
271.646269
271.646367
271.647862
271.658896
271.662681
271.66445
271.664512
271.670446
271.677292
271.679333
271.688551
271.693501
271.699755
271.704391
271.704846
271.707803
271.708728
271.711083
271.71823
271.719735
271.728312
271.730256
271.734394
271.736436
271.743536
271.745539
271.753451
271.756209
271.760178
271.762479
271.764674
271.772361
271.776701
271.779105
271.782734
271.783665
271.786659
271.80386
271.80464
271.806089
271.806827
271.809059
271.819523
271.820047
271.820778
271.822085
271.823297
271.826951
271.829112
271.829126
271.842631
271.846075
271.859458
271.860167
271.863691
271.864051
271.868902
271.873478
271.873949
271.876532
271.883559
271.887847
271.888405
271.889909
271.890743
271.893054
271.897883
271.90106
271.901622
271.911118
271.911135
271.91454
271.917384
271.919455
271.933318
271.94132
271.943196
271.946862
271.951754
271.952334
271.954797
271.954981
271.958145
271.95945
271.963074
271.964415
271.975381
271.975457
271.976914
271.978975
271.990619
271.997226
271.99967
272.003455
272.006924
272.016144
272.019026
272.028806
272.03004
272.035751
272.036668
272.037624
272.042956
272.048019
272.057855
272.060604
272.062848
272.063039
272.06968
272.08388
272.085932
272.090174
272.091041
272.094739
272.098349
272.098565
272.106724
272.109063
272.110813
272.115002
272.119582
272.122642
272.124477
272.128662
272.130794
272.132594
272.150009
272.155333
272.158241
272.159773
272.166356
272.167937
272.170275
272.173625
272.18192
272.185538
272.196251
272.196679
272.205389
272.209611
272.212813
272.227285
272.233191
272.237406
272.242444
272.246919
272.253874
272.260944
272.263316
272.264691
272.268696
272.271575
272.280991
272.289133
272.289459
272.300399
272.306462
272.307716
272.316108
272.317538
272.320456
272.32137
272.322716
272.329506
272.333894
272.335574
272.338213
272.338399
272.352443
272.353173
272.354638
272.359145
272.365737
272.366255
272.368133
272.368395
272.370139
272.372269
272.372609
272.380359
272.383625
272.384242
272.388779
272.402467
272.405124
272.406023
272.41342
272.419839
272.420289
272.422768
272.429223
272.429661
272.430316
272.432985
272.435355
272.4369
272.440012
272.446376
272.451082
272.455222
272.467055
272.47542
272.482665
272.488958
272.502876
272.506579
272.517438
272.521026
272.528928
272.537773
272.538554
272.545298
272.547352
272.555522
272.560051
272.564641
272.56521
272.575104
272.578129
272.580275
272.596133
272.597339
272.597751
272.601145
272.606345
272.609844
272.614397
272.622885
272.626449
272.630083
272.630244
272.631015
272.63788
272.639043
272.639228
272.653154
272.653666
272.653996
272.655049
272.656534
272.657592
272.66612
272.678692
272.679175
272.679363
272.681953
272.683413
272.686533
272.70496
272.717499
272.72269
272.723137
272.733469
272.734687
272.739074
272.743773
272.74395
272.748694
272.753997
272.764165
272.764281
272.765396
272.768571
272.768685
272.77162
272.771936
272.77505
272.780094
272.782767
272.791274
272.792209
272.794418
272.803033
272.809629
272.821058
272.824019
272.827552
272.833331
272.840562
272.84223
272.842934
272.856484
272.891187
272.89188
272.893795
272.906668
272.907899
272.908365
272.913696
272.917814
272.917951
272.92826
272.928592
272.93031
272.932598
272.954298
272.961409
272.964031
272.964748
272.966709
272.975309
272.979615
272.97976
272.98295
272.987286
272.988408
272.999334
272.999863
273.002779
273.004823
273.006028
273.009344
273.011975
273.018968
273.021333
273.023106
273.023205
273.023298
273.024595
273.025101
273.030037
273.038815
273.050837
273.054956
273.067312
273.067853
273.068743
273.069813
273.072428
273.07368
273.07443
273.074755
273.085667
273.087188
273.091324
273.095586
273.096769
273.104215
273.104558
273.109833
273.117321
273.119187
273.121969
273.123827
273.134401
273.134676
273.142105
273.152586
273.15339
273.156535
273.16624
273.168628
273.169291
273.178127
273.190528
273.19423
273.198808
273.199016
273.206495
273.214319
273.218286
273.221162
273.222965
273.223022
273.223584
273.224423
273.238567
273.239741
273.243193
273.244887
273.246057
273.247355
273.250216
273.250343
273.253287
273.25563
273.258011
273.261779
273.264177
273.2675
273.268827
273.269873
273.274409
273.275543
273.276046
273.278789
273.280785
273.291124
273.296736
273.297662
273.300168
273.304317
273.304433
273.30487
273.312875
273.319148
273.320876
273.324963
273.333847
273.351378
273.354231
273.356095
273.356178
273.365053
273.367162
273.378146
273.381479
273.382564
273.384296
273.384384
273.393563
273.394539
273.397191
273.402003
273.407608
273.415885
273.419409
273.419574
273.425136
273.427898
273.43976
273.439968
273.456329
273.464832
273.46823
273.470359
273.472595
273.4743
273.477852
273.478117
273.478579
273.479551
273.481767
273.482016
273.484457
273.491842
273.505445
273.508884
273.512542
273.513769
273.515681
273.517025
273.520576
273.524485
273.525456
273.526234
273.530317
273.533078
273.53436
273.535582
273.536705
273.538183
273.539923
273.540572
273.543071
273.546405
273.546693
273.580386
273.580686
273.584016
273.584258
273.585728
273.58684
273.587781
273.589624
273.592225
273.595555
273.597586
273.609391
273.629838
273.631493
273.633742
273.640024
273.640655
273.642275
273.64781
273.651493
273.652351
273.653655
273.66233
273.663601
273.664037
273.670715
273.67209
273.672804
273.673045
273.685271
273.686433
273.708739
273.708845
273.717929
273.734036
273.737588
273.741503
273.747693
273.753556
273.753656
273.753664
273.758755
273.767025
273.768293
273.774899
273.781616
273.781671
273.790394
273.794659
273.798122
273.798148
273.806172
273.813567
273.816046
273.819524
273.825487
273.828501
273.832154
273.833118
273.834348
273.857117
273.860716
273.863189
273.875169
273.880164
273.881376
273.887895
273.888782
273.891064
273.891243
273.895812
273.904467
273.909352
273.911396
273.917942
273.923972
273.928797
273.928803
273.941622
273.94344
273.946943
273.950297
273.951468
273.953324
273.96445
273.968953
273.969
273.975279
273.977372
273.977449
273.981603
273.982983
273.985422
273.99483
273.996358
274.002529
274.016309
274.030615
274.031015
274.034139
274.041103
274.041952
274.042944
274.04569
274.06337
274.06928
274.078497
274.085169
274.088627
274.090339
274.090708
274.094045
274.099562
274.099889
274.104572
274.105973
274.107198
274.115128
274.116981
274.122989
274.124146
274.126716
274.127513
274.135557
274.13847
274.140536
274.141194
274.143289
274.148677
274.160561
274.1616
274.162866
274.163214
274.165024
274.165902
274.171828
274.172277
274.172738
274.177842
274.185511
274.196017
274.199863
274.200158
274.204038
274.218419
274.220914
274.229401
274.232173
274.232782
274.235076
274.235272
274.238675
274.240411
274.241877
274.243742
274.244739
274.258846
274.260009
274.263447
274.267663
274.268241
274.270078
274.278253
274.279336
274.280303
274.284414
274.284818
274.285774
274.295727
274.300061
274.302793
274.302926
274.30787
274.308366
274.310753
274.314179
274.314358
274.315444
274.322331
274.322973
274.339576
274.342235
274.355003
274.361581
274.372448
274.378225
274.380951
274.381302
274.38513
274.391504
274.391825
274.392337
274.39354
274.394959
274.41563
274.42066
274.423216
274.429551
274.430664
274.436614
274.447543
274.452765
274.453101
274.461361
274.466824
274.471286
274.476072
274.482955
274.485327
274.487756
274.491542
274.492705
274.502897
274.515078
274.528018
274.52888
274.529202
274.532979
274.538014
274.539857
274.555427
274.561625
274.566526
274.568025
274.569857
274.571728
274.572814
274.57542
274.590896
274.59144
274.591591
274.592634
274.595422
274.603685
274.607248
274.607338
274.609897
274.611775
274.614497
274.627009
274.638626
274.643198
274.648796
274.655481
274.655557
274.66137
274.661752
274.662374
274.665165
274.665963
274.666068
274.672131
274.675785
274.676679
274.680319
274.685613
274.687234
274.688685
274.690802
274.692144
274.700719
274.702977
274.708186
274.708529
274.708824
274.7104
274.716881
274.721161
274.730105
274.731662
274.736264
274.736318
274.745808
274.746307
274.746645
274.747534
274.756108
274.758035
274.768851
274.7695
274.770027
274.771851
274.772735
274.775562
274.781702
274.785487
274.787028
274.78782
274.789785
274.790268
274.798705
274.798706
274.809284
274.810561
274.821283
274.823105
274.824228
274.830122
274.835083
274.83569
274.838063
274.839701
274.849037
274.850787
274.851992
274.854278
274.858126
274.877891
274.87833
274.881441
274.881598
274.889015
274.897609
274.901143
274.902473
274.906359
274.910771
274.913743
274.922224
274.923319
274.923605
274.924395
274.924418
274.924722
274.927395
274.930624
274.935818
274.938703
274.938862
274.939109
274.945682
274.946379
274.949771
274.95458
274.969561
274.971191
274.971307
274.973382
274.97351
274.97755
274.979793
274.980107
274.985218
274.987408
274.987983
274.989364
274.992743
274.994165
275.002271
275.004863
275.007047
275.008973
275.010901
275.022673
275.026462
275.029371
275.030202
275.036592
275.042962
275.044713
275.046123
275.047546
275.064029
275.064918
275.06758
275.069475
275.0754
275.080512
275.081712
275.091456
275.095842
275.107228
275.109172
275.111047
275.11331
275.11502
275.120412
275.126565
275.128328
275.130075
275.131096
275.132232
275.133162
275.1354
275.13543
275.136627
275.140308
275.143557
275.149594
275.153428
275.157531
275.168504
275.171388
275.173089
275.173926
275.176868
275.180407
275.181827
275.183865
275.187035
275.194265
275.201138
275.216183
275.220631
275.227706
275.235604
275.23815
275.24424
275.248382
275.249406
275.250097
275.252445
275.257572
275.260096
275.260342
275.262879
275.279269
275.2881
275.291348
275.295219
275.301507
275.304154
275.30658
275.314261
275.326183
275.336254
275.341112
275.343379
275.34658
275.347252
275.353741
275.353999
275.354153
275.354878
275.355368
275.365664
275.368967
275.370402
275.371963
275.376419
275.378282
275.389168
275.405783
275.415259
275.416579
275.420071
275.426608
275.429507
275.430753
275.437289
275.449166
275.454763
275.459437
275.462912
275.463883
275.464141
275.465457
275.467721
275.469915
275.473598
275.47387
275.474214
275.476192
275.477186
275.483049
275.483288
275.491362
275.499571
275.50765
275.509555
275.51014
275.510978
275.513276
275.514057
275.518605
275.520359
275.523076
275.52632
275.534348
275.538672
275.538728
275.54103
275.553245
275.554588
275.560702
275.567558
275.577853
275.579884
275.580202
275.580632
275.58189
275.592211
275.592967
275.594605
275.604679
275.606894
275.610611
275.611117
275.611725
275.616843
275.618484
275.623169
275.627975
275.63178
275.640782
275.645321
275.648192
275.653767
275.660757
275.661667
275.663523
275.665685
275.678926
275.685156
275.686126
275.68702
275.688629
275.691647
275.692592
275.696366
275.697924
275.698857
275.708926
275.709757
275.71243
275.71766
275.719865
275.723162
275.724795
275.724887
275.725376
275.72567
275.728479
275.735965
275.737672
275.738481
275.745151
275.746349
275.749214
275.751417
275.753549
275.753929
275.758883
275.759676
275.764432
275.764548
275.767906
275.778761
275.778983
275.783555
275.786932
275.787983
275.788091
275.789181
275.79052
275.794192
275.797917
275.802103
275.809886
275.815444
275.82058
275.821177
275.826051
275.826441
275.826924
275.835363
275.835583
275.837626
275.848782
275.852581
275.857058
275.857905
275.858758
275.8606
275.863621
275.865578
275.8676
275.868138
275.86986
275.877872
275.879897
275.885507
275.891218
275.892311
275.896489
275.906643
275.911242
275.917596
275.92323
275.929811
275.948228
275.948475
275.953241
275.961968
275.964405
275.967258
275.969767
275.97012
275.970158
275.988989
275.99424
275.996345
275.998298
276.002739
276.003931
276.005294
276.005435
276.012097
276.013909
276.01919
276.025394
276.025551
276.02724
276.028572
276.031223
276.033827
276.034594
276.037727
276.039695
276.040952
276.041767
276.043107
276.043539
276.046793
276.047591
276.054368
276.063127
276.069214
276.075164
276.096932
276.097821
276.105004
276.105404
276.107212
276.108243
276.11977
276.127877
276.133941
276.141783
276.143419
276.149029
276.157526
276.157755
276.159004
276.162059
276.166521
276.166878
276.168187
276.168482
276.172998
276.173273
276.179006
276.182998
276.184723
276.186512
276.190361
276.193956
276.194476
276.196102
276.197641
276.197654
276.208909
276.212858
276.21596
276.215978
276.217407
276.219118
276.220939
276.221646
276.224009
276.229334
276.239585
276.239661
276.240598
276.243916
276.24471
276.244908
276.24598
276.247039
276.249031
276.255079
276.255919
276.256583
276.258279
276.259699
276.266984
276.267657
276.269414
276.273175
276.277328
276.301561
276.301574
276.302674
276.303336
276.308211
276.30956
276.310192
276.311961
276.31258
276.317083
276.318933
276.335484
276.335622
276.336217
276.337587
276.338839
276.345859
276.348858
276.3505
276.355235
276.355399
276.361407
276.364727
276.368105
276.369941
276.372296
276.375998
276.383951
276.385873
276.386756
276.391142
276.394436
276.404282
276.405143
276.406506
276.414958
276.41611
276.417875
276.418461
276.418807
276.426069
276.426852
276.429259
276.434148
276.434249
276.437995
276.443206
276.446774
276.448289
276.452938
276.454962
276.457206
276.467213
276.467711
276.469824
276.47173
276.476698
276.479033
276.481189
276.481335
276.489075
276.492357
276.510981
276.511251
276.516101
276.526726
276.528386
276.52881
276.531792
276.536583
276.538631
276.54875
276.551058
276.55424
276.554407
276.560151
276.562078
276.56931
276.570581
276.570908
276.575127
276.577583
276.581321
276.584208
276.593701
276.597547
276.598455
276.606147
276.607769
276.610843
276.618183
276.619918
276.620471
276.621611
276.622065
276.628064
276.628224
276.628649
276.633191
276.634954
276.636367
276.636729
276.643148
276.643792
276.649368
276.649404
276.655293
276.655419
276.658023
276.664943
276.665668
276.667032
276.668037
276.670085
276.671008
276.673864
276.674117
276.680859
276.682932
276.684175
276.686928
276.688221
276.688516
276.705481
276.708824
276.70938
276.710422
276.710568
276.713602
276.719335
276.728558
276.74156
276.747578
276.751822
276.752525
276.754331
276.754632
276.755482
276.762113
276.768061
276.772059
276.782292
276.794375
276.795043
276.796799
276.804954
276.811586
276.814427
276.815386
276.823985
276.829518
276.832294
276.834366
276.836831
276.838526
276.842741
276.845236
276.845316
276.846737
276.850372
276.855473
276.862298
276.863876
276.877922
276.882215
276.882989
276.883489
276.887417
276.891734
276.891852
276.902978
276.904922
276.905818
276.906688
276.906905
276.908945
276.922822
276.92534
276.927923
276.933823
276.938593
276.940025
276.949613
276.952192
276.955386
276.960815
276.96218
276.964812
276.965831
276.966061
276.968685
276.974137
276.976479
276.980408
276.981378
276.983359
276.98511
276.995336
276.995517
276.999087
277.002543
277.004617
277.008707
277.010539
277.023222
277.026723
277.03209
277.035488
277.039866
277.040397
277.041835
277.048735
277.049772
277.052321
277.056209
277.057271
277.061567
277.066538
277.068709
277.069568
277.078212
277.078354
277.079514
277.088027
277.088239
277.089554
277.090924
277.092387
277.095186
277.097072
277.097795
277.098293
277.098566
277.105188
277.109
277.113185
277.129021
277.130129
277.136735
277.146937
277.147015
277.149779
277.151336
277.158068
277.161428
277.162859
277.165665
277.166856
277.173837
277.17743
277.185521
277.190772
277.194289
277.195304
277.196798
277.197234
277.204118
277.208171
277.212419
277.218721
277.219032
277.220417
277.221277
277.224608
277.225919
277.22771
277.228879
277.232007
277.232973
277.233299
277.234259
277.250431
277.253112
277.256383
277.257327
277.259238
277.261084
277.262232
277.264573
277.268004
277.268698
277.270662
277.272814
277.282064
277.283414
277.287267
277.297653
277.299129
277.310056
277.313667
277.31483
277.316191
277.318489
277.320003
277.321968
277.32319
277.326877
277.336061
277.336536
277.33719
277.340458
277.342603
277.343414
277.350652
277.353421
277.354919
277.355238
277.35832
277.359474
277.359635
277.361104
277.362194
277.364156
277.366721
277.370459
277.370834
277.373292
277.374929
277.37658
277.377796
277.385634
277.387492
277.387862
277.399775
277.401641
277.402528
277.407543
277.410346
277.411928
277.414793
277.418774
277.422428
277.423337
277.42615
277.431853
277.43322
277.438467
277.439311
277.442027
277.449558
277.449607
277.454329
277.469275
277.470496
277.471976
277.473274
277.476251
277.476847
277.481414
277.48466
277.486143
277.487001
277.492191
277.503376
277.504267
277.504626
277.507518
277.51057
277.515163
277.515975
277.520793
277.524411
277.526725
277.554916
277.556909
277.557344
277.558278
277.56111
277.565863
277.567068
277.568206
277.569283
277.569468
277.572003
277.574528
277.576159
277.583059
277.585853
277.590129
277.591606
277.593699
277.595256
277.597608
277.601242
277.61206
277.616857
277.618806
277.621923
277.62225
277.623438
277.624378
277.624839
277.628857
277.629251
277.63418
277.641801
277.642547
277.643185
277.645419
277.64613
277.647295
277.648478
277.653539
277.656803
277.657255
277.659599
277.66108
277.663739
277.672245
277.673251
277.674702
277.674835
277.678756
277.681209
277.685283
277.696898
277.698041
277.70241
277.706539
277.710282
277.714644
277.714724
277.717389
277.717533
277.718742
277.722224
277.723261
277.724675
277.724914
277.734549
277.734858
277.73658
277.7434
277.745067
277.746916
277.747632
277.757584
277.757661
277.7612
277.765269
277.766429
277.772704
277.774096
277.775759
277.781277
277.781979
277.782135
277.783441
277.789492
277.792915
277.796648
277.797395
277.799165
277.80075
277.808077
277.809008
277.809714
277.813972
277.817984
277.821737
277.822043
277.826216
277.828385
277.832583
277.832713
277.840775
277.844274
277.846987
277.849438
277.859248
277.861171
277.864213
277.868388
277.871552
277.874054
277.878351
277.879181
277.880812
277.886402
277.886527
277.891571
277.894459
277.898278
277.901446
277.903859
277.906716
277.911035
277.911439
277.916288
277.925344
277.926195
277.928917
277.931032
277.93259
277.934238
277.9348
277.941846
277.943696
277.947768
277.953671
277.965846
277.966306
277.966314
277.969913
277.970561
277.972702
277.979174
277.981987
277.986915
277.988461
277.98852
277.989257
277.994184
277.99673
277.99813
278.000118
278.001139
278.001917
278.00782
278.009426
278.012898
278.01453
278.016044
278.01855
278.021732
278.022352
278.024504
278.02583
278.02935
278.033181
278.033783
278.035371
278.03575
278.045965
278.046329
278.046337
278.054043
278.055566
278.056021
278.059692
278.060603
278.060964
278.06289
278.063228
278.063755
278.065571
278.070368
278.074369
278.079183
278.082947
278.083421
278.08685
278.094102
278.094528
278.101232
278.10171
278.102737
278.103909
278.109161
278.115464
278.116344
278.116867
278.11752
278.120494
278.127501
278.129008
278.129781
278.132298
278.14103
278.153443
278.155915
278.15713
278.157224
278.163156
278.163588
278.164857
278.16915
278.169567
278.169832
278.171419
278.174677
278.178471
278.181403
278.183903
278.185009
278.186917
278.194442
278.196902
278.198887
278.20102
278.211301
278.230067
278.230536
278.233687
278.237288
278.238077
278.248319
278.253281
278.256973
278.259277
278.263887
278.265449
278.26999
278.270012
278.270441
278.273614
278.274212
278.274565
278.274705
278.277222
278.285622
278.287009
278.288985
278.290089
278.292028
278.292883
278.297947
278.302404
278.308607
278.30908
278.314011
278.3147
278.316873
278.317185
278.318771
278.32006
278.325694
278.331306
278.333863
278.347919
278.356973
278.357532
278.364632
278.366542
278.367402
278.368238
278.368323
278.372559
278.37309
278.373629
278.379277
278.380131
278.381903
278.385165
278.396015
278.398729
278.39977
278.400485
278.403938
278.409778
278.412702
278.413139
278.413936
278.429256
278.430027
278.431555
278.431677
278.438165
278.440158
278.450443
278.45227
278.458739
278.459242
278.460394
278.462332
278.464994
278.469224
278.469492
278.470045
278.473141
278.47388
278.475345
278.479704
278.48084
278.490926
278.492097
278.492393
278.493633
278.493867
278.501373
278.503808
278.508607
278.514496
278.51818
278.519258
278.524486
278.524801
278.525754
278.533863
278.542965
278.547787
278.549017
278.555875
278.55831
278.56931
278.570465
278.5711
278.5752
278.580165
278.581035
278.584502
278.589978
278.594854
278.599876
278.604571
278.605832
278.606522
278.621364
278.628352
278.628887
278.633117
278.636786
278.64384
278.646055
278.646671
278.649205
278.652293
278.652952
278.653551
278.660938
278.663601
278.673897
278.682365
278.68774
278.688813
278.690435
278.693604
278.695851
278.698473
278.700088
278.702903
278.704628
278.704993
278.705562
278.706052
278.713628
278.715959
278.729845
278.732137
278.733606
278.73437
278.736599
278.739392
278.749592
278.749861
278.760108
278.761115
278.768021
278.76892
278.782519
278.787187
278.7911
278.796601
278.800607
278.803679
278.806232
278.809945
278.818661
278.823248
278.8274
278.827766
278.832032
278.840982
278.847168
278.848287
278.848597
278.850016
278.85736
278.86106
278.862523
278.864598
278.877637
278.878702
278.881707
278.884564
278.888123
278.893943
278.895686
278.895927
278.898183
278.898451
278.901375
278.902549
278.911928
278.930323
278.931805
278.932745
278.941979
278.946202
278.946896
278.964238
278.97153
278.978137
278.981514
278.983412
278.984959
279.001129
279.007913
279.018432
279.022162
279.022588
279.02759
279.039007
279.040111
279.040484
279.047432
279.050535
279.054381
279.063269
279.07501
279.077168
279.08107
279.08158
279.089721
279.09465
279.099772
279.103377
279.110719
279.116517
279.118085
279.118209
279.120259
279.120852
279.127222
279.135156
279.141945
279.142906
279.144593
279.154308
279.154503
279.158277
279.160338
279.167179
279.167304
279.168108
279.170467
279.17091
279.172604
279.176757
279.177832
279.181776
279.182585
279.184245
279.184957
279.185886
279.198537
279.198637
279.199428
279.202846
279.20517
279.226368
279.22839
279.229163
279.232699
279.240047
279.240184
279.247457
279.248453
279.258015
279.26001
279.260677
279.264188
279.266333
279.268117
279.269835
279.270758
279.276538
279.279251
279.281174
279.283653
279.283905
279.28712
279.287886
279.289061
279.291599
279.292841
279.297382
279.299773
279.300076
279.305656
279.30832
279.308745
279.312535
279.314434
279.318648
279.320024
279.321478
279.322774
279.326488
279.327397
279.331873
279.334063
279.338513
279.342411
279.357073
279.382409
279.384277
279.398242
279.39897
279.405641
279.409627
279.418994
279.422131
279.423611
279.426436
279.431056
279.433668
279.435444
279.436704
279.440278
279.440589
279.441265
279.447292
279.451934
279.457566
279.463221
279.466401
279.471277
279.471733
279.474685
279.475645
279.478432
279.479492
279.48106
279.487498
279.490323
279.499661
279.504913
279.512157
279.518752
279.52607
279.529043
279.533923
279.538564
279.543518
279.545126
279.545278
279.545867
279.551773
279.559367
279.568156
279.568346
279.578538
279.582771
279.584108
279.595869
279.603524
279.606328
279.60676
279.616134
279.617753
279.619606
279.620724
279.627665
279.629992
279.634179
279.638196
279.638939
279.641187
279.646702
279.647828
279.650551
279.65306
279.654602
279.666301
279.666538
279.667726
279.670745
279.671368
279.671561
279.67242
279.67302
279.679335
279.68306
279.685723
279.687079
279.692686
279.69495
279.695259
279.695267
279.702974
279.708617
279.713387
279.718307
279.730755
279.730881
279.731908
279.732352
279.736649
279.736673
279.74192
279.742864
279.743838
279.749482
279.751825
279.756691
279.757543
279.763931
279.765031
279.779551
279.782475
279.78689
279.800422
279.80549
279.807773
279.811326
279.814632
279.818767
279.8202
279.822655
279.828573
279.831225
279.831863
279.835473
279.839233
279.851149
279.855051
279.856942
279.857956
279.872274
279.87369
279.876674
279.879397
279.880166
279.886974
279.892513
279.8929
279.898708
279.903249
279.907851
279.91597
279.917833
279.923111
279.92396
279.928865
279.932721
279.940796
279.949714
279.960731
279.962934
279.965693
279.967475
279.970318
279.971178
279.975342
279.980815
279.983232
279.988186
279.990748
279.99515
279.998324
280.00732
280.014611
280.015641
280.017903
280.018256
280.019134
280.028024
280.032377
280.033379
280.034364
280.038097
280.038109
280.038746
280.044359
280.044588
280.047648
280.048018
280.054421
280.055858
280.057303
280.061455
280.062499
280.064344
280.065779
280.066225
280.066494
280.067342
280.069171
280.075025
280.079773
280.079854
280.090112
280.095979
280.102157
280.102715
280.104215
280.108084
280.110091
280.110383
280.113438
280.120427
280.121288
280.122674
280.123256
280.13352
280.140071
280.144805
280.148845
280.149532
280.150467
280.151723
280.152078
280.152552
280.165558
280.165707
280.16737
280.16892
280.171313
280.176714
280.179459
280.179608
280.182329
280.183989
280.186426
280.186434
280.188295
280.190352
280.191302
280.193895
280.196045
280.196888
280.198605
280.205963
280.210636
280.212054
280.212427
280.215319
280.220113
280.225017
280.230065
280.240277
280.241476
280.243188
280.245734
280.249344
280.250032
280.253174
280.254338
280.256591
280.258484
280.261075
280.26319
280.267217
280.288464
280.291704
280.301901
280.304623
280.306307
280.307932
280.310272
280.31223
280.312375
280.316645
280.322735
280.324036
280.326574
280.326832
280.328142
280.328786
280.331514
280.334731
280.338402
280.351501
280.354297
280.35626
280.356583
280.362596
280.374709
280.381588
280.390347
280.394333
280.405599
280.410478
280.414179
280.415067
280.417966
280.424479
280.426053
280.428851
280.432004
280.432462
280.433209
280.442698
280.449266
280.458684
280.459347
280.463338
280.464061
280.465023
280.4669
280.468359
280.475845
280.476668
280.480978
280.481412
280.485185
280.488148
280.489847
280.491305
280.493359
280.493599
280.500354
280.506579
280.508663
280.513552
280.515218
280.531451
280.534949
280.535169
280.547047
280.553632
280.554014
280.564774
280.569448
280.56968
280.571205
280.572778
280.573833
280.574688
280.576487
280.579371
280.579543
280.582376
280.587586
280.590796
280.591842
280.60995
280.6172
280.617754
280.618134
280.621075
280.621703
280.63065
280.636515
280.646052
280.646105
280.647576
280.648036
280.648065
280.648342
280.654145
280.654442
280.659799
280.661774
280.665943
280.672247
280.672847
280.676451
280.678692
280.683047
280.686861
280.687456
280.689013
280.705544
280.714006
280.714949
280.717975
280.71912
280.719122
280.722193
280.724964
280.726676
280.732772
280.736218
280.743971
280.747063
280.747651
280.750744
280.755133
280.758291
280.758648
280.761857
280.770554
280.787437
280.788959
280.793681
280.800052
280.804279
280.804986
280.815905
280.816717
280.837305
280.837523
280.844883
280.846404
280.84845
280.851677
280.852534
280.856701
280.859705
280.861522
280.864527
280.86999
280.875205
280.876594
280.882937
280.888586
280.888992
280.889647
280.893336
280.895318
280.895752
280.89835
280.898544
280.901287
280.903131
280.904577
280.906506
280.908408
280.909743
280.90981
280.913553
280.916445
280.917811
280.920205
280.921335
280.92408
280.925175
280.953541
280.956953
280.958859
280.96175
280.96232
280.962994
280.967348
280.967713
280.969432
280.975821
280.985883
280.990087
280.994545
280.998964
280.999485
281.000472
281.000855
281.001087
281.001814
281.004418
281.006695
281.007177
281.00766
281.011301
281.020918
281.022643
281.033051
281.033782
281.034537
281.037616
281.040691
281.04643
281.050054
281.058251
281.061517
281.062846
281.063334
281.065126
281.068612
281.074146
281.07756
281.091144
281.094917
281.096866
281.099849
281.10491
281.112343
281.115211
281.11602
281.117431
281.130182
281.133042
281.13591
281.141964
281.143797
281.144455
281.153871
281.166985
281.172204
281.178636
281.179293
281.185219
281.185536
281.191104
281.196782
281.204127
281.209412
281.215256
281.216986
281.219052
281.219383
281.220435
281.221929
281.225397
281.231673
281.23346
281.24053
281.240663
281.243228
281.246162
281.251435
281.258754
281.260675
281.263703
281.264218
281.264912
281.266232
281.270366
281.278896
281.279724
281.281154
281.291742
281.296983
281.297107
281.300682
281.305775
281.30902
281.309473
281.310419
281.311946
281.312624
281.313123
281.314095
281.318477
281.323587
281.329284
281.336223
281.345703
281.353876
281.354013
281.354382
281.359856
281.360942
281.366297
281.371227
281.373449
281.382234
281.384426
281.388768
281.393845
281.398677
281.402263
281.404534
281.411132
281.413648
281.414657
281.426631
281.430168
281.432084
281.438387
281.439101
281.440591
281.449548
281.45393
281.453953
281.45714
281.457546
281.458437
281.467723
281.482315
281.49012
281.491499
281.4947
281.500722
281.502581
281.508809
281.510819
281.513609
281.515936
281.527095
281.527207
281.534885
281.545376
281.550697
281.551233
281.552238
281.562851
281.565917
281.571217
281.573072
281.57343
281.581565
281.58539
281.589068
281.597896
281.598457
281.604932
281.607624
281.613962
281.628995
281.64267
281.648394
281.649694
281.663051
281.666309
281.668308
281.672023
281.677408
281.679915
281.682127
281.683145
281.688453
281.692021
281.709196
281.711812
281.714199
281.719304
281.720953
281.722143
281.733604
281.734816
281.736807
281.737298
281.737634
281.741961
281.743859
281.747467
281.748687
281.751503
281.752947
281.761077
281.762185
281.765712
281.76628
281.76916
281.770697
281.771172
281.772765
281.784829
281.802933
281.803178
281.809983
281.811688
281.817423
281.833863
281.839197
281.840039
281.841228
281.854606
281.86847
281.878055
281.879469
281.889926
281.894518
281.898004
281.902659
281.903398
281.910296
281.914291
281.917125
281.91854
281.92149
281.923512
281.926158
281.927341
281.927844
281.92946
281.931404
281.936579
281.944365
281.948427
281.948837
281.953888
281.958947
281.965827
281.984887
281.991264
282.000007
282.000103
282.006089
282.007214
282.011454
282.024616
282.025378
282.029333
282.0307
282.036212
282.039899
282.04181
282.042704
282.048271
282.051719
282.052368
282.068681
282.069701
282.073365
282.074879
282.080234
282.081213
282.084645
282.093055
282.100182
282.101905
282.108292
282.108973
282.120965
282.121899
282.125902
282.130259
282.130342
282.132726
282.145841
282.147851
282.149231
282.152651
282.157442
282.17418
282.177594
282.18175
282.18176
282.183428
282.184126
282.184321
282.191069
282.192728
282.195791
282.196175
282.196441
282.205529
282.207064
282.20767
282.211359
282.211875
282.215872
282.216976
282.2225
282.230689
282.233145
282.235782
282.236398
282.239976
282.246422
282.246516
282.260204
282.262741
282.269869
282.272566
282.278838
282.28021
282.28068
282.281277
282.28478
282.294108
282.294288
282.297356
282.306538
282.307475
282.312069
282.31346
282.319484
282.335646
282.336718
282.349059
282.354883
282.358028
282.360845
282.361356
282.361537
282.36295
282.370376
282.372738
282.379254
282.381511
282.388131
282.388718
282.388869
282.391794
282.403443
282.412014
282.413004
282.427592
282.429852
282.430758
282.43241
282.43472
282.440696
282.44226
282.443384
282.449307
282.449705
282.457316
282.460599
282.462804
282.467763
282.479303
282.483327
282.486616
282.487263
282.488712
282.491117
282.495305
282.504408
282.509535
282.518119
282.519658
282.523194
282.524523
282.525588
282.529296
282.536299
282.539973
282.542941
282.544236
282.551978
282.556953
282.557771
282.560528
282.561801
282.567056
282.569695
282.576823
282.583874
282.584103
282.588163
282.59534
282.607382
282.612174
282.613648
282.617478
282.62392
282.626549
282.628254
282.630373
282.639613
282.640547
282.640737
282.64659
282.649059
282.653668
282.654523
282.664572
282.664973
282.66551
282.667124
282.669784
282.675209
282.678243
282.682507
282.687427
282.69398
282.702153
282.702502
282.705664
282.70605
282.711854
282.718872
282.72161
282.734517
282.758707
282.759175
282.762347
282.768222
282.769043
282.782092
282.784272
282.788604
282.793871
282.794816
282.79716
282.799612
282.79978
282.800579
282.806412
282.813659
282.823472
282.824325
282.831222
282.83194
282.832717
282.843997
282.845088
282.845347
282.85191
282.859423
282.863924
282.864192
282.868754
282.884238
282.889127
282.889285
282.889374
282.908143
282.918618
282.918898
282.920871
282.923773
282.945815
282.946795
282.94708
282.948022
282.954362
282.974379
282.977584
282.980423
282.981642
282.98534
283.004603
283.004737
283.006143
283.007983
283.008706
283.015746
283.016863
283.019714
283.027418
283.030243
283.0316
283.033745
283.033913
283.035997
283.037084
283.045673
283.052984
283.055116
283.063534
283.066332
283.07946
283.080022
283.081428
283.085031
283.09496
283.096272
283.119747
283.122026
283.136486
283.141337
283.144797
283.148561
283.149658
283.153654
283.160149
283.161768
283.164292
283.165401
283.165592
283.193522
283.194934
283.196729
283.200677
283.20499
283.209615
283.210902
283.214758
283.214768
283.216063
283.21731
283.222733
283.234709
283.239382
283.242464
283.244518
283.246134
283.24775
283.249144
283.250007
283.252633
283.254232
283.257276
283.267041
283.269556
283.271643
283.271684
283.276315
283.277612
283.293351
283.305091
283.305709
283.30835
283.309822
283.322908
283.324
283.325187
283.331439
283.332825
283.34215
283.34508
283.349599
283.352434
283.357678
283.367412
283.370461
283.372976
283.373278
283.392124
283.393112
283.396142
283.402031
283.408602
283.419594
283.426574
283.430461
283.43497
283.448321
283.449742
283.451876
283.452489
283.452749
283.457368
283.461353
283.469759
283.47308
283.483493
283.484337
283.500394
283.503639
283.535784
283.539117
283.539485
283.542036
283.563274
283.563419
283.563984
283.572256
283.572824
283.585804
283.588727
283.592452
283.592458
283.594039
283.601992
283.607885
283.61082
283.612558
283.612766
283.614473
283.614799
283.624086
283.633191
283.637565
283.646093
283.651075
283.65827
283.663528
283.663555
283.672818
283.681153
283.682515
283.702349
283.704167
283.7067
283.718367
283.719931
283.729378
283.73045
283.742975
283.743128
283.751196
283.751795
283.753851
283.754245
283.754952
283.757014
283.760395
283.760596
283.762132
283.762457
283.76391
283.764056
283.768377
283.768744
283.770273
283.770857
283.773688
283.777867
283.781345
283.781853
283.783757
283.795755
283.802155
283.811406
283.821125
283.825007
283.830205
283.83895
283.846304
283.846697
283.848484
283.851209
283.852258
283.853275
283.857921
283.858252
283.859726
283.871725
283.872919
283.877489
283.884191
283.88721
283.88896
283.89476
283.908715
283.916896
283.921021
283.927124
283.939158
283.942198
283.955848
283.957484
283.9644
283.969595
283.98923
283.996807
283.997924
283.999145
284.001405
284.004154
284.010236
284.025972
284.032071
284.0335
284.039351
284.039808
284.043075
284.052353
284.053782
284.054253
284.055403
284.064751
284.071589
284.076684
284.079122
284.081185
284.084854
284.091229
284.101508
284.114441
284.116298
284.120116
284.121405
284.130238
284.132895
284.134586
284.135784
284.148555
284.173371
284.174561
284.174594
284.177127
284.180398
284.180927
284.1842
284.187971
284.188221
284.192001
284.194382
284.194833
284.196028
284.196037
284.196339
284.203116
284.204037
284.210762
284.210945
284.217532
284.227748
284.228885
284.232374
284.236111
284.238308
284.243187
284.245465
284.254491
284.259383
284.261941
284.262924
284.266192
284.273012
284.277505
284.279569
284.28172
284.288574
284.29917
284.307913
284.310753
284.33037
284.330788
284.334741
284.336399
284.342511
284.342565
284.351144
284.353646
284.363801
284.363861
284.373846
284.388781
284.395598
284.396386
284.399377
284.421335
284.425945
284.426133
284.428292
284.432403
284.439658
284.444407
284.444417
284.448538
284.450594
284.464008
284.469053
284.472024
284.478314
284.487459
284.505415
284.51236
284.517091
284.517123
284.51739
284.518994
284.527662
284.534452
284.539873
284.539941
284.542311
284.548402
284.549856
284.555603
284.558541
284.568145
284.568434
284.571966
284.577321
284.577701
284.585082
284.586516
284.586923
284.588445
284.606897
284.616003
284.616402
284.618779
284.622638
284.626354
284.629391
284.630551
284.634235
284.636958
284.645665
284.64891
284.662099
284.664521
284.678635
284.67937
284.686708
284.690491
284.690646
284.692162
284.692191
284.694679
284.702124
284.710445
284.715698
284.717112
284.718254
284.72002
284.724522
284.732608
284.733653
284.740379
284.740613
284.756578
284.759124
284.762451
284.768257
284.768336
284.781719
284.782433
284.802248
284.822087
284.822705
284.823101
284.824007
284.824158
284.825067
284.825208
284.832688
284.834962
284.837701
284.838056
284.843096
284.849591
284.862539
284.872327
284.894096
284.897952
284.909081
284.912781
284.912905
284.925177
284.930223
284.932761
284.933467
284.934488
284.937764
284.938232
284.949895
284.960012
284.961808
284.962828
284.990544
284.991788
284.993893
284.994501
284.995181
284.9982
284.99821
285.000847
285.011399
285.036952
285.055614
285.057225
285.057693
285.064176
285.078978
285.081706
285.083757
285.089213
285.095088
285.095209
285.09775
285.118086
285.119306
285.123272
285.123667
285.124624
285.148691
285.152733
285.156656
285.15934
285.176554
285.177727
285.179173
285.187153
285.189314
285.194047
285.199658
285.199974
285.216412
285.219823
285.22373
285.224166
285.236307
285.247135
285.25202
285.258173
285.265259
285.26913
285.27562
285.298619
285.30229
285.30344
285.303662
285.307359
285.310247
285.31873
285.329844
285.331047
285.335488
285.344004
285.344231
285.35293
285.356187
285.361029
285.365954
285.370552
285.391827
285.408288
285.408352
285.412126
285.420816
285.425512
285.431057
285.438533
285.438659
285.452638
285.457681
285.463714
285.480636
285.483415
285.50207
285.510201
285.523988
285.527552
285.536103
285.538295
285.54373
285.544076
285.561598
285.566301
285.567728
285.578202
285.585351
285.585899
285.590191
285.598192
285.59853
285.619635
285.622661
285.629266
285.631137
285.63531
285.658566
285.659563
285.679187
285.680379
285.682458
285.691775
285.695001
285.697102
285.708094
285.710018
285.711472
285.737749
285.738738
285.740913
285.751315
285.752181
285.770256
285.774597
285.775421
285.781892
285.783716
285.789091
285.793826
285.800767
285.806234
285.824844
285.832998
285.842017
285.847919
285.851383
285.858258
285.864533
285.86661
285.871962
285.897739
285.904636
285.906014
285.90827
285.909452
285.914681
285.918478
285.919886
285.924078
285.925969
285.932383
285.937796
285.944269
285.946738
285.94824
285.952215
285.952524
285.959972
285.966724
285.971702
285.974782
285.979398
285.979805
285.986247
285.992243
285.994664
285.99577
286.004487
286.005402
286.007398
286.00935
286.014246
286.015487
286.020042
286.023347
286.026923
286.033937
286.034625
286.045569
286.046199
286.04714
286.050769
286.054601
286.055562
286.055871
286.05738
286.05844
286.060687
286.060841
286.064369
286.065875
286.06645
286.070925
286.075664
286.076681
286.077544
286.083525
286.089644
286.098639
286.100291
286.10136
286.102108
286.117149
286.118254
286.120292
286.121405
286.126792
286.128905
286.142747
286.143382
286.14972
286.172954
286.182486
286.188482
286.204065
286.206449
286.220347
286.221746
286.22837
286.245179
286.252315
286.25413
286.262271
286.26234
286.262788
286.285359
286.289343
286.293071
286.293988
286.306554
286.310038
286.329043
286.332631
286.346154
286.351931
286.371432
286.380838
286.401717
286.421052
286.434125
286.441755
286.449414
286.468824
286.478032
286.488399
286.49496
286.495125
286.503418
286.521702
286.525967
286.534863
286.542099
286.558823
286.559891
286.560052
286.597361
286.629381
286.630852
286.631217
286.63572
286.638545
286.641328
286.64208
286.643735
286.645444
286.653249
286.676552
286.676911
286.679401
286.68412
286.700856
286.70525
286.708529
286.715072
286.717595
286.719969
286.724755
286.725642
286.727276
286.729357
286.734654
286.740907
286.741857
286.741938
286.755913
286.759673
286.760021
286.768074
286.785693
286.786604
286.794611
286.806856
286.809211
286.82337
286.826311
286.827411
286.827744
286.836129
286.836804
286.849708
286.849869
286.854103
286.858896
286.860933
286.867404
286.882872
286.892316
286.912303
286.915969
286.934237
286.937859
286.939832
286.957485
286.974858
286.977746
286.989882
286.998732
286.999391
287.004197
287.01958
287.035535
287.039976
287.056377
287.059363
287.063753
287.066866
287.067178
287.074577
287.082764
287.088647
287.103794
287.105388
287.120142
287.130592
287.131032
287.137134
287.168276
287.170092
287.183275
287.184712
287.194734
287.195468
287.202595
287.202654
287.205595
287.209524
287.212925
287.214288
287.235933
287.256738
287.257458
287.263207
287.276428
287.279349
287.282726
287.296417
287.306513
287.306883
287.331604
287.332062
287.334159
287.334704
287.343906
287.363336
287.370492
287.373435
287.390669
287.40215
287.402314
287.403275
287.406902
287.409325
287.451757
287.451914
287.467647
287.468513
287.469571
287.482098
287.493471
287.507091
287.52234
287.537866
287.550533
287.559515
287.566933
287.573452
287.58238
287.593956
287.599445
287.601058
287.608867
287.616192
287.624118
287.624902
287.643132
287.658838
287.662936
287.668222
287.669477
287.68381
287.712636
287.717772
287.729708
287.736769
287.742937
287.746632
287.757758
287.767967
287.783233
287.788847
287.792903
287.800778
287.805264
287.841188
287.843619
287.855207
287.875274
287.877764
287.877927
287.886643
287.907126
287.913488
287.921569
287.923635
287.924212
287.931607
287.935339
287.938777
287.953665
287.955473
287.95601
287.959249
287.966046
287.972296
287.977516
287.982784
287.983641
287.987875
287.994514
288.005117
288.012108
288.01684
288.03447
288.040726
288.044952
288.04778
288.061964
288.06587
288.067521
288.076099
288.092844
288.097104
288.103081
288.111485
288.114271
288.120215
288.120392
288.121347
288.121581
288.125614
288.132002
288.135238
288.138389
288.143392
288.151552
288.162869
288.167187
288.177146
288.190027
288.202923
288.236419
288.236699
288.241348
288.243502
288.266037
288.269835
288.272322
288.273713
288.301007
288.304292
288.306352
288.312664
288.320121
288.325752
288.326689
288.330061
288.337353
288.368998
288.379155
288.38192
288.39405
288.407264
288.409475
288.413254
288.42789
288.431248
288.44108
288.442268
288.447708
288.463693
288.466333
288.469761
288.482049
288.482917
288.48393
288.492669
288.504076
288.504756
288.518785
288.520484
288.528285
288.537986
288.538409
288.540232
288.549397
288.552984
288.557448
288.564423
288.566556
288.570598
288.591807
288.604112
288.61229
288.618422
288.621919
288.624326
288.628667
288.630768
288.637778
288.642792
288.648695
288.651051
288.652542
288.668203
288.67497
288.679618
288.682212
288.695842
288.70337
288.714209
288.719654
288.725197
288.743942
288.76493
288.795423
288.798186
288.807207
288.815161
288.825413
288.825838
288.838786
288.839075
288.860272
288.862811
288.863509
288.865856
288.869045
288.884517
288.888063
288.893978
288.894676
288.910899
288.926858
288.938743
288.95719
288.971431
288.983157
288.988939
289.001062
289.007201
289.014622
289.015213
289.024448
289.061268
289.076714
289.077077
289.096395
289.105243
289.106543
289.111028
289.118672
289.119515
289.137321
289.140238
289.152486
289.156944
289.168348
289.184079
289.19242
289.19872
289.203562
289.208086
289.217443
289.228226
289.232421
289.232603
289.26042
289.265646
289.270643
289.271364
289.272715
289.288267
289.291169
289.304502
289.323514
289.324742
289.35134
289.35196
289.356882
289.370783
289.375315
289.376032
289.377481
289.391328
289.393984
289.402322
289.405876
289.438278
289.469524
289.482553
289.490703
289.491677
289.505346
289.508152
289.508423
289.526791
289.526959
289.545091
289.554903
289.555824
289.561199
289.563104
289.568103
289.585346
289.586569
289.622485
289.622817
289.646004
289.658259
289.677631
289.690784
289.709111
289.712883
289.719612
289.720109
289.726115
289.72801
289.793398
289.80708
289.80955
289.846866
289.858363
289.864717
289.880696
289.891458
289.930881
289.933217
289.940003
289.953601
289.95947
289.964002
289.966322
289.986621
290.000661
290.007963
290.013383
290.016981
290.046518
290.04809
290.090871
290.116557
290.139952
290.151511
290.158359
290.166547
290.170965
290.176325
290.193366
290.207356
290.216106
290.220193
290.227163
290.233745
290.248177
290.254622
290.26304
290.278538
290.292597
290.295859
290.299048
290.302492
290.314486
290.317176
290.321262
290.324006
290.342469
290.361419
290.369007
290.379421
290.397633
290.401072
290.418445
290.423385
290.424527
290.431697
290.44629
290.489873
290.491002
290.505468
290.509636
290.530814
290.544454
290.567067
290.585002
290.619177
290.622505
290.642981
290.644745
290.653235
290.674062
290.684137
290.700129
290.706598
290.715535
290.738203
290.746574
290.767402
290.7721
290.777823
290.797902
290.820569
290.824218
290.852583
290.855687
290.859809
290.860305
290.863439
290.873027
290.898029
290.928636
290.948677
290.989799
291.002982
291.025554
291.034671
291.038725
291.048524
291.053373
291.064677
291.065451
291.071065
291.106277
291.116832
291.12265
291.143848
291.143951
291.149649
291.151055
291.16233
291.168495
291.195942
291.196046
291.199307
291.201461
291.220379
291.255848
291.269315
291.282117
291.288275
291.29614
291.298435
291.331671
291.333529
291.337791
291.364
291.377801
291.387154
291.426923
291.438187
291.446869
291.462947
291.485487
291.500175
291.501047
291.535401
291.53579
291.53654
291.553569
291.558296
291.605344
291.607494
291.611704
291.612991
291.617138
291.632188
291.660232
291.669781
291.681438
291.747431
291.791445
291.79608
291.804552
291.809522
291.825536
291.866295
291.877413
291.880459
291.888843
291.912642
291.91646
291.920976
291.979589
291.989243
291.990525
291.99288
291.99966
292.005886
292.018633
292.040492
292.061736
292.061777
292.074315
292.102615
292.104585
292.107082
292.110172
292.176048
292.182935
292.189549
292.192985
292.212135
292.21865
292.235752
292.238601
292.288338
292.288363
292.300611
292.303633
292.318802
292.354555
292.358079
292.358692
292.370393
292.37657
292.403935
292.408143
292.424002
292.433425
292.457634
292.458107
292.494106
292.525646
292.529976
292.531599
292.54674
292.556422
292.563292
292.567587
292.602826
292.609299
292.629736
292.643462
292.645944
292.662381
292.668333
292.670048
292.684214
292.685045
292.699967
292.736415
292.820873
292.823781
292.825135
292.826172
292.864686
292.884861
292.886604
292.894796
292.918964
292.95502
292.978044
292.980107
292.984974
292.998035
292.999645
293.008404
293.031935
293.051791
293.084299
293.088775
293.115672
293.133867
293.155823
293.162717
293.194538
293.195151
293.220887
293.22149
293.224178
293.229241
293.235864
293.236567
293.251096
293.294573
293.299061
293.315365
293.319179
293.321511
293.327805
293.330099
293.352324
293.35253
293.384991
293.421876
293.429675
293.456991
293.517331
293.535553
293.547082
293.564178
293.571518
293.604631
293.621205
293.625946
293.62976
293.640257
293.640936
293.642505
293.649016
293.649396
293.6975
293.701731
293.735797
293.74034
293.764321
293.766295
293.767663
293.779284
293.782314
293.814703
293.815376
293.841623
293.843839
293.84994
293.851044
293.85148
293.861695
293.876209
293.903805
293.905728
293.909635
293.915515
293.923834
293.934518
293.936431
293.955672
293.95691
293.963734
293.985428
293.993548
294.015039
294.030388
294.050479
294.074108
294.076108
294.086389
294.086816
294.100344
294.100527
294.167012
294.198198
294.303964
294.315471
294.379413
294.401489
294.430038
294.453342
294.471159
294.477842
294.511894
294.547539
294.553763
294.556709
294.560349
294.590138
294.601165
294.634633
294.63798
294.647637
294.706414
294.715972
294.721457
294.749953
294.755764
294.760174
294.774829
294.78056
294.782198
294.792872
294.813238
294.817176
294.842688
294.848794
294.855589
294.864736
294.873649
294.876592
294.915324
294.926102
294.938336
294.942045
294.948794
294.950167
294.959527
294.965773
294.981573
294.981838
294.988358
294.992086
294.992473
295.023272
295.055107
295.05946
295.09373
295.113586
295.154744
295.172044
295.193373
295.196691
295.207555
295.236406
295.241468
295.297717
295.411005
295.417126
295.559618
295.574602
295.577237
295.622471
295.632918
295.699383
295.763059
295.799962
295.810653
295.821411
295.822326
295.837014
295.864149
295.865455
295.869027
295.876313
295.892313
295.901546
295.957702
295.975355
296.002447
296.014081
296.017768
296.017959
296.019685
296.027401
296.032497
296.045684
296.050036
296.0618
296.110155
296.121666
296.142134
296.220262
296.232064
296.235362
296.256472
296.308414
296.31668
296.323889
296.356368
296.36298
296.408005
296.446726
296.448261
296.497008
296.499683
296.552096
296.573129
296.65054
296.656457
296.68968
296.692229
296.725517
296.727913
296.739765
296.805744
296.807975
296.811974
296.821695
296.823987
296.828488
296.861916
296.913789
296.928471
296.989025
296.990013
297.010046
297.045419
297.05877
297.072443
297.121328
297.128761
297.163065
297.167914
297.18091
297.203741
297.218179
297.226937
297.245376
297.261792
297.302443
297.374835
297.40126
297.419429
297.439103
297.451777
297.485554
297.52198
297.547998
297.567303
297.602382
297.613412
297.619014
297.630869
297.702343
297.750539
297.807422
297.81463
297.818635
297.829023
297.837149
297.839337
297.873572
298.013324
298.044365
298.061968
298.095629
298.122754
298.129982
298.138146
298.182227
298.264775
298.267881
298.289713
298.300656
298.311489
298.334895
298.350298
298.358853
298.414768
298.444666
298.449613
298.479971
298.490043
298.503294
298.574817
298.63505
298.664304
298.682169
298.696421
298.699677
298.725716
298.743263
298.782469
298.792949
298.803277
298.837002
298.900403
298.947214
298.958528
298.966183
298.979746
299.02053
299.039059
299.041474
299.113183
299.151526
299.1658
299.25052
299.259874
299.291027
299.293739
299.334997
299.341197
299.361405
299.371234
299.405468
299.414122
299.429725
299.450866
299.49984
299.508762
299.586147
299.590465
299.687778
299.723879
299.860256
299.947354
299.996763
300.020307
300.024646
300.046594
300.123713
300.193473
300.277642
300.288769
300.333933
300.339449
300.35348
300.372696
300.52575
300.649759
300.74428
300.763616
300.799435
300.799774
300.804029
300.816622
300.879278
300.947599
300.951107
301.012357
301.053501
301.080462
301.093157
301.093224
301.093973
301.105719
301.121783
301.186852
301.190978
301.244887
301.248273
301.300982
301.323312
301.329485
301.353725
301.355963
301.382494
301.516205
301.520059
301.552997
301.586368
301.58959
301.635706
301.697393
301.720008
301.810688
301.919494
301.965191
302.020549
302.143307
302.155052
302.200905
302.271841
302.306678
302.309711
302.348234
302.385736
302.446968
302.50851
302.522349
302.532339
302.96927
302.990272
303.018864
303.026966
303.043303
303.0765
303.137917
303.227514
303.237584
303.253081
303.258385
303.303181
303.373415
303.474947
303.488521
303.504631
303.506244
303.580227
303.626931
303.682235
303.683367
303.704526
303.756645
303.858936
303.864208
303.873635
303.904267
303.93681
304.050378
304.135748
304.151879
304.242534
304.343617
304.409618
304.472608
304.565198
304.602763
304.629613
304.717395
304.763174
304.780607
304.787899
304.805801
304.829871
304.932645
304.964246
304.988026
305.020356
305.023768
305.038873
305.042664
305.052541
305.05369
305.155144
305.24354
305.425457
305.557997
305.625093
305.670351
305.701972
305.777967
305.792898
305.818773
305.824574
305.947394
306.033407
306.07549
306.175856
306.186141
306.284474
306.330699
306.355338
306.437726
306.580774
306.604566
306.889406
306.904162
306.992017
307.098811
307.228091
307.328961
307.6576
307.688525
307.741582
307.855029
307.940975
308.121189
308.123209
308.142779
308.161331
308.250895
308.381159
308.467345
308.560557
308.595416
308.600814
308.641067
308.667022
308.668724
308.721596
308.783466
308.973909
309.015487
309.075212
309.125238
309.328509
309.352225
309.645974
309.754208
309.787848
309.882345
309.948371
310.032763
310.058303
310.100582
310.123065
310.13824
310.225514
310.555263
310.648361
310.728593
310.733892
310.738818
310.773947
310.813883
310.81442
310.822088
310.879638
311.237426
311.304088
311.524953
311.771715
311.8356
311.874963
312.10326
312.107774
312.126067
312.231433
312.26795
312.323766
312.529037
312.530808
312.631514
312.71185
312.733963
312.807348
312.837472
312.866727
313.053228
313.380514
313.505838
313.5338
313.816377
313.852156
313.955064
314.076554
314.164055
314.340023
314.373401
314.929398
315.140966
315.407743
315.756321
315.86085
315.93198
315.9485
316.762759
317.149219
317.366256
318.039979
318.627586
318.673041
319.073096
319.191192
319.663663
320.001732
320.028061
320.994347
321.401588
321.622599
321.698959
321.703872
321.868974
322.60593
322.635655
322.653149
322.964265
323.269881
323.823699
323.894194
323.937585
324.490357
324.589784
324.794514
325.034911
325.176289
325.217264
325.765352
326.845394
327.275671
327.510178
327.834438
327.867998
328.135292
328.214986
328.719477
328.920903
329.056277
329.065128
329.145512
329.83605
330.110835
330.873476
330.999585
331.278022
331.611339
331.907756
332.018617
332.035777
332.830064
333.151597
333.712215
334.523051
334.623798
334.895399
335.224513
335.484565
336.011377
336.72474
336.883458
338.335474
338.799308
339.849902
339.961296
340.057083
341.650484
341.919169
344.045913
344.698118
345.443005
347.632288
349.100009
349.946676
351.198012
352.365699
352.559424
352.945295
353.633377
354.033029
354.435852
356.243294
356.952521
362.454912
363.274392
363.360344
364.226047
366.041957
366.317215
367.500391
368.849194
372.073102
374.349172
374.939182
376.053656
376.567058
376.7272
377.529389
379.47939
379.734947
384.296103
386.358669
388.683477
391.323846
392.070015
393.658146
393.714462
395.53722
395.620297
397.639935
404.867524
406.137349
412.996039
415.081381
420.126223
421.413689
421.81081
423.88852
426.609388
427.248442
437.844036
440.656932
453.454134
457.550834
462.622299
467.235385
470.318427
496.131464
526.559793
532.67309
533.533408
543.085729
546.357167
571.519011
601.80467
602.361528
606.71163
621.205895
624.186911
624.684419
625.320182
653.79376
724.236905
777.684758
862.948964
871.615632
960.403997
976.957517
1055.295491
1212.543849
1263.284407
1366.271159
1943.608099
