1.502839
1.530508
7.298415
7.336503
7.463753
7.564583
7.584449
7.6375
7.662219
7.851123
8.037865
8.142037
8.419258
8.635774
8.67168
8.680779
8.702256
8.764434
8.834427
9.326639
9.439397
9.584025
9.932645
10.169855
10.263074
10.464788
10.576843
10.882861
10.971775
11.139143
11.233232
11.239016
11.280078
11.438924
11.457391
11.557171
11.624654
11.698339
11.86523
11.891263
11.900202
11.985595
12.009344
12.043706
12.067362
12.130916
12.533931
12.566827
12.732835
12.767049
12.795378
12.798895
12.855198
12.963955
12.98449
13.038669
13.049422
13.079467
13.094599
13.111828
13.178632
13.180814
13.185596
13.223495
13.291724
13.304015
13.486676
13.582237
13.706152
13.780287
13.801393
13.82489
13.828908
13.875341
13.913914
13.929301
14.258373
14.388474
14.399814
14.770828
14.971613
15.128497
15.137027
15.274155
15.343334
15.406822
15.577852
15.66226
15.778114
15.817194
15.891786
15.965362
15.974184
16.012424
16.447848
16.500045
16.771844
17.036494
17.436985
17.458276
17.576003
17.659413
17.875599
17.889444
17.908086
17.909485
18.074409
18.134469
18.153514
18.331241
18.508435
18.666759
18.668531
18.749026
19.317399
19.389702
19.396513
19.760655
20.027679
20.366595
20.379692
20.603768
20.722363
20.776618
20.881004
20.983483
20.989226
21.050469
21.058876
21.076363
21.253115
21.364234
21.938335
22.226718
22.760256
22.862409
23.953776
24.49828
24.500334
25.312831
25.51209
25.652208
25.800472
25.841224
26.540176
27.423449
27.548501
29.269464
29.879111
32.303415
32.938748
33.155075
34.766967
34.779485
35.084069
36.642779
36.898598
37.701301
39.192825
39.584306
39.628968
39.951143
40.619739
40.809993
40.834632
41.345012
41.393619
41.734907
42.658367
42.862352
43.2237
43.350752
44.069439
44.80224
44.991701
45.809405
45.994129
46.010686
46.913278
46.98488
53.251293
53.896143
58.023121
59.090998
60.424064
61.13568
64.70417
65.690402
73.272609
73.447294
76.796897
79.962722
80.116222
80.307442
80.54533
81.822785
82.686421
83.483131
85.660005
86.652656
87.284439
89.256164
89.370481
90.252923
91.226573
93.640569
96.622392
97.176718
97.382807
97.46357
99.575264
100.233297
101.088202
102.198385
102.641482
102.957944
104.377512
104.543157
106.265871
108.415194
108.902277
109.693389
110.558023
110.68266
112.535699
112.813576
112.902779
113.559468
113.695544
113.718414
113.846746
115.886934
116.232999
118.895939
119.178553
119.545971
120.388184
120.400955
120.737074
121.914888
122.33518
122.903387
123.02673
123.661265
123.691507
123.847216
123.963444
123.991717
123.997696
124.684511
125.045358
125.47169
125.556677
125.697663
125.718942
126.088319
126.104965
126.114797
126.1191
126.291577
126.603787
127.001586
127.07812
127.080247
127.218384
127.259816
127.289777
127.71618
127.906617
127.999085
128.100088
128.167624
128.208806
128.355111
128.363437
128.436799
128.601942
128.661128
128.729145
128.825541
128.863195
129.097095
129.377979
129.4803
129.962273
129.964307
129.988454
130.280621
130.589018
130.699193
130.703996
130.707916
130.708216
130.776467
130.809942
130.851591
130.909117
130.958113
131.141328
131.154409
131.162615
131.16899
131.220617
131.305359
131.494042
131.575414
131.577187
131.812225
131.81885
131.837507
131.907437
132.073215
132.101721
132.451802
132.464292
132.597892
132.610257
132.661162
132.866632
133.352198
133.388861
133.771024
133.809991
134.295036
134.70417
135.043592
135.158555
135.267565
135.37562
135.554109
135.6084
135.673749
135.701787
135.850396
135.918768
135.946645
136.492216
136.505194
136.767243
136.901728
136.925168
137.005055
137.084718
137.169283
137.449278
137.572997
137.794804
137.808922
137.868821
138.393789
138.418232
138.465311
138.917372
139.051908
139.257009
139.471373
139.511103
139.791636
140.472173
140.581234
140.656842
140.736196
141.323353
141.844999
142.136145
142.154462
142.19933
142.267317
142.567021
142.66033
142.816913
142.940086
142.968476
143.043444
143.16307
143.174778
143.562635
143.881812
144.088191
144.195199
144.339022
144.364726
144.534795
144.561112
144.662135
144.662968
144.689727
144.770035
145.003534
145.052181
145.205765
145.210677
145.562477
145.660881
146.517243
146.696426
147.143312
147.346548
147.406911
147.433559
147.815243
148.150081
148.263782
148.795911
148.954099
148.993348
149.529075
149.571227
149.971813
150.081131
150.521631
150.567573
150.596877
151.136599
151.23476
151.446868
151.465412
151.599742
151.635264
152.069641
152.21114
152.33814
152.446316
152.537072
152.616802
152.838364
152.962189
153.086182
153.09187
153.192549
153.219713
153.276334
153.470489
153.595185
153.74727
153.866359
153.942816
153.986555
154.121227
154.221974
154.249829
154.253917
154.254161
154.384618
154.429456
154.445642
154.48838
154.509986
154.511594
154.533933
154.703578
154.92787
154.955026
154.99996
155.214604
155.351055
155.373232
155.40292
155.428001
155.436763
155.502901
155.539137
155.691394
155.78012
156.042018
156.093504
156.191559
156.218859
156.30864
156.316848
156.448516
156.609855
156.617627
156.683388
156.692782
156.701633
156.716245
156.837614
156.844956
156.880107
156.949953
157.155834
157.157229
157.15725
157.199696
157.341062
157.421715
157.592018
157.837859
157.844212
158.288504
158.363535
158.391654
158.469025
158.572731
158.644784
158.758595
158.891556
158.895693
159.014448
159.036858
159.046325
159.160575
159.276187
159.322791
159.376196
159.386053
159.400681
159.425555
159.458773
159.465175
159.577056
159.579083
159.592353
159.705129
159.75992
159.763409
159.866343
159.97171
160.017751
160.105642
160.21878
160.285572
160.448283
160.50283
160.578178
160.668018
160.696739
160.707228
160.781534
160.813692
160.838869
160.863348
160.891222
160.950979
160.981991
161.027463
161.189793
161.222131
161.330719
161.358733
161.369433
161.377434
161.381624
161.431529
161.474223
161.498517
161.658275
161.815435
162.003776
162.258668
162.272351
162.317699
162.329836
162.485163
162.67025
162.675122
162.758183
162.920161
162.985383
163.022477
163.101295
163.257858
163.281918
163.3273
163.330472
163.348503
163.37799
163.452094
163.494165
163.519921
163.59583
163.666397
163.710813
163.719243
163.761976
163.885152
163.991106
164.134937
164.249436
164.29089
164.447654
164.457054
164.569991
164.620087
164.715179
164.756007
164.757878
164.912111
164.925665
164.94994
164.954972
164.966419
165.024328
165.056202
165.135827
165.136211
165.266374
165.347139
165.385804
165.486877
165.521475
165.580484
165.617302
165.670267
165.679375
165.695703
165.769326
165.868119
165.907391
165.916184
165.917391
165.954743
166.006968
166.057517
166.070526
166.170037
166.175019
166.25995
166.275362
166.489268
166.503421
166.609149
166.68863
166.825624
166.876914
166.913336
166.953729
166.963481
167.038196
167.122068
167.141094
167.146646
167.148603
167.368507
167.373448
167.559011
167.582405
167.67014
167.738053
167.794979
167.865068
167.917658
168.021075
168.096561
168.111838
168.113422
168.146961
168.27803
168.411636
168.416547
168.473011
168.496169
168.549996
168.694198
168.715508
168.802554
168.887992
169.006442
169.010122
169.070561
169.123721
169.193734
169.200583
169.213601
169.269111
169.389763
169.487675
169.558273
169.639841
169.656817
169.662188
169.740593
169.834076
169.899601
169.981756
170.012562
170.103021
170.163478
170.329829
170.621515
170.670026
170.695811
170.729501
170.777916
170.819709
170.893197
170.961019
170.974238
171.205004
171.212866
171.316827
171.405393
171.442284
171.477789
171.503978
171.686552
171.687345
171.725779
171.780869
171.894497
171.958364
172.129157
172.154224
172.191922
172.195248
172.267118
172.269368
172.348103
172.403828
172.559354
172.629556
172.707804
172.771677
172.897854
172.963494
172.968942
172.969943
172.992099
173.02192
173.147381
173.156183
173.180945
173.201091
173.210168
173.245921
173.251332
173.394123
173.404327
173.434045
173.461511
173.703022
173.727518
173.75343
173.75597
173.826515
173.87154
173.966723
174.100121
174.242978
174.381108
174.384445
174.393577
174.514449
174.561546
174.5846
174.678555
174.720351
174.895303
175.147647
175.251572
175.330331
175.35323
175.370024
175.383646
175.395899
175.452975
175.523252
175.628143
175.629685
175.811111
175.876722
175.938583
175.960781
176.011808
176.072579
176.094526
176.128678
176.129087
176.152854
176.229596
176.234058
176.342592
176.429107
176.430085
176.543367
176.689995
176.692593
176.693673
176.723972
176.776113
176.81055
176.914875
176.921747
176.943335
176.95095
176.994415
177.012566
177.013638
177.040862
177.106169
177.129174
177.134794
177.137368
177.152417
177.245937
177.278188
177.317239
177.317742
177.407261
177.429443
177.551802
177.566047
177.571992
177.572637
177.596253
177.62153
177.636721
177.685318
177.836476
177.836594
177.863816
177.872686
177.882763
177.903299
177.916507
177.951342
177.960019
177.986872
178.016203
178.145558
178.160424
178.177947
178.214707
178.220147
178.301945
178.319541
178.334705
178.368037
178.368859
178.408366
178.424158
178.44777
178.456695
178.45781
178.459173
178.487568
178.491411
178.542305
178.55581
178.559208
178.616919
178.643205
178.668783
178.669751
178.753924
178.781081
178.813968
178.870474
178.880792
178.884743
178.929696
178.932923
179.034476
179.069876
179.070208
179.072035
179.106873
179.187906
179.229209
179.239287
179.259479
179.282121
179.299315
179.362042
179.366127
179.3995
179.413932
179.511761
179.527002
179.531952
179.551388
179.558415
179.609747
179.61354
179.643827
179.662578
179.672778
179.680627
179.753721
179.764999
179.81927
179.819402
179.836693
179.846566
179.935356
179.938362
180.000916
180.031589
180.038181
180.038735
180.069534
180.095692
180.105163
180.114038
180.115374
180.1211
180.121908
180.127254
180.156629
180.169464
180.221417
180.242522
180.298376
180.343701
180.411599
180.41672
180.434519
180.468416
180.48874
180.49383
180.494266
180.508129
180.523211
180.523756
180.532669
180.559113
180.565526
180.586952
180.602971
180.62785
180.658751
180.693471
180.731787
180.774069
180.774628
180.839729
180.855948
180.865476
180.8731
180.874995
180.89105
180.901635
180.903345
180.904691
180.90508
181.005929
181.030677
181.106277
181.108162
181.142055
181.171692
181.186181
181.200464
181.249213
181.282945
181.304771
181.35241
181.402272
181.497503
181.547635
181.557806
181.576108
181.591325
181.647578
181.657998
181.673929
181.793009
181.829485
181.848634
181.873883
181.886174
181.88865
181.890163
181.905132
181.905711
181.937602
181.938836
181.942585
182.006703
182.010127
182.031253
182.051428
182.056447
182.079199
182.113285
182.125952
182.135283
182.164175
182.171152
182.181852
182.246889
182.257651
182.296218
182.346027
182.356256
182.363293
182.406012
182.408222
182.415196
182.416529
182.418058
182.441454
182.445343
182.471657
182.556419
182.663375
182.668773
182.670215
182.684676
182.687962
182.741422
182.745361
182.751293
182.785716
182.785963
182.814235
182.822097
182.826887
182.831182
182.832783
182.849265
182.852822
182.860105
182.871101
182.900019
182.931077
182.96278
183.005284
183.028933
183.078051
183.137083
183.195666
183.202352
183.203863
183.220753
183.24744
183.30498
183.347974
183.392702
183.397541
183.428838
183.464807
183.474383
183.476549
183.506201
183.544698
183.574067
183.625367
183.634095
183.643971
183.691712
183.723889
183.769611
183.76997
183.77372
183.797314
183.797749
183.83745
183.859765
183.880329
183.890673
183.907744
183.945326
183.978968
184.003805
184.010298
184.010679
184.059965
184.06789
184.096428
184.132556
184.139607
184.14221
184.143318
184.148057
184.163348
184.21438
184.229431
184.255173
184.262753
184.27682
184.278497
184.31691
184.326474
184.348681
184.411818
184.420809
184.441219
184.450388
184.490877
184.499071
184.504498
184.513185
184.530148
184.60999
184.634176
184.64253
184.654598
184.657114
184.672362
184.694955
184.716602
184.794958
184.800391
184.816251
184.854438
184.876862
184.909963
184.91641
184.924162
184.924234
185.06815
185.072456
185.102832
185.109631
185.128141
185.131818
185.139359
185.14057
185.140817
185.144081
185.207661
185.21875
185.222174
185.23443
185.237681
185.250862
185.262687
185.270987
185.281452
185.29665
185.36904
185.388956
185.392517
185.397355
185.410757
185.456816
185.471455
185.480197
185.482431
185.492631
185.513399
185.515835
185.560391
185.599529
185.608562
185.608716
185.626063
185.627953
185.631225
185.640088
185.658533
185.692383
185.696439
185.726091
185.728124
185.72966
185.731179
185.733193
185.741598
185.745247
185.75015
185.751045
185.77955
185.782122
185.86235
185.87706
185.899325
185.90783
185.913986
185.920157
185.948392
185.955781
185.965836
185.991698
185.995868
186.014988
186.026031
186.028807
186.110105
186.112826
186.142847
186.150464
186.170662
186.23405
186.257586
186.263106
186.311001
186.320098
186.339778
186.340245
186.342003
186.366995
186.381766
186.410626
186.476891
186.479923
186.503177
186.525045
186.539637
186.583408
186.607991
186.628795
186.663617
186.66599
186.668373
186.71722
186.763179
186.76356
186.766578
186.784481
186.834787
186.905525
186.992708
186.996317
187.004601
187.025462
187.035205
187.039223
187.045608
187.067475
187.078797
187.105316
187.133395
187.134513
187.158807
187.186802
187.197441
187.198074
187.270518
187.286947
187.310116
187.321973
187.371139
187.420783
187.424474
187.44176
187.443466
187.447745
187.495427
187.530407
187.531419
187.586883
187.587686
187.595426
187.606533
187.621922
187.654687
187.719426
187.720061
187.741629
187.755271
187.769521
187.784615
187.790532
187.817784
187.855369
187.855664
187.869042
187.896679
187.908681
187.921119
187.924747
187.955523
187.976511
187.979437
188.046164
188.05152
188.077435
188.090286
188.099311
188.12035
188.127206
188.174972
188.176115
188.252342
188.271544
188.299276
188.305034
188.388221
188.415827
188.467888
188.478406
188.487894
188.498711
188.509866
188.538985
188.548861
188.551885
188.563052
188.639189
188.662269
188.688428
188.70418
188.712588
188.716208
188.717524
188.739859
188.764106
188.770485
188.78701
188.858821
188.86681
188.87018
188.882017
188.898723
188.907825
188.911395
188.922494
189.00465
189.039501
189.040447
189.062397
189.099262
189.1155
189.120143
189.134325
189.148156
189.191019
189.231739
189.324543
189.347214
189.355331
189.356236
189.356819
189.362265
189.41518
189.42261
189.435065
189.480274
189.483114
189.48624
189.520483
189.529546
189.562611
189.598858
189.760869
189.807447
189.841154
189.870345
189.870788
189.985402
190.073649
190.079991
190.149503
190.175857
190.227269
190.242827
190.257132
190.280641
190.296305
190.328031
190.361332
190.454922
190.464407
190.50853
190.528743
190.590635
190.59116
190.6188
190.690437
190.761593
190.771859
190.82903
190.925933
190.97575
190.986785
191.014287
191.017124
191.057765
191.059689
191.207424
191.330051
191.333105
191.364237
191.389827
191.399473
191.417072
191.444351
191.513654
191.552766
191.57542
191.59419
191.594478
191.599187
191.667324
191.679387
191.720125
191.83515
191.84629
191.908909
191.960975
191.963789
192.272962
192.3842
192.409315
192.430032
192.487301
192.493066
192.50207
192.599873
192.608821
192.649627
192.684393
192.76474
192.766299
192.767495
192.795443
192.81227
192.85538
192.862307
192.883614
192.891023
192.943295
193.031954
193.110019
193.127056
193.398672
193.430438
193.440801
193.53271
193.550907
193.599486
193.67399
193.801177
193.80782
193.937052
193.992898
193.993049
194.07931
194.088414
194.150467
194.193366
194.326501
194.353463
194.375207
194.400909
194.446303
194.466244
194.558646
194.577202
194.587711
194.602974
194.676
194.712847
194.879778
194.920073
194.990181
194.998874
195.10778
195.136879
195.218216
195.276302
195.302451
195.305625
195.419913
195.483625
195.757024
195.820879
195.849289
195.857224
195.871009
195.916007
195.921748
196.028454
196.032589
196.040502
196.05038
196.067402
196.103757
196.156272
196.263368
196.28062
196.301502
196.479695
196.522792
196.588277
196.710639
196.752545
196.758178
196.800489
196.893638
196.958518
196.973176
197.091647
197.095395
197.131207
197.168959
197.271156
197.332253
197.352442
197.390477
197.485236
197.549529
197.556548
197.557921
197.628014
197.665534
197.784618
197.849667
197.906489
198.136145
198.193998
198.202193
198.246622
198.365558
198.555904
198.560414
198.562374
198.617965
198.74088
198.905851
198.956254
199.000199
199.006007
199.178327
199.181822
199.396258
199.399645
199.521128
199.672883
200.0392
200.304932
200.330254
200.502434
200.549545
200.894614
200.93515
201.273185
201.486816
201.533792
201.711986
201.761304
201.821524
201.962196
202.059761
202.078215
202.1154
202.348057
202.801159
202.951276
203.126542
203.14784
203.158851
203.276421
203.330287
203.439688
203.511716
203.656935
203.83142
203.893201
203.928344
203.952351
204.042829
204.216803
204.23351
204.240355
204.752172
205.021309
205.195408
205.542404
205.647254
206.052839
206.222325
206.334719
206.365498
207.28625
207.470097
207.80636
208.16475
208.245926
208.36365
208.591002
208.943467
209.11045
209.336504
209.552784
210.113248
210.787753
212.43817
212.636094
212.776578
212.790634
213.303523
213.964982
214.427574
214.606302
215.301553
216.343743
216.92352
216.994043
217.28887
217.417078
217.752651
217.919488
217.976764
218.166528
218.361374
218.39391
218.814477
218.816986
218.983844
219.435768
219.999825
220.609803
220.679807
220.737684
220.991453
221.215869
221.318975
221.427782
221.682188
221.687207
222.201302
222.65938
223.157384
223.353973
224.070952
224.176259
224.332168
225.265374
225.5269
226.156906
226.183693
226.49606
226.778269
227.349604
227.937801
229.476525
229.653528
229.689873
230.113392
230.115609
230.338008
230.424045
230.74168
231.207572
231.348237
232.205396
232.373243
232.58803
233.088308
233.099901
233.132087
234.377452
235.154701
235.344757
236.612994
236.88321
237.150896
237.166865
237.501063
237.647731
237.761849
238.370333
240.667052
241.515182
241.711139
241.846139
241.953623
242.268511
243.366859
245.825779
245.90384
246.770279
246.867572
247.063316
247.373505
251.159346
252.385464
252.999253
253.657325
253.903875
254.166834
254.277921
255.425321
256.26331
256.336672
257.340574
257.559312
257.99299
258.314052
258.663326
259.306408
259.587906
259.768098
260.76635
260.897298
261.266208
261.451896
262.023896
263.382761
264.699302
265.232831
265.483403
267.303439
267.716018
268.024765
268.2275
270.570162
271.875191
273.475499
275.666812
277.411916
279.981089
280.049042
281.194717
282.396385
282.92258
283.668173
284.844458
286.218794
287.265168
287.974688
288.591964
289.295542
290.199592
291.475038
293.837947
294.023432
294.043939
294.690573
297.139235
297.278616
301.894997
302.116611
303.034688
303.836152
306.483788
307.404187
309.580748
312.080203
315.328914
316.385827
324.679015
326.256928
327.903123
329.551031
330.576846
336.642241
337.176787
337.234227
337.679897
339.066548
339.82279
346.80942
346.825041
347.859887
351.523363
355.481581
361.015932
362.226344
364.037045
364.860449
367.200757
369.025271
370.253269
370.731863
370.862963
371.012001
371.24835
371.309901
371.535848
371.949513
372.189592
373.971552
375.610499
375.913461
376.272229
380.224737
381.413529
382.839078
384.733923
386.08171
386.178309
387.409436
387.762226
389.438491
390.50718
390.592224
391.746902
391.823625
391.993342
392.070329
393.256211
393.970676
394.452336
396.397037
396.888855
398.517993
399.71233
399.940264
400.354226
401.609423
403.230357
405.305559
406.46024
406.507366
407.545236
407.906994
408.515304
409.481498
409.557916
409.729737
410.349969
410.377944
410.683785
413.446332
413.767784
414.114972
414.522779
415.203892
415.413481
415.566231
416.408672
417.309017
417.42186
419.02904
419.514166
423.133214
426.254038
426.443433
433.640638
434.483951
447.647539
450.792113
451.514384
452.2467
456.397761
458.140994
462.857114
463.888179
467.861684
467.886799
470.829179
473.354451
475.410287
475.867734
496.250662
507.086617
507.539672
515.398972
515.966368
517.372333
518.480052
518.884625
521.166289
521.780745
522.329051
523.523901
524.451005
525.122481
526.059356
526.882453
526.976645
528.707198
529.235422
529.861023
531.088972
531.54696
531.955581
532.255301
532.846796
532.883464
533.182253
533.618641
534.718347
535.78323
537.615557
538.911049
542.817625
544.713829
544.753989
547.418081
548.432114
548.981236
549.659819
549.836157
553.81857
557.539601
558.495291
561.050975
561.430713
561.440376
561.973338
570.226356
571.020954
574.150983
574.157308
575.164714
576.046949
577.502329
590.049377
598.38045
602.096215
605.673554
619.011762
677.587401
718.674261
777.404806
861.413586
2519.271229
2923.689229
3088.509603
6575.857223
10801.898262
10802.478501
10802.603648
10802.618001
10802.708277
10803.753566
21287.099564
86401.759056
401325.00942
