12.732835
136.925168
142.567021
142.816913
152.616802
152.962189
153.219713
153.866359
153.942816
154.221974
154.249829
154.254161
154.511594
159.036858
167.67014
167.917658
169.487675
171.205004
171.405393
171.725779
173.394123
173.75597
174.100121
176.072579
176.128678
176.229596
176.689995
176.723972
177.137368
177.278188
177.317742
177.551802
178.160424
178.491411
178.813968
178.929696
179.259479
179.680627
179.753721
179.819402
179.846566
179.935356
180.000916
180.031589
180.038181
180.343701
180.565526
180.602971
180.62785
180.839729
180.901635
181.030677
181.890163
182.125952
182.406012
182.408222
182.416529
182.445343
182.785963
183.203863
183.220753
183.30498
183.544698
183.83745
183.945326
183.978968
184.010298
184.010679
184.06789
184.262753
184.499071
184.654598
184.854438
185.222174
185.237681
185.482431
185.560391
185.608716
185.626063
185.631225
185.692383
185.726091
185.731179
186.150464
186.23405
186.263106
186.583408
186.66599
186.668373
187.004601
187.067475
187.186802
187.198074
187.531419
187.606533
187.769521
187.817784
187.924747
187.979437
188.551885
188.563052
188.639189
188.662269
188.688428
188.716208
188.770485
189.231739
189.807447
189.870345
190.073649
190.175857
190.227269
190.242827
190.6188
190.986785
191.333105
191.364237
191.594478
191.667324
192.3842
192.81227
192.85538
192.862307
192.891023
193.992898
194.088414
194.193366
194.446303
194.466244
194.676
195.419913
195.483625
196.588277
196.758178
196.973176
197.352442
197.665534
197.784618
202.951276
203.126542
203.439688
203.83142
203.952351
205.195408
206.365498
209.552784
210.113248
220.679807
221.318975
225.265374
226.49606
235.344757
261.266208
273.475499
283.668173
284.844458
294.043939
297.278616
307.404187
315.328914
326.256928
330.576846
355.481581
369.025271
387.762226
389.438491
391.823625
391.993342
392.070329
393.256211
393.970676
394.452336
396.397037
396.888855
398.517993
399.71233
399.940264
400.354226
401.609423
405.305559
406.46024
406.507366
407.545236
407.906994
409.481498
409.557916
409.729737
410.349969
410.377944
410.683785
413.446332
413.767784
414.522779
415.203892
415.413481
415.566231
417.309017
417.42186
419.02904
419.514166
423.133214
426.254038
434.483951
450.792113
451.514384
458.140994
462.857114
467.861684
467.886799
470.829179
473.354451
475.410287
496.250662
515.398972
515.966368
517.372333
518.480052
518.884625
521.780745
522.329051
524.451005
526.059356
526.976645
528.707198
529.235422
529.861023
531.088972
531.54696
531.955581
532.255301
532.846796
532.883464
533.182253
534.718347
537.615557
538.911049
542.817625
544.713829
544.753989
547.418081
548.432114
548.981236
549.659819
549.836157
553.81857
558.495291
561.050975
561.440376
570.226356
571.020954
574.150983
574.157308
575.164714
577.502329
590.049377
602.096215
605.673554
718.674261
10802.478501
10802.603648
10802.618001
10802.708277
10803.753566
86401.759056
