220.599205
222.348847
235.31361
239.5566
280.899842
317.926112
326.183368
328.730586
332.103732
333.249901
335.382937
342.452137
357.558654
374.223917
378.742095
395.018073
398.983088
402.47327
409.270015
442.529564
456.599204
472.194004
476.867096
498.828541
511.234566
522.428643
524.092439
524.353098
524.800441
525.150359
525.467718
525.575227
526.670931
527.24323
527.652127
527.783195
528.266749
528.402199
528.941058
529.266641
530.004341
530.888865
530.916588
530.954888
531.009805
531.109322
531.202739
531.505028
532.018691
532.034554
532.053101
532.275364
532.37562
532.376386
532.694943
532.992328
533.163857
533.597682
533.737292
533.797214
534.155947
534.317944
534.371475
534.429161
534.460033
534.513527
534.61899
534.671056
534.672674
535.024986
535.263456
535.280149
535.351395
535.402173
535.693561
535.783516
535.963783
536.079216
536.133044
536.184537
536.186105
536.284794
536.400852
536.476407
536.690689
536.704932
536.890295
536.914837
536.924928
536.993232
537.154493
537.374912
537.416434
537.549106
537.708653
538.044472
538.105689
538.170903
538.217012
538.36517
538.664186
538.679522
538.69616
538.731009
538.883878
538.890194
538.972263
539.023098
539.108387
539.175388
539.233854
539.237373
539.267181
539.412014
539.447891
539.668511
539.763645
539.813861
539.887696
540.110697
540.472822
540.510417
540.512127
540.544046
540.654246
540.721893
540.772697
540.777434
540.795808
541.09877
541.2973
541.407685
541.424824
541.434188
541.480616
541.522843
541.610722
541.700152
541.734844
541.813588
541.82241
541.879799
541.920782
542.162815
542.224263
542.232876
542.239732
542.323511
542.342673
542.431713
542.446243
542.48243
542.515517
542.523615
542.551784
542.564305
542.595085
542.598281
542.649311
542.675021
542.714255
542.725233
542.731887
542.745425
542.914523
542.94765
542.955904
542.971786
542.986797
543.068663
543.078303
543.100802
543.212912
543.25423
543.269341
543.271763
543.491732
543.541819
543.56378
543.59219
543.644914
543.791446
543.876013
543.911581
543.929773
544.033847
544.07965
544.093999
544.320178
544.338138
544.428261
544.436738
544.454021
544.460134
544.491453
544.49523
544.502259
544.579184
544.635863
544.801994
544.81429
544.932532
544.999003
545.007574
545.014286
545.038738
545.089014
545.143503
545.185104
545.193162
545.211593
545.231539
545.254121
545.277038
545.317292
545.367507
545.382987
545.474482
545.480126
545.537823
545.589904
545.628091
545.654838
545.675636
545.687585
545.78984
545.800696
545.80487
545.825396
545.835619
545.910394
545.99268
546.009219
546.01052
546.016195
546.074212
546.094717
546.102892
546.153417
546.168071
546.254702
546.33293
546.351377
546.389385
546.446073
546.463413
546.499033
546.672225
546.729687
546.765596
546.916952
547.047705
547.066564
547.080612
547.086949
547.08862
547.102487
547.138672
547.141591
547.327496
547.355109
547.35924
547.395676
547.403625
547.405842
547.40675
547.410597
547.445236
547.464995
547.532171
547.536541
547.60891
547.660312
547.661683
547.897888
547.914352
547.929027
548.064343
548.071105
548.097967
548.142822
548.155976
548.213531
548.241883
548.326591
548.327261
548.342008
548.404231
548.455512
548.504223
548.533128
548.590163
548.642607
548.666229
548.672069
548.685935
548.692492
548.71779
548.785523
548.805858
548.910728
548.999702
549.002279
549.024876
549.061106
549.128371
549.129426
549.171491
549.222789
549.256558
549.291501
549.326835
549.32748
549.355758
549.365999
549.392763
549.399532
549.400479
549.435265
549.4538
549.466255
549.512122
549.540779
549.574527
549.616313
549.696493
549.720215
549.74172
549.745255
549.77343
549.804677
549.815676
549.849586
549.863569
549.872587
549.926785
549.984338
550.013655
550.019918
550.102394
550.116493
550.131773
550.134848
550.153314
550.163914
550.167733
550.210519
550.212521
550.228224
550.230589
550.265607
550.284294
550.302936
550.331319
550.334708
550.49324
550.525113
550.538619
550.67693
550.722147
550.774149
550.808374
550.849751
550.880729
550.895737
550.897295
550.907248
550.977225
551.058596
551.060864
551.08203
551.090936
551.105256
551.114947
551.143885
551.144967
551.147396
551.183873
551.198806
551.218325
551.220342
551.225495
551.232356
551.250306
551.258864
551.32754
551.402194
551.44962
551.476485
551.477861
551.486901
551.508391
551.554618
551.565494
551.606003
551.613929
551.717795
551.752526
551.822826
551.840301
551.845708
551.859074
551.916457
551.947376
552.024275
552.051209
552.071595
552.075855
552.10386
552.167733
552.199978
552.208532
552.245951
552.256453
552.256456
552.268917
552.278569
552.281026
552.305997
552.31767
552.322318
552.401891
552.405697
552.442473
552.44627
552.446648
552.473853
552.480272
552.489488
552.624187
552.659571
552.699231
552.810008
552.830247
552.867369
552.878617
553.025463
553.059465
553.084182
553.09004
553.120329
553.14514
553.14887
553.153725
553.193456
553.307676
553.317826
553.372694
553.374119
553.38973
553.39913
553.41922
553.466478
553.524867
553.56898
553.573601
553.591247
553.640034
553.647245
553.663325
553.672549
553.724068
553.756401
553.768445
553.784824
553.861456
553.8937
553.931663
553.943751
554.012724
554.016276
554.01996
554.04417
554.047354
554.080431
554.083141
554.111723
554.142155
554.168542
554.169891
554.18578
554.190281
554.228697
554.22936
554.236866
554.237339
554.280006
554.299199
554.310643
554.327727
554.343734
554.360475
554.427033
554.44686
554.450853
554.462144
554.48108
554.505469
554.538269
554.619257
554.628988
554.651186
554.661265
554.666203
554.672926
554.677418
554.761588
554.763964
554.790885
554.903299
554.94599
554.960874
554.972112
554.987951
555.074711
555.130549
555.141711
555.206824
555.241847
555.255672
555.321814
555.359364
555.363954
555.379327
555.458372
555.460692
555.487804
555.497277
555.501421
555.511053
555.550014
555.595469
555.618969
555.630632
555.631203
555.666803
555.668391
555.68411
555.693958
555.742344
555.781144
555.796162
555.812092
555.846842
555.871095
555.902424
555.949512
555.951211
555.953519
555.97952
555.992192
556.118629
556.145731
556.147963
556.154014
556.192653
556.218549
556.223148
556.243384
556.295563
556.320391
556.352579
556.357683
556.360266
556.365241
556.378454
556.39503
556.395853
556.418354
556.42148
556.435927
556.437834
556.450487
556.466591
556.470263
556.483261
556.525258
556.537459
556.544997
556.569244
556.57719
556.58689
556.601524
556.608219
556.611823
556.619192
556.625464
556.656521
556.697543
556.737045
556.802948
556.826037
556.877828
556.902135
556.908246
556.910022
556.914259
556.919355
556.920123
556.921589
556.938533
557.009004
557.014875
557.026885
557.070035
557.07951
557.081242
557.086072
557.087059
557.116461
557.13858
557.177386
557.232973
557.24334
557.263071
557.278612
557.29666
557.321039
557.331058
557.343238
557.362028
557.431545
557.436713
557.444296
557.485881
557.496968
557.499958
557.518583
557.524317
557.535343
557.540691
557.554458
557.563343
557.582611
557.596789
557.639394
557.657918
557.681171
557.693356
557.694831
557.69929
557.70604
557.731098
557.74268
557.744206
557.757944
557.777589
557.787541
557.810384
557.814098
557.831051
557.832658
557.898349
557.928965
557.959555
557.97567
557.978594
557.98649
558.029566
558.034293
558.051987
558.108363
558.123536
558.131165
558.186914
558.233293
558.259387
558.288502
558.322906
558.346403
558.35515
558.365333
558.381173
558.395734
558.40733
558.418385
558.42014
558.474304
558.480261
558.490964
558.502741
558.552549
558.587956
558.598749
558.627557
558.632608
558.633599
558.638817
558.639405
558.64205
558.682092
558.70229
558.708561
558.729106
558.74093
558.743897
558.744663
558.748321
558.792881
558.810521
558.824892
558.829726
558.842149
558.85299
558.85839
558.861479
558.865947
558.900687
558.909984
558.938005
558.943852
558.949356
558.949666
558.955289
558.959195
558.978583
559.023583
559.045085
559.053459
559.0568
559.063188
559.063229
559.06832
559.085411
559.109055
559.215064
559.241044
559.25245
559.289476
559.293323
559.303603
559.343647
559.347893
559.367796
559.39377
559.434155
559.458488
559.488702
559.501457
559.524718
559.593177
559.664153
559.667031
559.702878
559.715046
559.730887
559.738617
559.786339
559.786632
559.794746
559.807854
559.833689
559.841683
559.846866
559.861566
559.864227
559.884327
559.891765
559.940929
559.944819
559.954242
559.971089
560.005755
560.007017
560.041921
560.042947
560.04412
560.074087
560.07542
560.084137
560.09338
560.116191
560.159761
560.195103
560.198694
560.236441
560.275784
560.309946
560.339817
560.348239
560.349679
560.354635
560.517701
560.524117
560.614075
560.663406
560.744965
560.76824
560.770931
560.785066
560.785353
560.815752
560.825518
560.846728
560.855125
560.868953
560.877076
560.879709
560.895707
560.902554
560.903979
560.920371
560.938134
560.946757
560.998716
561.009973
561.016731
561.038983
561.096039
561.113741
561.138708
561.143935
561.148287
561.15037
561.155049
561.168709
561.181526
561.201745
561.22958
561.244197
561.258617
561.262066
561.268633
561.300118
561.304324
561.31014
561.323998
561.346134
561.353342
561.371939
561.441843
561.449209
561.460398
561.479215
561.496228
561.499585
561.501466
561.529859
561.589576
561.607148
561.620606
561.650424
561.651404
561.659402
561.681746
561.69552
561.697709
561.714576
561.715371
561.718849
561.749893
561.775983
561.811921
561.835864
561.839997
561.912892
561.929253
561.951153
561.961133
561.962986
561.981539
562.017785
562.022978
562.026273
562.069999
562.088815
562.09649
562.11772
562.121505
562.125842
562.154901
562.168199
562.171354
562.184914
562.192284
562.192821
562.226078
562.247535
562.248014
562.256869
562.265082
562.266683
562.286669
562.315956
562.320433
562.330154
562.354964
562.365897
562.367727
562.371946
562.402473
562.405296
562.435701
562.436527
562.485525
562.512545
562.51295
562.54387
562.601719
562.602162
562.603714
562.607923
562.633246
562.64113
562.642439
562.679957
562.682958
562.732061
562.762814
562.769258
562.772588
562.807607
562.831025
562.832205
562.852779
562.886141
562.910153
562.911094
562.918858
562.922401
562.93021
562.932046
562.958003
563.065938
563.068931
563.183559
563.186647
563.209932
563.262259
563.292888
563.360681
563.377916
563.383544
563.395071
563.403516
563.434921
563.448268
563.460521
563.462598
563.476864
563.477058
563.511943
563.51473
563.549883
563.551138
563.564136
563.565979
563.583221
563.585873
563.631804
563.633166
563.656007
563.664277
563.667972
563.734943
563.787566
563.793049
563.797167
563.817063
563.818869
563.846242
563.860549
563.863592
563.895363
563.896662
563.929946
563.950518
563.955695
563.979473
564.0054
564.018711
564.028064
564.041424
564.047357
564.089537
564.103621
564.121726
564.124488
564.129968
564.134573
564.139221
564.156415
564.181616
564.239159
564.247162
564.3227
564.397989
564.400945
564.456339
564.479251
564.481606
564.48504
564.485255
564.498248
564.507058
564.522438
564.536299
564.543179
564.576446
564.586776
564.591444
564.59907
564.604883
564.615534
564.65737
564.673027
564.709396
564.792033
564.792364
564.888397
564.901087
564.921753
564.945925
564.973207
564.978286
564.986878
565.011109
565.021605
565.038179
565.050751
565.058889
565.078784
565.116015
565.168494
565.168612
565.173171
565.239885
565.257184
565.259286
565.274546
565.277333
565.304295
565.323493
565.388782
565.388993
565.390851
565.427241
565.486208
565.497239
565.5143
565.535176
565.551833
565.561959
565.61099
565.624881
565.630784
565.665723
565.674628
565.710383
565.722604
565.73567
565.750654
565.755673
565.762869
565.773707
565.781122
565.786994
565.810283
565.860935
565.87979
565.889775
565.939316
565.946838
565.965885
565.966084
565.976352
565.995281
566.007605
566.01371
566.039972
566.059358
566.065759
566.096874
566.143879
566.145801
566.158259
566.208621
566.235034
566.29778
566.330994
566.331871
566.40897
566.459766
566.504133
566.646202
566.650948
566.700009
566.731674
566.760882
566.832165
566.848009
566.859363
566.905347
566.924871
566.978178
566.979448
566.979771
566.989469
566.993637
566.993806
567.00763
567.042221
567.047267
567.061375
567.069919
567.117966
567.118885
567.123545
567.125396
567.148861
567.271331
567.306614
567.315396
567.318645
567.330764
567.332745
567.33547
567.341235
567.350043
567.381802
567.41577
567.495839
567.498049
567.510776
567.525684
567.581825
567.59854
567.608395
567.610892
567.659382
567.666723
567.698386
567.718578
567.731808
567.762825
567.782598
567.7991
567.853712
567.867953
567.90449
567.959702
567.971423
567.996507
568.000575
568.009435
568.03348
568.034125
568.03444
568.040986
568.070128
568.107486
568.109084
568.112398
568.140565
568.154056
568.180713
568.209494
568.228512
568.234701
568.255064
568.258306
568.264721
568.268736
568.275834
568.27699
568.280002
568.281426
568.299525
568.313104
568.314252
568.341998
568.347336
568.367669
568.389074
568.39489
568.422329
568.430101
568.437417
568.453157
568.505042
568.512602
568.514994
568.518299
568.520587
568.588939
568.669982
568.676179
568.680101
568.712797
568.75077
568.766302
568.785441
568.831874
568.880427
568.889433
568.912884
568.916791
568.916941
568.931809
568.934052
568.935618
568.947316
568.961609
568.994041
568.994767
569.007346
569.082615
569.082839
569.088385
569.102354
569.147645
569.161827
569.179078
569.197879
569.207721
569.21839
569.22781
569.248483
569.260245
569.282662
569.331084
569.344881
569.352537
569.364929
569.371292
569.422386
569.438176
569.469055
569.48171
569.520853
569.52776
569.540882
569.552781
569.585167
569.592203
569.708804
569.712726
569.717642
569.760578
569.789511
569.794776
569.800925
569.804744
569.817295
569.837051
569.883136
569.917506
569.919792
569.925702
569.939095
569.939721
569.965423
569.971895
569.973958
569.995289
570.047723
570.093256
570.0984
570.224757
570.233273
570.240005
570.254282
570.256166
570.284618
570.301438
570.363347
570.364796
570.380124
570.381271
570.385659
570.389381
570.405095
570.414937
570.453238
570.508166
570.555651
570.607483
570.622596
570.640772
570.644221
570.668838
570.692235
570.714604
570.718613
570.726701
570.73511
570.747073
570.764145
570.781232
570.858652
570.86777
570.89053
570.914602
570.936619
570.944646
570.953123
570.965643
570.980846
570.983081
571.024479
571.053596
571.066812
571.088508
571.126193
571.135153
571.156193
571.169501
571.173653
571.174363
571.177794
571.207111
571.208529
571.236894
571.262858
571.269156
571.296149
571.302008
571.330725
571.336999
571.366347
571.394425
571.404406
571.415094
571.424615
571.486984
571.519164
571.559253
571.565491
571.575117
571.604443
571.609015
571.622868
571.62378
571.67845
571.683209
571.698062
571.708498
571.759124
571.760377
571.763998
571.789078
571.791162
571.805804
571.818376
571.824977
571.827038
571.832655
571.836348
571.912327
571.917495
571.91887
571.922686
571.944322
571.959097
571.962009
571.965421
571.996143
572.01919
572.031611
572.081344
572.119372
572.120203
572.144739
572.194655
572.21544
572.233503
572.233938
572.243993
572.27663
572.296369
572.300005
572.342958
572.385376
572.396102
572.434704
572.485225
572.538359
572.566236
572.588684
572.613356
572.615994
572.625846
572.662238
572.66617
572.709849
572.717375
572.744243
572.781354
572.788385
572.818723
572.825927
572.877318
572.892652
572.913498
572.926037
572.961179
572.978544
573.000834
573.011665
573.019093
573.091149
573.096476
573.182826
573.189433
573.200602
573.27536
573.320089
573.358534
573.359322
573.379384
573.38228
573.386357
573.417274
573.431059
573.491849
573.538146
573.540874
573.615186
573.624825
573.648894
573.652446
573.6556
573.677575
573.700994
573.757118
573.765051
573.784261
573.789755
573.79975
573.814795
573.817343
573.834268
573.851794
574.05663
574.08644
574.086957
574.1108
574.151558
574.162346
574.189766
574.192626
574.194593
574.215474
574.24237
574.272722
574.28832
574.300569
574.320843
574.336212
574.340592
574.347377
574.381027
574.386643
574.436126
574.466025
574.503647
574.509364
574.533573
574.540197
574.555892
574.556707
574.573387
574.614138
574.622531
574.625845
574.644076
574.648448
574.706151
574.724586
574.776257
574.788553
574.789011
574.81173
574.852827
574.889081
574.906295
574.943856
574.95864
574.977573
574.989268
574.997185
575.046943
575.080178
575.100426
575.110161
575.114772
575.129197
575.143859
575.163374
575.179196
575.182522
575.192548
575.197649
575.215323
575.247966
575.257466
575.2886
575.291069
575.307582
575.311104
575.315511
575.315784
575.326412
575.34299
575.376352
575.378677
575.385698
575.407965
575.450567
575.509831
575.592235
575.667126
575.710241
575.798908
575.803479
575.812355
575.836049
575.882025
575.895078
575.904107
576.067845
576.07153
576.122408
576.137538
576.139431
576.208029
576.218455
576.230025
576.245409
576.281517
576.298857
576.334492
576.355304
576.358778
576.369685
576.37979
576.388259
576.394196
576.420848
576.436256
576.484143
576.488163
576.52627
576.543268
576.554731
576.636135
576.647895
576.705205
576.722682
576.726784
576.747656
576.778876
576.838405
576.865172
576.891471
576.904909
576.909027
576.915581
576.942635
576.945369
576.960452
576.970191
577.020956
577.032886
577.036272
577.055753
577.072331
577.139113
577.189158
577.215388
577.222893
577.226161
577.227642
577.232292
577.260815
577.261656
577.346232
577.356681
577.360285
577.401409
577.427698
577.450476
577.542993
577.559293
577.57679
577.6044
577.608396
577.668653
577.69425
577.724149
577.787245
577.812621
577.831681
577.887069
577.909924
577.926102
577.941611
578.01944
578.02972
578.057343
578.059057
578.06846
578.093262
578.101274
578.138509
578.198262
578.208125
578.261307
578.286382
578.304236
578.317337
578.322434
578.325507
578.327106
578.34586
578.351213
578.368827
578.406894
578.428502
578.433135
578.444877
578.486369
578.491727
578.530168
578.556166
578.557053
578.586902
578.633649
578.656202
578.676569
578.733266
578.752019
578.780977
578.841372
578.872766
578.87424
578.875571
578.882756
578.895298
578.902556
578.923792
578.934244
579.004092
579.028268
579.054373
579.099462
579.104352
579.106063
579.119147
579.147948
579.179116
579.224942
579.248385
579.254096
579.275294
579.284425
579.28764
579.306445
579.366889
579.392898
579.487242
579.505239
579.554324
579.5628
579.56671
579.628613
579.631536
579.633553
579.66855
579.678766
579.680898
579.705043
579.784217
579.876841
579.916704
579.920719
579.942272
579.954595
580.035872
580.049612
580.083287
580.084638
580.10546
580.128829
580.130188
580.139628
580.169095
580.259539
580.260236
580.300173
580.31106
580.346852
580.397947
580.403648
580.412992
580.467086
580.526843
580.532157
580.543651
580.5455
580.645019
580.646915
580.685132
580.739339
580.74244
580.754147
580.79682
580.831305
580.844018
580.897567
580.914126
580.915259
580.949942
580.977324
581.004923
581.007945
581.079958
581.124923
581.170317
581.191283
581.282237
581.325404
581.326824
581.32841
581.348391
581.363121
581.473356
581.488527
581.498038
581.522299
581.531671
581.574467
581.587167
581.590151
581.615455
581.679753
581.742717
581.750322
581.786279
581.850435
581.865236
581.891615
581.905534
581.908844
581.914548
581.92656
581.934142
581.983445
581.992704
582.139632
582.18545
582.194539
582.253896
582.319281
582.411647
582.481308
582.504367
582.586433
582.59466
582.645513
582.648044
582.674432
582.713112
582.757411
582.762593
582.772963
582.773112
582.77535
582.781717
582.782307
582.790674
582.818077
582.848918
582.872949
582.887849
582.970714
583.004624
583.079463
583.11433
583.124654
583.216137
583.229489
583.262153
583.26263
583.320786
583.351182
583.353955
583.358071
583.36233
583.364462
583.383144
583.491701
583.496153
583.512464
583.536736
583.538013
583.538297
583.567054
583.594734
583.611418
583.636641
583.644415
583.662922
583.713223
583.729348
583.761718
583.794015
583.870067
583.884511
583.890135
583.908713
583.925729
583.927254
583.963986
584.010859
584.023186
584.035617
584.12757
584.138937
584.219269
584.301407
584.316327
584.325794
584.333368
584.354814
584.374834
584.378682
584.416985
584.435796
584.468862
584.503368
584.510993
584.556143
584.564401
584.674328
584.674516
584.689867
584.723947
584.72573
584.853937
584.957922
584.983963
585.061444
585.062035
585.086176
585.1267
585.136689
585.185942
585.207305
585.220781
585.285648
585.293192
585.324696
585.330009
585.449718
585.513325
585.550768
585.640896
585.68156
585.720523
585.72353
585.733408
585.775562
585.795718
585.836729
585.87836
585.936639
585.938732
585.947139
585.96831
585.969316
585.971259
586.038394
586.0836
586.107232
586.185767
586.211831
586.22859
586.249732
586.267932
586.406349
586.45007
586.457876
586.512746
586.611989
586.631473
586.648801
586.672453
586.81986
586.831594
586.883238
586.894652
587.039488
587.054375
587.078989
587.085775
587.093372
587.119726
587.19076
587.196245
587.228324
587.231661
587.23824
587.302748
587.343263
587.345218
587.379251
587.396867
587.443431
587.469378
587.472314
587.556225
587.568289
587.596487
587.604267
587.614076
587.620023
587.75249
587.772645
587.786378
587.789612
587.882433
587.886983
587.890002
587.907472
587.937996
588.065715
588.079464
588.080548
588.128513
588.142708
588.163692
588.167055
588.179578
588.201016
588.202869
588.208395
588.223333
588.24102
588.254398
588.264469
588.289464
588.298618
588.309897
588.316861
588.400262
588.408313
588.419737
588.463441
588.487193
588.493249
588.498962
588.54462
588.551037
588.562839
588.672948
588.800597
588.895172
588.924585
588.936939
588.953741
589.050348
589.095413
589.138054
589.190408
589.192628
589.318548
589.403047
589.429866
589.633451
589.673765
589.726321
589.730209
589.825663
589.831987
589.943449
589.97308
590.012513
590.017384
590.108907
590.242898
590.292862
590.374267
590.468578
590.586377
590.657082
590.868885
590.947242
591.021688
591.038983
591.096832
591.103652
591.160901
591.205183
591.265624
591.369604
591.406255
591.436298
591.51376
591.528595
591.533831
591.546254
591.551268
591.5629
591.587688
591.613782
591.669268
591.754007
591.811914
591.858142
591.889125
591.932485
591.94012
591.944972
591.948225
591.961657
591.962972
592.029813
592.04857
592.101763
592.115762
592.177212
592.214099
592.230118
592.24978
592.391879
592.399645
592.44695
592.525926
592.560107
592.580179
592.591872
592.671429
592.703194
592.728097
592.905866
592.908956
592.949746
593.079438
593.094887
593.151127
593.15593
593.177485
593.200391
593.206032
593.210448
593.268909
593.365956
593.467944
593.500247
593.574947
593.608194
593.92715
593.959897
594.022065
594.031097
594.081105
594.104915
594.214655
594.225737
594.31031
594.341588
594.53405
594.786487
594.867119
594.891918
594.892692
594.898464
594.960164
595.060691
595.108518
595.152541
595.229962
595.275909
595.371161
595.373715
595.40897
595.582588
595.594606
595.607006
595.740953
595.750974
595.875286
595.89678
595.910679
595.945057
596.019718
596.217005
596.277051
596.344093
596.377576
596.451717
596.461084
596.557376
596.71264
596.754846
596.771989
596.778087
596.804896
597.071225
597.07714
597.078199
597.113332
597.14258
597.198651
597.228136
597.252345
597.288295
597.348015
597.441633
597.467103
597.617527
597.657375
597.736284
597.743642
597.753453
597.817824
597.957256
597.962703
598.061245
598.062464
598.074718
598.302145
598.37422
598.471753
598.574111
598.587456
598.673432
598.831262
598.838154
598.843983
598.892397
598.940186
598.967303
599.016285
599.058634
599.09879
599.185022
599.279257
599.320469
599.383651
599.417338
599.55182
599.634283
599.787684
600.06634
600.088959
600.134368
600.218722
600.263939
600.318175
600.329456
600.389068
600.478088
600.615413
600.653879
600.751437
600.769116
600.788203
600.973334
601.096949
601.129293
601.130281
601.137857
601.141919
601.247567
601.782493
601.838076
602.084485
602.175265
602.182447
602.243563
602.250442
602.335951
602.348163
602.452183
602.460476
602.566785
602.724693
602.767556
602.818315
602.86101
602.99067
603.030096
603.068201
603.077495
603.093378
603.273783
603.294953
603.575819
603.630711
603.665776
603.681167
603.746217
603.84042
603.853834
603.862694
604.059054
604.082338
604.095841
604.136549
604.422878
604.442272
604.498235
604.502488
604.515986
604.895948
604.998536
605.43816
605.446865
605.676186
605.714523
605.717643
605.845674
605.875162
605.960363
606.03186
606.125503
606.189323
606.319517
606.339199
606.356359
606.370593
606.461898
606.470985
606.626927
606.715927
606.847904
606.892025
606.997613
607.091388
607.111609
607.186024
607.188779
607.279796
607.333388
607.491212
607.646099
607.678381
607.86082
608.028171
608.141443
608.244188
608.299975
608.396285
608.626277
608.814673
608.833383
608.835611
608.904516
608.960379
608.98137
609.078405
609.258796
609.381142
609.496199
609.500926
609.894874
609.980214
610.053101
610.16161
610.214749
610.296655
610.566357
610.570383
610.647364
610.890848
610.923367
610.980902
610.995359
610.996067
611.084901
611.124199
611.227627
611.381992
611.484712
611.928642
612.253578
612.256033
612.265952
612.390015
612.402921
612.522463
612.80415
612.818214
612.967904
612.970301
613.158156
613.165319
613.216632
613.417377
614.081855
614.204696
614.483128
614.651099
614.697129
614.780471
614.79751
614.99615
615.174243
615.279796
615.316254
615.558155
615.898298
616.021815
616.17482
616.223536
616.274674
616.316717
616.361995
616.618395
616.744739
616.753954
616.975871
617.054673
617.359912
617.774899
617.961695
618.027024
618.403272
618.539004
618.763578
619.019579
619.095894
619.157806
619.264008
619.277641
619.280786
619.43117
619.449739
619.634746
619.681781
619.688499
619.722304
619.820942
619.980572
620.045146
620.1127
620.145118
620.146989
620.31868
620.324985
620.585648
620.756442
620.810805
620.850554
620.880953
621.239523
621.357602
621.495898
621.534541
621.916066
621.920014
621.984535
621.985066
622.045243
622.048242
622.053124
622.096215
622.473583
622.52677
622.717673
622.723419
622.904038
622.966384
623.004648
623.395133
623.438341
623.701309
623.818614
623.988447
624.060632
624.178154
624.446029
624.453896
624.512707
624.912038
624.927355
625.03734
625.185838
625.21014
625.354952
625.989306
626.106662
626.187759
626.235114
626.597182
626.688986
626.793898
626.929394
627.004683
627.637913
628.127191
628.388023
628.899411
629.004397
629.034047
629.048945
629.125121
629.204663
629.277905
629.334725
629.443987
629.600632
629.794524
630.327686
630.425043
630.48428
630.799956
631.100721
631.179201
631.232358
631.265377
631.398506
631.560731
631.668102
631.848993
632.16864
632.169745
632.231995
632.249963
632.319605
632.40656
632.537001
632.67863
632.908274
632.941659
633.127967
633.40609
633.513563
634.202915
634.293275
634.401774
634.505471
634.860386
635.433158
636.688883
636.806486
637.119524
637.167058
637.415785
637.792588
637.931165
638.018284
638.065498
638.14028
638.221358
638.464661
638.526843
638.658718
638.832661
638.906468
639.237128
639.56795
639.649371
640.17381
640.187415
640.192038
640.466143
640.540306
641.116695
641.218551
641.937529
642.257589
642.335612
642.462149
642.807419
642.89836
643.334027
643.477341
643.900981
644.07146
644.207191
644.375537
644.430674
644.505836
644.850316
645.94322
646.48747
646.521718
646.596953
646.764305
646.781561
647.08178
647.479289
647.665199
647.717359
648.428038
648.536405
648.860189
649.670636
650.116631
650.275448
650.822565
651.21292
652.946482
652.976166
653.117893
654.991953
655.143566
655.871959
656.071544
656.667287
656.981506
657.10018
658.248857
658.450474
658.798702
659.377024
659.712143
659.815673
661.419495
662.179031
662.378086
662.896591
663.858914
663.958501
665.780776
665.833013
666.457005
667.150486
668.991599
672.623657
673.232324
673.377436
673.567369
673.792827
674.472191
674.592038
679.472329
679.647114
679.855798
680.467571
684.708177
685.43032
689.378789
689.962299
692.78385
694.86107
695.798855
696.162797
702.405155
702.538895
711.180273
719.743957
720.193688
795.806187
800.579577
961.800442
985.67224
986.643641
1628.617206
5226.740331
