1.078394
136.573495
141.113081
141.942823
142.981188
148.198774
149.394631
149.465304
149.57936
149.688788
154.998954
155.221985
162.410002
162.454747
164.023656
164.415018
164.735673
164.859865
166.151316
168.700398
170.130834
170.194214
170.375283
170.467591
170.71796
170.875192
171.597843
172.071976
172.546797
172.550105
173.040261
173.468685
173.750333
174.48325
174.893095
175.218459
175.370759
175.800921
175.882476
176.04331
176.284206
176.391227
176.427711
176.67817
177.89667
178.149942
178.364493
178.733697
178.872969
179.033551
179.757289
179.912544
180.122874
180.862928
181.24301
181.292505
181.467835
181.844547
181.955578
181.967369
182.003207
182.145839
182.31573
182.485106
182.907509
184.028653
184.215691
184.540432
184.686136
184.911732
184.966954
185.458958
185.589581
185.624177
185.786944
186.166566
186.636667
186.894258
187.096285
187.10277
187.257851
187.458041
187.731816
188.258187
188.342905
188.432238
188.504397
189.387096
189.423968
189.800093
190.399503
190.407586
191.106948
191.203518
193.173432
193.266878
193.33744
194.347048
195.024728
195.093203
195.416624
195.541601
196.091992
196.196385
196.406767
196.571684
196.811534
197.862722
198.886386
200.117163
201.004755
201.776292
203.040115
203.634476
205.155094
207.157201
209.259795
210.932106
279.13418
279.217089
282.612463
285.09814
289.756008
296.586608
301.250669
314.792468
331.898292
335.354626
341.398925
342.406634
343.115192
348.969863
354.129522
355.642822
361.697957
367.594975
369.04242
393.717771
411.21829
419.947389
421.092591
429.43102
644.343961
