245.056536
249.676261
255.003803
259.715674
263.347678
272.746913
279.081499
282.169357
282.556166
282.933016
286.845155
288.147951
297.020943
303.732228
306.920462
321.45535
322.889139
329.473429
338.421857
339.601637
349.631701
353.12503
363.431334
373.949381
375.623696
377.45994
378.49877
380.849628
382.199301
383.039228
383.634239
384.173953
384.905309
385.102704
385.196156
385.241096
385.268298
385.305709
385.652094
386.186762
386.268356
386.363125
386.787462
387.23963
388.049924
388.188023
388.22067
388.300266
388.41846
388.891535
389.037838
389.307597
389.400924
389.622151
389.841114
389.855134
390.080358
390.246961
390.404982
390.717531
391.006162
391.185208
391.402487
391.565046
391.631138
391.749646
391.775431
391.855279
392.003361
392.022026
392.12078
392.220794
392.50299
392.599521
392.617628
392.672392
392.74305
392.770206
392.860576
392.893906
393.050007
393.133366
393.149969
393.233985
393.690887
393.832275
393.860927
393.882673
393.93519
393.966642
394.049073
394.073246
394.164414
394.170095
394.171876
394.276703
394.288778
394.302439
394.339535
394.358642
394.47604
394.564668
394.671174
394.733325
394.744495
394.830625
395.01395
395.052435
395.075461
395.088663
395.190231
395.207887
395.21644
395.301381
395.307386
395.392927
395.407679
395.503225
395.536966
395.581556
395.598096
395.639011
395.775916
395.805361
395.93506
396.034094
396.047912
396.063659
396.183256
396.197539
396.201602
396.310134
396.333783
396.490463
396.510325
396.516014
396.621159
396.673351
396.686651
396.697496
396.698191
396.69924
396.817253
396.867307
396.886204
396.928405
397.01232
397.116291
397.120962
397.137916
397.13913
397.181786
397.296886
397.302478
397.321574
397.323311
397.336179
397.386625
397.404611
397.445244
397.492317
397.494062
397.511692
397.580515
397.618223
397.645431
397.659868
397.777994
397.894712
397.909753
397.914544
397.930179
397.932933
397.942209
397.978949
397.999322
398.048884
398.089615
398.104521
398.107533
398.166463
398.175016
398.234231
398.261364
398.265194
398.329955
398.330162
398.44057
398.490804
398.564813
398.617166
398.645201
398.655785
398.659308
398.666346
398.66812
398.671124
398.703244
398.757147
398.771384
398.8351
398.846325
398.850996
398.860202
398.902983
398.92883
398.929868
399.013535
399.107866
399.145679
399.15871
399.234111
399.270207
399.321868
399.32593
399.34533
399.355331
399.384111
399.3893
399.474627
399.531643
399.561816
399.682027
399.688958
399.843157
399.871113
399.874079
399.894521
399.89658
399.910161
399.917693
400.005483
400.007166
400.009176
400.13583
400.171766
400.218849
400.22499
400.237273
400.303285
400.322301
400.326116
400.349976
400.381063
400.390191
400.39862
400.421403
400.449073
400.466865
400.487074
400.517526
400.584372
400.637375
400.685958
400.696964
400.697588
400.824091
400.846613
400.914332
400.943021
400.955108
400.961558
400.973779
400.979491
400.991264
401.011616
401.015942
401.023021
401.063335
401.086765
401.109895
401.110649
401.172698
401.274848
401.287172
401.293397
401.297757
401.312455
401.330305
401.357911
401.422445
401.451151
401.462906
401.470426
401.506972
401.540933
401.550943
401.561911
401.564165
401.573432
401.622056
401.625925
401.651017
401.665945
401.667362
401.67786
401.75501
401.762289
401.773226
401.796606
401.862785
401.864561
401.88962
401.889859
401.941573
401.973263
402.108915
402.110004
402.117449
402.119693
402.195795
402.208807
402.209457
402.363856
402.456568
402.463507
402.524069
402.570496
402.60446
402.622884
402.635556
402.674831
402.736041
402.753886
402.821083
402.835001
402.863138
402.866691
402.870342
402.873789
402.923871
402.949991
402.977261
403.001233
403.028139
403.029412
403.032738
403.074603
403.082432
403.090815
403.095208
403.138971
403.176291
403.191311
403.197046
403.205326
403.208083
403.211593
403.253883
403.286453
403.294048
403.322298
403.325906
403.37287
403.397876
403.42918
403.452079
403.452484
403.512368
403.59492
403.601545
403.654254
403.657095
403.736825
403.742296
403.768896
403.771931
403.772538
403.802544
403.832337
403.850494
403.863731
403.884445
403.88867
403.894595
403.917348
403.934954
403.939769
403.974181
403.991158
404.008792
404.028817
404.063224
404.078563
404.088059
404.134231
404.145125
404.196433
404.19995
404.201041
404.221065
404.235814
404.254694
404.266133
404.268136
404.27772
404.28167
404.323018
404.324294
404.333758
404.361057
404.394435
404.464338
404.553014
404.567351
404.594523
404.645305
404.667063
404.706897
404.718891
404.726162
404.753061
404.753829
404.776067
404.810229
404.82971
404.86373
404.874387
404.92289
404.926599
404.928929
404.935925
404.988441
404.998897
405.009678
405.015571
405.035809
405.076121
405.116486
405.130218
405.138897
405.165268
405.207917
405.213901
405.25682
405.2725
405.275099
405.278638
405.282116
405.335894
405.347597
405.366097
405.390122
405.398204
405.425684
405.46805
405.475355
405.500568
405.511209
405.515189
405.525351
405.543054
405.581638
405.604008
405.626712
405.627027
405.627856
405.634396
405.665852
405.677532
405.724226
405.755013
405.773083
405.782257
405.806271
405.822365
405.835374
405.852255
405.875064
405.899786
405.949005
405.951278
405.985592
406.000378
406.064545
406.095078
406.128641
406.135229
406.139256
406.15147
406.178177
406.185351
406.192582
406.242253
406.262573
406.270515
406.273745
406.343761
406.355099
406.439283
406.485692
406.494446
406.569534
406.576098
406.576859
406.594754
406.708076
406.767625
406.779356
406.783881
406.798387
406.822425
406.837195
406.860365
406.894625
406.917017
406.931871
406.933692
406.935956
406.9424
406.961306
406.961786
406.966615
406.972246
406.973847
406.977763
406.990021
407.00906
407.027751
407.052568
407.053025
407.077556
407.092314
407.166646
407.167636
407.265349
407.267133
407.27046
407.277209
407.285564
407.289956
407.352593
407.355374
407.363562
407.374447
407.406098
407.409747
407.41379
407.48667
407.488737
407.50386
407.53292
407.538733
407.592728
407.611795
407.654972
407.660468
407.693589
407.721695
407.744282
407.753676
407.768524
407.802309
407.823967
407.825377
407.852494
407.874082
407.876964
407.881403
407.930593
407.933034
407.958952
407.96095
407.96247
407.988116
408.017849
408.037644
408.092652
408.1031
408.107673
408.124166
408.151363
408.164705
408.203673
408.230074
408.323836
408.342883
408.377208
408.402656
408.418346
408.443507
408.446877
408.447019
408.475962
408.48206
408.506951
408.510695
408.552923
408.570743
408.583195
408.58713
408.609869
408.615305
408.662318
408.671776
408.710945
408.720414
408.721046
408.727631
408.730555
408.746057
408.760899
408.778859
408.795485
408.850841
408.859844
408.878584
408.892121
408.921816
408.932457
408.957075
408.973864
409.00059
409.012288
409.021694
409.038389
409.042192
409.058905
409.064496
409.068106
409.081066
409.085031
409.108511
409.118235
409.135354
409.138783
409.149553
409.169364
409.188443
409.217831
409.252648
409.291062
409.294586
409.311714
409.317523
409.325015
409.33103
409.336583
409.357772
409.400694
409.404626
409.4145
409.417959
409.444063
409.45047
409.456581
409.459549
409.474431
409.521357
409.523357
409.54648
409.590502
409.592165
409.604214
409.616525
409.655637
409.670478
409.674873
409.685263
409.686644
409.711163
409.71453
409.71763
409.734594
409.813266
409.849465
409.84978
409.850858
409.878665
409.945522
409.984225
409.986925
410.020715
410.024655
410.030925
410.034123
410.040752
410.050828
410.057602
410.074453
410.10104
410.103963
410.122424
410.122794
410.181188
410.182728
410.188624
410.207194
410.224187
410.250219
410.252334
410.26018
410.329473
410.330581
410.386246
410.4074
410.414925
410.42874
410.43839
410.448849
410.478569
410.496795
410.508028
410.521659
410.549097
410.560198
410.563731
410.581545
410.598576
410.698724
410.701307
410.709924
410.719854
410.719878
410.719892
410.743351
410.765072
410.775379
410.776804
410.788402
410.808435
410.811673
410.825306
410.829768
410.830694
410.851736
410.864459
410.892518
410.90255
410.925102
410.930937
410.934444
410.98167
410.983715
410.986396
410.988063
410.989399
410.999543
411.002452
411.021821
411.042434
411.048746
411.08111
411.085805
411.108836
411.129843
411.13167
411.140681
411.166145
411.210862
411.233331
411.235283
411.279945
411.286432
411.325304
411.370372
411.37399
411.3905
411.402343
411.430503
411.444838
411.445847
411.455289
411.465079
411.488011
411.491223
411.503135
411.515446
411.521387
411.523374
411.532206
411.540091
411.560012
411.570628
411.579252
411.600824
411.619768
411.622814
411.642621
411.656849
411.72159
411.731923
411.733732
411.77915
411.782191
411.785044
411.84606
411.851844
411.867508
411.924213
412.047016
412.056682
412.056865
412.080381
412.081929
412.086154
412.095559
412.111246
412.133585
412.137776
412.143421
412.163603
412.174215
412.176989
412.193667
412.219728
412.225064
412.235264
412.266486
412.331573
412.332822
412.362791
412.373224
412.373403
412.422128
412.437108
412.442752
412.460397
412.470634
412.47944
412.51213
412.518123
412.528998
412.540684
412.564573
412.590937
412.591766
412.620712
412.622374
412.631534
412.651285
412.654265
412.676966
412.683876
412.697547
412.700606
412.701241
412.714093
412.833485
412.847089
412.857879
412.880141
412.918202
412.936465
412.937607
412.961476
413.000919
413.040368
413.047491
413.066739
413.10522
413.110847
413.126749
413.128768
413.158822
413.160836
413.195785
413.217318
413.219485
413.22883
413.25062
413.259089
413.268608
413.271625
413.274065
413.30606
413.310964
413.311152
413.341111
413.376548
413.378534
413.413752
413.417282
413.444249
413.472344
413.474012
413.488779
413.54748
413.564313
413.56849
413.649443
413.655336
413.663053
413.671139
413.673969
413.736005
413.755676
413.791201
413.820074
413.846013
413.851846
413.854662
413.85715
413.860567
413.870542
413.908093
413.910632
413.927575
413.927983
413.939596
413.972031
413.989909
414.070577
414.070591
414.081822
414.081862
414.114704
414.11976
414.146355
414.18889
414.203295
414.227836
414.257745
414.27295
414.282264
414.283491
414.295106
414.386309
414.399003
414.407363
414.414872
414.423409
414.431425
414.450004
414.46342
414.47893
414.495913
414.498157
414.514517
414.529784
414.530827
414.620916
414.631912
414.682763
414.683318
414.701925
414.714039
414.718685
414.719777
414.731987
414.773031
414.792732
414.794441
414.799079
414.851846
414.883635
414.993867
414.994897
415.005493
415.038501
415.069805
415.074965
415.075667
415.078203
415.080493
415.084279
415.151919
415.159656
415.173235
415.19944
415.20503
415.207748
415.238663
415.248226
415.268903
415.274893
415.278061
415.301993
415.311928
415.369531
415.390718
415.446171
415.4552
415.476657
415.505127
415.506164
415.51376
415.541419
415.559499
415.572057
415.588595
415.595828
415.610204
415.616327
415.616402
415.633206
415.67639
415.717546
415.746856
415.765749
415.773704
415.846984
415.849691
415.865978
415.894153
415.905721
415.936006
415.960891
415.96361
415.964049
415.992553
416.051105
416.051784
416.087314
416.089754
416.100267
416.122657
416.141245
416.166746
416.216738
416.2292
416.235173
416.243014
416.247798
416.258489
416.274337
416.276101
416.299164
416.314428
416.363672
416.371381
416.404002
416.425265
416.437942
416.439845
416.499327
416.502407
416.570213
416.60641
416.638443
416.646404
416.686111
416.696226
416.69887
416.707374
416.709752
416.720991
416.765199
416.797878
416.798014
416.810418
416.831154
416.849932
416.870515
416.876335
416.940372
416.942851
417.005336
417.012308
417.034033
417.04241
417.043007
417.055902
417.07845
417.088117
417.106099
417.110237
417.112746
417.129394
417.168622
417.214843
417.223299
417.224459
417.231426
417.244816
417.28227
417.298551
417.303981
417.312193
417.321076
417.323916
417.33976
417.386647
417.490552
417.499041
417.506502
417.507924
417.537147
417.546507
417.550437
417.558363
417.558685
417.572585
417.595439
417.616529
417.634818
417.636758
417.663216
417.668097
417.687295
417.745272
417.753656
417.755931
417.761563
417.787996
417.820731
417.85269
417.854792
417.894613
417.896182
417.925808
417.935865
417.942343
417.957948
417.96213
417.973332
417.975226
418.002573
418.010099
418.034409
418.047543
418.055958
418.061545
418.070101
418.071183
418.079271
418.098127
418.102124
418.117738
418.119339
418.119455
418.122266
418.12643
418.150039
418.152417
418.152618
418.162256
418.172723
418.260211
418.31223
418.328388
418.330028
418.336424
418.36339
418.377729
418.40236
418.404806
418.452693
418.523478
418.532474
418.561683
418.587807
418.618758
418.643259
418.663673
418.671933
418.675663
418.687654
418.68981
418.699902
418.713538
418.767163
418.785518
418.787894
418.789747
418.802152
418.802481
418.808388
418.900295
418.966893
418.999011
418.999422
419.00278
419.038842
419.042883
419.095035
419.109079
419.113632
419.12771
419.1506
419.172291
419.189757
419.191872
419.194293
419.224115
419.281697
419.289689
419.291075
419.305344
419.307657
419.31309
419.331872
419.363058
419.366893
419.371303
419.375615
419.423888
419.43181
419.439014
419.451362
419.456644
419.47573
419.482351
419.486348
419.523708
419.544237
419.557393
419.562989
419.579509
419.587183
419.6205
419.623226
419.674284
419.693467
419.73006
419.784276
419.791509
419.81674
419.820986
419.847393
419.880577
419.906273
419.908584
419.92056
419.949151
419.966369
419.969823
419.977992
419.987653
419.996217
420.010884
420.015952
420.041744
420.046621
420.093217
420.104174
420.107027
420.134533
420.137885
420.155666
420.169005
420.185978
420.197169
420.197218
420.216119
420.223807
420.232564
420.242233
420.290876
420.294373
420.320742
420.348617
420.354679
420.355933
420.362085
420.36342
420.371973
420.403389
420.421705
420.431081
420.433018
420.446116
420.465962
420.4857
420.502321
420.504166
420.531078
420.570625
420.573872
420.583318
420.599008
420.631595
420.658011
420.678383
420.68498
420.703461
420.708629
420.735221
420.753249
420.772716
420.774073
420.777035
420.782389
420.868945
420.910718
420.912782
420.913316
420.917488
420.946656
420.986843
421.053772
421.064907
421.077589
421.089637
421.101952
421.106552
421.12587
421.129119
421.145777
421.17445
421.19855
421.223528
421.235637
421.251649
421.2712
421.289962
421.329843
421.337508
421.356919
421.393597
421.399757
421.400518
421.451503
421.460439
421.460786
421.461474
421.467275
421.471345
421.481066
421.49914
421.504949
421.535573
421.542127
421.55373
421.559309
421.566063
421.587404
421.591284
421.600985
421.603144
421.639242
421.641381
421.653546
421.66699
421.709286
421.728893
421.768996
421.801709
421.802923
421.808103
421.836355
421.841081
421.84927
421.855793
421.870881
421.898992
421.91678
421.928666
421.934659
421.935438
421.948449
421.957778
421.966404
422.002034
422.089534
422.098959
422.107283
422.21988
422.25491
422.254958
422.258056
422.263849
422.287215
422.302264
422.304552
422.324099
422.352658
422.361999
422.37673
422.386447
422.41076
422.485821
422.49179
422.534505
422.553441
422.556495
422.566525
422.567187
422.574893
422.584714
422.625479
422.647646
422.648768
422.654023
422.693317
422.71179
422.739588
422.790172
422.821024
422.824246
422.830584
422.857615
422.863607
422.879255
422.919795
422.933065
422.933528
422.938444
422.944496
422.949237
422.974307
422.979396
422.979846
422.992649
422.992885
422.994487
423.003979
423.045924
423.084882
423.110303
423.119566
423.125493
423.127682
423.130331
423.174752
423.179614
423.198817
423.19913
423.22057
423.22765
423.250413
423.260145
423.264868
423.301165
423.315029
423.320225
423.366163
423.366352
423.371851
423.385034
423.44619
423.475012
423.50891
423.512198
423.523071
423.532767
423.559139
423.571503
423.58029
423.598459
423.604799
423.614941
423.652903
423.663286
423.67873
423.685592
423.714697
423.749521
423.767699
423.767703
423.772255
423.781955
423.832051
423.858034
423.871354
423.874494
423.892871
423.909855
423.929039
423.956033
423.973188
423.978744
424.040944
424.090939
424.106496
424.115689
424.124725
424.14616
424.150277
424.186007
424.190201
424.19121
424.229694
424.242576
424.276313
424.292277
424.305614
424.324342
424.324701
424.336903
424.398347
424.402317
424.405192
424.439977
424.456755
424.466994
424.503753
424.532243
424.537829
424.567945
424.568704
424.584124
424.624991
424.681318
424.687965
424.699626
424.740232
424.741778
424.814761
424.827145
424.84863
424.852565
424.859593
424.868794
424.880355
424.909446
424.95631
424.969893
424.981309
424.997059
425.000674
425.05037
425.068949
425.082425
425.087292
425.097574
425.101199
425.135469
425.155294
425.155989
425.156353
425.176336
425.18136
425.190422
425.197154
425.198667
425.199655
425.217686
425.253171
425.264844
425.273478
425.29181
425.301198
425.395701
425.416381
425.426438
425.430861
425.440555
425.443371
425.47097
425.490736
425.493383
425.499185
425.540522
425.55943
425.56388
425.63443
425.668583
425.67423
425.679223
425.681749
425.687682
425.717908
425.744626
425.760505
425.762914
425.836712
425.847919
425.86719
425.893289
425.908955
425.914373
425.914976
425.916962
425.91891
425.955482
425.955949
425.96764
425.968634
425.992604
426.024876
426.03734
426.045052
426.046001
426.101785
426.106088
426.111417
426.118943
426.134799
426.135836
426.144123
426.14613
426.146361
426.164322
426.175306
426.205882
426.214933
426.256046
426.262643
426.29626
426.333678
426.39305
426.427289
426.434014
426.435549
426.455183
426.471013
426.473184
426.482841
426.502144
426.521946
426.524421
426.528922
426.531965
426.555371
426.586727
426.598564
426.59995
426.601708
426.609213
426.652773
426.658633
426.668294
426.672573
426.674748
426.677113
426.715195
426.726978
426.755221
426.77912
426.78976
426.816285
426.828783
426.832879
426.845361
426.863534
426.86491
426.865416
426.887431
426.912176
426.914772
426.946958
426.954001
427.017336
427.037225
427.043682
427.05342
427.076936
427.105604
427.121885
427.123383
427.16194
427.166383
427.177622
427.181704
427.229251
427.243859
427.261271
427.264174
427.2938
427.346105
427.362512
427.399708
427.402875
427.410582
427.429679
427.430663
427.436246
427.466166
427.508107
427.509418
427.515978
427.52104
427.541673
427.555236
427.558401
427.563358
427.57066
427.608718
427.618058
427.650394
427.669643
427.671171
427.677157
427.683216
427.743177
427.744291
427.753379
427.762338
427.788182
427.796933
427.800705
427.808518
427.851787
427.851904
427.889933
427.931822
427.93428
427.937124
427.960943
427.963149
427.96346
427.970018
427.98616
428.014664
428.05755
428.067269
428.067859
428.068645
428.115805
428.127336
428.161105
428.168811
428.178001
428.213262
428.242475
428.301726
428.312511
428.340505
428.347308
428.367643
428.398305
428.414082
428.415496
428.435958
428.437315
428.466004
428.471501
428.497897
428.52157
428.530493
428.565026
428.626166
428.631516
428.633067
428.638831
428.646039
428.692161
428.699912
428.702991
428.73137
428.752129
428.752243
428.758401
428.800941
428.83227
428.87044
428.872654
428.873288
428.887721
428.914604
428.973763
428.988862
428.988929
429.034625
429.056052
429.062672
429.085229
429.091066
429.093097
429.172709
429.224227
429.299361
429.318481
429.330098
429.33529
429.360508
429.376625
429.392446
429.452444
429.475865
429.482416
429.485484
429.501716
429.520163
429.534075
429.564684
429.587363
429.600012
429.602001
429.602193
429.605983
429.606932
429.646365
429.70621
429.717926
429.722035
429.724835
429.734048
429.743337
429.805866
429.834701
429.857838
429.912992
429.937658
429.961481
429.976255
429.976712
430.043185
430.07638
430.080919
430.095165
430.10731
430.134785
430.149492
430.169282
430.197993
430.19985
430.208703
430.231557
430.244483
430.272499
430.293034
430.310625
430.311876
430.323215
430.324857
430.337663
430.355626
430.370923
430.373254
430.412904
430.413732
430.415458
430.419828
430.424259
430.473166
430.49059
430.517481
430.532698
430.559503
430.569296
430.576042
430.623688
430.631275
430.642378
430.648324
430.697895
430.711689
430.713869
430.717462
430.762423
430.772317
430.816517
430.863285
430.873831
430.901073
430.928932
430.929232
430.980557
431.033248
431.055824
431.072385
431.082529
431.095641
431.141412
431.146472
431.155588
431.175546
431.218742
431.283774
431.295055
431.378915
431.406387
431.42302
431.435787
431.442568
431.452404
431.465258
431.488191
431.492908
431.521591
431.55465
431.567231
431.57972
431.594823
431.610256
431.642221
431.654839
431.659783
431.66007
431.69573
431.697712
431.714122
431.716503
431.73336
431.764929
431.787847
431.788837
431.883624
431.889873
431.896818
431.897791
431.90057
431.905429
431.931352
431.944992
431.96246
431.98378
431.992401
431.995201
432.008011
432.022894
432.034585
432.060645
432.088799
432.092778
432.095744
432.176411
432.217675
432.226081
432.226997
432.242046
432.279472
432.287777
432.307836
432.333696
432.344331
432.348078
432.35224
432.368276
432.380996
432.440792
432.444418
432.451419
432.458164
432.464721
432.483316
432.496525
432.528862
432.542687
432.54519
432.600218
432.607283
432.61128
432.645349
432.652859
432.660706
432.664112
432.664525
432.69345
432.725663
432.749776
432.750231
432.775002
432.792796
432.859525
432.866982
432.879188
432.886025
432.89707
432.907852
432.94028
432.940375
432.953056
432.963273
432.973912
432.976193
432.980638
432.997553
433.021524
433.022752
433.044256
433.047649
433.053721
433.079018
433.090357
433.125065
433.130234
433.155432
433.167288
433.17971
433.193685
433.215328
433.242447
433.270897
433.27842
433.293849
433.34771
433.355203
433.374358
433.399838
433.40589
433.424345
433.456871
433.46357
433.477608
433.491283
433.491714
433.498163
433.500144
433.516168
433.519345
433.571497
433.572396
433.584805
433.587695
433.59132
433.626166
433.633015
433.664646
433.690849
433.723612
433.73582
433.746811
433.766078
433.780924
433.865516
433.888927
433.90598
433.911906
433.956764
433.958999
433.96056
433.963908
433.965328
433.976266
433.979256
434.008403
434.011744
434.066034
434.073056
434.099663
434.113245
434.114675
434.119162
434.139052
434.211273
434.212651
434.223674
434.249969
434.295677
434.298157
434.343499
434.418354
434.460784
434.471718
434.475594
434.492528
434.525467
434.5444
434.551985
434.554269
434.554935
434.590209
434.606635
434.608818
434.609595
434.733997
434.753941
434.773141
434.81745
434.850995
434.915822
434.937304
434.941133
434.976728
434.991419
434.998814
435.000956
435.002808
435.008119
435.018245
435.058442
435.072983
435.081189
435.126489
435.141137
435.146748
435.210523
435.245462
435.246601
435.248924
435.249985
435.268205
435.270082
435.307488
435.321251
435.344557
435.36637
435.376551
435.421629
435.431203
435.472416
435.521143
435.554578
435.572954
435.577137
435.588521
435.594289
435.609661
435.632353
435.644761
435.649187
435.662782
435.687611
435.691741
435.723558
435.7662
435.771392
435.782706
435.785928
435.795899
435.804458
435.836143
435.882395
435.922223
435.93644
435.951483
435.954799
435.9762
436.005997
436.018682
436.028099
436.041133
436.10554
436.109656
436.111833
436.15003
436.163427
436.230826
436.231507
436.247323
436.300075
436.35574
436.403564
436.408029
436.418411
436.44095
436.608595
436.616307
436.643876
436.691819
436.71317
436.731127
436.738904
436.773579
436.794589
436.867356
436.877812
436.946287
436.961563
437.005983
437.010983
437.011528
437.146197
437.222909
437.246603
437.26465
437.287151
437.298212
437.373045
437.389565
437.412986
437.455742
437.459819
437.464399
437.473612
437.480533
437.506808
437.513638
437.531121
437.536142
437.567865
437.586651
437.58977
437.619054
437.693615
437.700202
437.731812
437.787106
437.789697
437.800729
437.813031
437.827897
437.840547
437.842925
437.8471
437.874845
437.889921
437.892057
437.951822
437.961472
437.971302
438.009662
438.050887
438.050968
438.096869
438.134006
438.136739
438.149039
438.164617
438.254428
438.261231
438.27281
438.289991
438.293377
438.299467
438.353482
438.420414
438.442447
438.445919
438.457026
438.546769
438.547006
438.615572
438.618778
438.651289
438.706992
438.766937
438.792392
438.819303
438.820032
438.834706
438.850902
438.868578
438.878291
438.890926
438.903267
438.913157
438.922118
438.924857
438.958325
438.958445
438.985888
439.073727
439.105736
439.125537
439.131331
439.164676
439.184942
439.206242
439.253764
439.269224
439.271928
439.286045
439.344472
439.421279
439.437175
439.437506
439.45081
439.474865
439.475771
439.480757
439.509528
439.550749
439.576655
439.587713
439.616192
439.632674
439.657157
439.668795
439.753067
439.764416
439.771457
439.779764
439.789052
439.817499
439.850115
439.890683
439.904972
440.047364
440.068
440.079167
440.111953
440.157025
440.172954
440.187816
440.248651
440.254777
440.257058
440.270914
440.363871
440.375772
440.411185
440.615998
440.631827
440.661
440.697337
440.705395
440.708325
440.767883
440.817659
440.837355
440.879068
440.916108
440.934516
440.963459
441.164779
441.195658
441.293521
441.328771
441.353079
441.438475
441.469979
441.470442
441.477439
441.515483
441.568629
441.586461
441.688797
441.699017
441.757538
441.840406
441.8547
441.889947
441.890085
441.912429
441.963987
441.983126
442.026528
442.051266
442.172779
442.193576
442.199858
442.200751
442.255392
442.298769
442.331807
442.356932
442.380448
442.432687
442.503742
442.523775
442.597512
442.669821
442.686998
442.722047
442.751447
442.87974
442.887803
442.922411
442.994601
443.008588
443.1054
443.130767
443.175177
443.255966
443.298916
443.299554
443.310099
443.312224
443.325311
443.344981
443.35914
443.432787
443.479014
443.493431
443.598556
443.608903
443.665469
443.67243
443.703451
443.748908
443.763497
443.794215
443.823414
443.863987
443.876639
443.9346
443.978886
444.064964
444.106324
444.202507
444.203132
444.221336
444.229112
444.287248
444.457605
444.472047
444.472285
444.532683
444.537136
444.591427
444.643569
444.656669
444.789389
444.827508
444.837394
444.877677
444.935656
444.997522
445.031241
445.223682
445.302221
445.362671
445.477242
445.482288
445.540759
445.679327
445.696811
445.754036
445.85443
445.909659
445.975703
446.356449
446.384644
446.43406
446.47425
446.515506
446.518577
446.559574
446.625745
446.634955
446.654986
446.677703
446.706828
446.738513
446.783156
446.815201
446.861288
446.904798
446.907377
447.020691
447.109726
447.13799
447.138265
447.289861
447.29128
447.307679
447.311251
447.341
447.398646
447.535724
447.584226
447.591896
447.607445
447.695669
447.698176
447.762495
447.787054
447.793744
447.863099
447.864081
448.192872
448.21702
448.250851
448.314311
448.342852
448.633504
448.659534
448.660192
448.700163
448.789534
448.836093
449.001659
449.213356
449.236354
449.47691
449.60448
449.606603
449.660582
449.727415
449.893631
450.063018
450.06348
450.113914
450.120351
450.263727
450.468336
450.502518
450.510627
450.524501
450.58182
450.631808
450.648069
450.661763
450.759176
450.796603
450.967753
451.002004
451.04225
451.383843
451.470001
451.717432
451.75046
451.956432
452.005967
452.0917
452.192716
452.299855
452.324115
452.371907
452.498459
452.517649
452.529528
452.541547
452.633661
452.651939
452.687044
452.721117
452.859669
452.96131
452.984894
452.996409
453.006818
453.130059
453.326196
453.355338
453.405659
453.626617
453.680667
453.702635
453.738583
453.760659
453.902006
454.068384
454.313088
454.471744
454.883354
454.896377
454.923392
454.972934
455.103135
455.272363
455.280525
455.318008
455.32912
455.613516
455.632784
455.869211
455.884415
455.905182
455.933083
455.947694
456.016684
456.049348
456.139902
456.164247
456.239844
456.318839
456.562768
456.696756
456.701718
456.716452
456.93484
457.491907
457.549186
457.623869
458.085479
458.109648
458.260702
458.303596
458.435755
458.458194
458.602311
458.767224
458.980714
459.200786
459.217389
459.261773
459.391336
459.450108
459.490859
459.725451
459.879313
459.948387
460.169494
460.237024
460.280121
460.3037
460.456638
460.620507
460.847661
460.963669
461.028728
461.209464
461.25804
461.720435
462.030327
462.327402
462.831055
463.21608
463.402966
463.482466
463.497002
464.091325
464.562372
464.848565
465.247643
465.270277
465.294996
465.696839
465.739525
465.751582
465.856226
466.050771
466.15991
466.279042
466.638047
466.766315
466.868347
466.887338
467.098477
467.388499
467.510526
467.58596
467.76177
468.017431
468.055646
468.173317
468.268846
468.501782
468.647376
468.662871
469.786737
469.952984
470.891774
470.927746
471.065697
471.193178
471.966465
472.332567
472.51982
472.551854
472.569991
472.779945
472.791067
472.946227
473.142714
473.41956
473.809034
473.819716
473.849476
474.024673
474.157204
474.290972
474.488836
474.804099
474.952404
475.401528
475.628488
475.828217
475.854111
476.337054
476.496729
476.585933
476.67893
476.736597
476.866053
477.432206
477.488155
478.230011
478.370581
479.030781
479.316128
479.679632
480.643405
481.014121
481.351613
481.626417
482.731262
482.747491
482.80907
483.203136
483.847176
484.54633
484.564936
485.555434
487.336023
487.461504
487.694211
488.720166
489.083359
489.823468
490.165768
490.356569
490.779943
491.614984
492.214923
492.339495
494.612531
494.637804
496.616957
497.894655
501.378809
502.401124
503.549183
503.975718
505.015831
509.374097
509.630715
510.212562
512.748952
514.016669
520.557405
523.365155
531.430054
538.663604
540.167032
546.522554
578.222612
590.566058
612.195312
777.685638
802.833728
855.745255
1541.567273
