1.078394
1.466308
1.5268
1.561965
1.631789
7.516991
7.577879
7.592979
7.61994
7.669473
7.710061
7.75772
7.908254
7.982412
8.218775
8.30431
8.324413
8.350542
8.464884
8.465206
8.702311
8.745429
8.802155
8.824478
8.877515
8.974073
9.214391
9.222115
9.293781
9.472387
9.555435
9.566303
9.825345
9.862757
9.916149
10.229575
10.438892
10.741957
10.887349
11.067901
11.137543
11.171178
11.26945
11.361
11.524999
11.718845
11.815736
11.860949
11.977066
12.001459
12.020036
12.133409
12.154181
12.176628
12.185579
12.216033
12.319703
12.368516
12.386437
12.391127
12.402646
12.407881
12.45693
12.495272
12.579485
12.599908
12.691267
12.695811
12.707099
12.736049
12.776984
12.804083
12.889443
12.920828
13.087487
13.141781
13.26842
13.289435
13.30083
13.496171
13.905894
13.918449
13.993728
14.098776
14.107084
14.127425
14.13336
14.152327
14.211414
14.279675
14.330931
14.411866
14.622205
14.797518
14.896839
14.990473
15.111167
15.116986
15.404358
15.423598
15.439473
15.5196
15.800636
15.91348
16.110211
16.162957
16.201223
16.210235
16.328949
16.795046
16.892017
17.052409
17.291696
17.291876
17.319792
17.400772
17.474517
17.523092
17.544995
17.57332
17.739749
17.888368
18.01968
18.354891
18.565576
18.893087
19.375996
19.55987
19.64037
19.650045
19.717449
19.749287
19.780169
19.875571
19.932888
19.949909
20.163148
20.266517
20.506001
20.626828
20.957133
21.272634
21.398197
21.633415
21.705045
22.591232
22.729006
22.74155
23.056145
23.960525
24.134984
24.160958
24.244366
24.554329
24.712428
25.142052
25.779527
25.951734
26.62643
26.993705
29.11278
29.894469
30.759307
31.23898
32.40126
32.616009
34.857505
38.288964
38.499424
38.805213
38.93639
39.484915
40.596817
40.95723
41.157908
41.158731
42.063431
42.337124
42.837647
43.121156
43.274143
43.40681
43.419834
44.155999
44.832157
45.593944
47.341455
47.530197
47.869246
48.282965
48.469295
49.372104
49.701799
49.871035
50.598375
51.446794
51.965453
52.487219
54.662044
55.99927
57.199656
58.470374
58.524454
59.1954
59.439909
61.773426
62.7468
64.18566
64.710808
65.694606
68.017687
68.321171
70.792599
71.13192
71.355242
72.13215
72.191069
72.48471
74.123969
74.86759
75.110371
77.236254
78.193518
78.915328
79.3057
79.76066
80.139162
80.277243
81.314786
82.688597
83.018662
83.132062
83.245849
83.701935
85.028013
90.390682
93.84345
96.026944
96.08933
97.443315
98.657323
99.480491
100.114787
100.43307
102.3124
102.986621
103.686111
104.522474
105.008034
105.536283
106.517226
106.653027
109.388829
109.778521
110.925387
111.639134
112.652206
113.388177
114.260182
114.312517
114.944643
115.664137
116.389694
116.62015
117.536382
117.767375
117.906279
119.074165
119.095177
119.255693
119.591303
121.442319
122.203169
122.30447
122.463295
122.614098
122.731062
122.939324
122.952868
123.378162
123.424376
123.539244
123.862502
123.906333
124.130189
124.391632
124.548859
124.647651
125.042568
125.101278
125.256272
125.362953
125.480508
125.499848
125.549349
125.755456
125.767996
126.122748
126.225754
126.697605
126.774148
126.775
126.777377
127.196919
127.237359
127.266108
127.612219
127.681356
127.726975
127.835774
127.874868
128.187105
128.450396
128.63023
128.637938
128.904037
128.970948
129.012587
129.278799
129.316576
129.324549
129.669123
129.758348
129.962975
130.112999
130.36028
130.471824
130.625144
130.642034
130.762215
130.919657
131.134446
131.153435
131.206982
131.250376
131.459392
131.661326
131.747892
131.826363
131.963574
132.138915
132.479711
132.757157
133.54269
133.698119
133.865178
133.94024
134.234432
134.616736
134.727221
134.762104
134.997234
135.026197
135.44456
135.507304
135.756195
135.793894
136.327039
136.573495
136.658788
137.556307
137.633221
137.690043
137.777253
137.785723
138.006772
138.19691
138.384743
138.596464
139.516037
139.777086
139.945069
140.492307
140.771241
140.8002
141.113081
141.114331
141.351407
141.899266
141.942823
141.964796
142.412918
142.86848
142.981188
143.683539
143.736134
144.018721
144.06563
144.374168
144.412128
144.439039
144.745685
144.871016
144.88979
145.611225
145.669936
145.7078
145.843823
146.255785
146.511867
146.875756
147.299237
147.55325
147.851247
148.04123
148.057759
148.18797
148.198774
148.507515
148.554904
148.899723
149.112933
149.281411
149.346858
149.374328
149.394631
149.465304
149.57936
149.667114
149.688788
149.852259
150.104434
150.640772
150.701737
150.71178
150.89454
150.914532
151.424819
151.759459
151.901086
152.033334
152.133697
152.193522
152.296551
152.617539
152.657506
152.772013
152.876752
152.892454
153.198822
153.271893
153.394136
153.424385
153.529001
153.732421
153.905536
154.017674
154.040185
154.097452
154.133551
154.145669
154.360008
154.377644
154.40885
154.471772
154.515026
154.57001
154.724471
154.797608
154.824081
154.950069
154.959569
154.998954
155.130385
155.189811
155.221985
155.223057
155.289876
155.294531
155.477317
155.494526
155.560672
155.634198
155.656944
155.733172
155.824503
155.908787
156.021991
156.183725
156.202159
156.213856
156.215414
156.223244
156.257112
156.600891
156.652639
156.653165
156.749333
156.835368
156.937373
156.939405
157.473222
157.528417
157.568282
157.579472
157.645789
158.052036
158.11309
158.421755
158.48221
158.518637
158.810639
158.84116
159.20527
159.216097
159.248017
159.33315
159.394329
159.401302
159.429438
159.610145
159.617543
159.68925
159.733732
159.833149
159.87813
159.96573
160.024543
160.05112
160.115589
160.190548
160.194464
160.333963
160.360456
160.512217
160.59805
160.662852
160.735292
160.811184
160.903596
161.014384
161.189639
161.254304
161.366704
161.38802
161.414181
161.508038
161.57858
161.613407
161.621302
161.822268
161.836936
161.860292
161.892572
161.92328
161.945948
161.981146
162.00986
162.099579
162.245252
162.28455
162.410002
162.454747
162.459665
162.681652
162.911929
162.927505
162.982109
163.030579
163.18006
163.19453
163.402574
163.445391
163.502405
163.509044
163.557797
163.676588
163.707631
163.740987
163.810626
163.824664
163.839314
164.023233
164.023656
164.032373
164.166042
164.344297
164.415018
164.486694
164.488965
164.508406
164.544375
164.700442
164.705005
164.735673
164.859865
164.958498
165.04072
165.041413
165.100002
165.107737
165.248962
165.388809
165.52144
165.522995
165.705167
165.740012
165.871606
166.117646
166.121436
166.151316
166.219698
166.273847
166.346103
166.370086
166.3745
166.415946
166.487278
166.559774
166.585471
166.633354
166.880934
166.886051
166.913753
166.938223
167.051091
167.144497
167.162536
167.225533
167.294125
167.312868
167.497517
167.523621
167.611798
167.637938
167.658155
167.672608
167.810343
167.819881
168.019205
168.103231
168.155384
168.175436
168.17715
168.368499
168.429292
168.445498
168.700398
168.735418
168.873355
168.922427
169.121598
169.481193
169.516579
169.56402
169.66363
169.747253
169.766978
169.866377
169.867519
169.970245
170.125046
170.130834
170.174389
170.194214
170.280373
170.30602
170.346903
170.347565
170.375283
170.467591
170.655429
170.705444
170.71796
170.870556
170.875192
170.919042
170.945175
170.952298
171.215692
171.220423
171.257684
171.427918
171.485032
171.536874
171.597843
171.640503
171.790353
171.832594
171.954829
172.014189
172.068317
172.071976
172.087088
172.151846
172.194187
172.285683
172.355899
172.441019
172.546797
172.550105
172.608946
172.643086
172.831494
172.840987
172.865926
172.9569
173.039235
173.040261
173.402273
173.468685
173.524329
173.527738
173.60116
173.616369
173.750333
173.851502
173.869514
173.950728
174.028512
174.058872
174.063168
174.122187
174.165647
174.227943
174.340547
174.48325
174.486532
174.50986
174.524729
174.580835
174.585316
174.664929
174.686152
174.844949
174.847439
174.876772
174.893095
174.944272
174.95458
174.975713
175.058022
175.194277
175.205713
175.218459
175.237301
175.266789
175.277491
175.328727
175.344534
175.370759
175.474152
175.574289
175.584987
175.589128
175.632507
175.694416
175.731935
175.738897
175.746338
175.760676
175.800921
175.882476
176.04331
176.177837
176.179147
176.198198
176.284206
176.354397
176.39078
176.391227
176.427711
176.44018
176.486191
176.499836
176.551102
176.57349
176.675003
176.67817
176.796681
176.837201
176.876809
176.98676
177.125077
177.183496
177.252896
177.262615
177.278494
177.624195
177.629731
177.657087
177.69714
177.744424
177.8306
177.870775
177.894697
177.89626
177.89667
177.908155
177.910003
177.918162
177.92684
178.015364
178.149942
178.153666
178.163894
178.268274
178.334713
178.350895
178.364493
178.402096
178.410046
178.460981
178.477188
178.582826
178.582976
178.63972
178.706663
178.706677
178.722619
178.730674
178.733697
178.772454
178.795446
178.81747
178.830306
178.872969
178.87551
178.906086
178.939848
178.95773
178.984176
179.033551
179.040949
179.095383
179.256709
179.313806
179.321703
179.352578
179.406138
179.417034
179.422895
179.538673
179.550379
179.589814
179.643024
179.757289
179.773417
179.863806
179.90364
179.910534
179.912544
179.920581
180.013694
180.014933
180.082542
180.091021
180.108843
180.116993
180.122874
180.327217
180.329269
180.390529
180.461268
180.480702
180.495106
180.653362
180.666241
180.670868
180.768342
180.820746
180.85525
180.862928
180.893789
180.904399
180.948916
180.996325
180.997012
181.001768
181.007895
181.013064
181.021759
181.072788
181.116518
181.140986
181.168675
181.208327
181.24301
181.24889
181.292505
181.292544
181.317614
181.323865
181.328827
181.362656
181.367938
181.434606
181.451737
181.467835
181.470133
181.479995
181.544774
181.560436
181.560656
181.562482
181.590238
181.600749
181.741773
181.761565
181.76833
181.817654
181.820541
181.822947
181.826039
181.844547
181.955578
181.967369
181.969888
182.003207
182.036629
182.038574
182.059025
182.145839
182.197443
182.272474
182.31573
182.371644
182.38296
182.392347
182.485106
182.48751
182.488562
182.521441
182.549136
182.643163
182.68992
182.698308
182.704386
182.772311
182.776712
182.793332
182.817335
182.822086
182.838063
182.848394
182.854697
182.903162
182.907509
182.961773
182.974362
183.015438
183.064602
183.092347
183.11784
183.230013
183.262782
183.265869
183.27019
183.310069
183.340481
183.373564
183.505656
183.512888
183.520416
183.532674
183.534225
183.56862
183.603644
183.654738
183.66392
183.664795
183.686566
183.694631
183.702172
183.74146
183.743422
183.779897
183.788887
183.883574
183.887914
183.920505
183.944108
184.00806
184.026485
184.028653
184.032255
184.215691
184.241365
184.297263
184.330745
184.337547
184.375763
184.395708
184.398848
184.420128
184.45919
184.540432
184.564628
184.595919
184.684635
184.684925
184.686136
184.737192
184.782958
184.800715
184.817027
184.824792
184.884322
184.901538
184.911732
184.934033
184.966954
185.010842
185.10014
185.102823
185.106177
185.13886
185.192353
185.23962
185.436888
185.437211
185.458958
185.46771
185.47903
185.494579
185.524498
185.583743
185.589581
185.618756
185.624177
185.634714
185.681775
185.742551
185.786944
185.797133
185.827832
185.83934
185.85142
185.869251
185.879838
185.883104
185.89167
185.909754
185.914224
185.921542
185.926934
185.938814
185.977379
185.977413
186.011491
186.021688
186.022621
186.05312
186.054692
186.090284
186.116832
186.124105
186.127174
186.143138
186.166566
186.17329
186.180189
186.187427
186.200233
186.22803
186.295625
186.300885
186.378122
186.411195
186.445916
186.479389
186.52532
186.543513
186.560842
186.598207
186.618075
186.636667
186.73108
186.784664
186.793354
186.813116
186.834897
186.842677
186.894258
186.923265
186.924432
187.003741
187.016861
187.020432
187.051021
187.065037
187.096285
187.10277
187.150643
187.150844
187.166544
187.197097
187.257851
187.314308
187.364492
187.374834
187.376854
187.442941
187.458041
187.503497
187.529758
187.561858
187.625406
187.731816
187.739032
187.752647
187.787222
187.814129
187.86708
187.867749
187.919219
187.948185
187.978264
187.996085
188.050551
188.143039
188.192186
188.225435
188.245783
188.253765
188.258187
188.277224
188.342905
188.366802
188.367108
188.408304
188.432238
188.47475
188.478349
188.499441
188.504397
188.598365
188.723762
188.724269
188.782031
188.921289
189.022348
189.028054
189.042162
189.073349
189.085854
189.11245
189.180804
189.25274
189.256815
189.374127
189.384068
189.387096
189.387332
189.405242
189.423968
189.479599
189.514275
189.52592
189.528883
189.534107
189.549064
189.572198
189.640368
189.651806
189.747627
189.749151
189.785038
189.797717
189.800093
189.919558
189.944762
190.040032
190.065477
190.159873
190.172482
190.216752
190.249145
190.335884
190.399503
190.407586
190.415894
190.51356
190.587947
190.59
190.590552
190.649766
190.683285
190.695905
190.72562
190.73074
190.772105
190.824785
190.861613
190.913831
190.990957
191.106948
191.115175
191.194418
191.195353
191.203518
191.208992
191.246642
191.253069
191.255899
191.271494
191.286969
191.313217
191.317839
191.33174
191.333835
191.399315
191.482387
191.501831
191.525327
191.542675
191.549976
191.563888
191.60249
191.617607
191.648771
191.673546
191.692148
191.693777
191.755761
191.759651
191.834374
191.846078
191.873038
191.902839
191.914305
191.964062
191.96476
191.973818
191.977973
192.164396
192.250055
192.307307
192.3532
192.353226
192.392075
192.430137
192.461906
192.468765
192.674745
192.686135
192.710575
192.715755
192.7417
192.811064
192.892472
192.905629
192.976688
193.017234
193.017779
193.032076
193.075419
193.160524
193.173432
193.190742
193.222871
193.260039
193.266878
193.33744
193.358213
193.393093
193.418795
193.525654
193.659475
193.679202
193.738854
193.752523
193.756568
193.770995
193.78219
193.812536
193.823253
193.84017
193.951175
193.988862
194.011727
194.101457
194.14723
194.202366
194.223911
194.347048
194.450249
194.517684
194.670029
194.729118
194.78234
194.806072
194.845745
194.950003
194.974639
195.024728
195.093203
195.177539
195.20668
195.213456
195.227961
195.235589
195.250833
195.260068
195.350518
195.416624
195.432004
195.449768
195.507198
195.541601
195.673959
195.729745
195.84978
195.894438
195.905445
195.909297
195.911584
195.932322
195.955808
195.996397
196.022948
196.089309
196.091992
196.117924
196.155439
196.163259
196.183307
196.196385
196.308695
196.354911
196.364461
196.406767
196.433515
196.531032
196.536628
196.571684
196.702764
196.769559
196.811534
196.857001
196.884607
196.915112
196.929135
196.988745
197.013446
197.025306
197.037115
197.19479
197.32548
197.472998
197.510713
197.534938
197.67385
197.707815
197.747235
197.862722
197.90825
197.998153
198.202458
198.30395
198.385269
198.39279
198.503247
198.582466
198.618895
198.629198
198.86736
198.873849
198.886386
198.929091
199.166712
199.244581
199.602589
199.614562
199.791351
199.839813
199.850577
200.112822
200.117163
200.315859
200.396135
200.433579
200.521545
200.556053
200.567343
200.83346
200.841853
201.004755
201.026822
201.062738
201.2881
201.349121
201.593865
201.776292
201.848561
201.876208
202.051839
202.098425
202.300488
202.413895
202.430011
202.506695
202.596207
202.719273
202.739744
202.779403
202.877733
203.040115
203.060854
203.075766
203.161506
203.167998
203.330063
203.634476
203.710005
204.337684
204.556303
204.724259
205.155094
205.245222
205.340347
205.521511
205.953421
205.997358
206.009061
206.027446
206.050598
206.108153
206.371519
206.964786
207.079637
207.118582
207.157201
207.422324
207.600335
207.703281
207.928264
208.11064
208.915735
208.983917
209.136257
209.259795
209.388497
209.683997
209.834716
210.320542
210.345876
210.613651
210.818236
210.914446
210.932106
211.323315
211.485461
211.603268
212.055715
212.526886
212.55034
212.606345
212.678258
213.025983
213.502184
213.547981
213.631597
213.694669
213.808418
213.989424
214.049011
214.401045
214.758992
215.050734
215.568335
216.119106
216.383422
217.070027
217.494015
217.640009
217.955038
218.121455
218.600117
219.162956
219.276883
219.692731
219.764674
222.257529
222.811661
223.555435
223.572474
223.846618
224.855514
225.435637
226.822486
229.124649
229.256048
229.347861
230.284465
230.382233
230.541571
230.818627
231.567963
231.645085
232.297208
233.666546
234.204349
236.187925
236.617185
236.791224
236.869357
237.74854
238.002887
238.096153
238.835866
238.876214
239.102644
239.893354
240.174667
240.481463
241.794528
243.035945
243.077692
244.837699
245.594464
245.881711
246.113225
246.374833
246.833265
247.565776
248.816222
249.269098
249.749038
249.971111
250.250165
250.847271
252.579024
252.790139
254.470033
255.14892
257.013865
257.622938
257.984365
257.984431
259.006794
261.708768
264.455148
265.28471
266.481013
266.609416
266.830641
267.667408
268.42336
269.287258
270.607101
271.692796
274.112838
276.490082
277.254
279.13418
279.217089
279.418784
279.704884
280.963188
280.976206
281.855075
282.612463
283.457545
284.622764
285.09814
285.416819
286.986939
287.844155
288.33738
288.381327
288.641552
288.862563
289.756008
290.044809
291.656378
291.756235
291.968935
292.107119
292.747082
293.453325
294.081021
294.861786
295.666121
295.693055
296.243299
296.429882
296.586608
297.775963
300.730795
301.250669
303.059392
303.122626
303.879984
304.022159
305.674328
306.346673
307.18473
309.053809
309.075106
309.117192
310.016262
310.517744
311.345432
312.008679
312.389672
312.59656
312.853725
314.735348
314.792468
316.544454
317.950419
318.559433
319.22053
320.809788
321.538707
322.108281
322.497891
322.981068
323.907821
323.954704
324.352681
327.134988
327.172394
327.450285
330.382773
330.644044
330.647698
331.395305
331.598863
331.898292
332.851779
333.056524
333.185583
333.460447
334.555454
334.713614
335.354626
335.608571
337.017738
337.204159
338.288915
338.957619
339.397902
339.78026
340.930068
341.398925
341.629973
341.754593
341.8366
342.161301
342.300899
342.406634
343.115192
344.688279
344.914757
346.544377
346.594142
347.727444
348.108216
348.422691
348.969863
349.446831
350.343441
350.350433
350.36853
351.66416
351.990269
352.354909
352.674544
353.063127
353.921177
353.947536
354.129522
354.347967
354.428201
354.443123
354.698811
354.728229
354.942332
355.195944
355.600924
355.642822
356.817059
357.676753
358.611387
359.279266
361.135695
361.299503
361.697957
362.213068
363.933534
364.148463
365.00769
365.635183
365.945849
367.086787
367.594975
367.768864
368.002418
369.04242
370.316906
373.292556
374.032631
376.488964
376.611289
380.073036
381.935422
382.819136
384.589943
386.436764
391.270406
392.024768
392.613843
392.615029
393.105578
393.407531
393.490733
393.717771
394.745886
397.816067
398.131017
398.999236
399.267741
399.667524
400.016719
400.756291
400.764283
401.144565
401.585592
403.352075
404.45774
404.581787
404.710881
404.761496
404.926641
406.61336
407.219477
407.368277
408.01987
408.284918
409.303108
409.903366
410.016249
410.124229
410.310741
410.71291
411.21829
411.232243
411.408293
411.988312
412.593883
412.644678
413.286339
414.08774
414.104422
416.035951
416.332187
417.143055
417.543258
417.595083
417.737464
419.233684
419.507013
419.852726
419.947389
420.818104
420.821611
420.881161
421.092591
421.441991
421.760101
422.201622
422.225975
422.80287
423.121065
423.71052
424.767687
425.064863
425.179994
425.24439
425.287855
426.106489
426.583354
427.906809
429.43102
429.517614
430.047258
430.06078
430.782477
431.117867
433.040179
433.177657
433.246085
434.03727
434.061545
435.807639
435.884369
436.018982
438.148725
438.467509
439.461237
439.507976
442.48975
442.610327
442.745578
443.306489
443.87453
444.809845
446.108637
450.415
451.471068
451.901499
452.726932
453.831757
454.631059
458.323763
459.040036
466.886586
467.970143
468.950063
473.116589
474.826415
478.890842
481.256602
486.299409
489.035476
496.251961
499.446781
507.062039
511.333803
520.446555
644.343961
703.638547
733.95275
755.654618
757.884928
767.232042
767.507844
829.734455
948.803892
3739.399438
6574.792998
10802.106939
