176.270875
177.152282
177.678425
178.284148
181.751663
186.364246
187.204617
190.526838
194.356162
194.905801
196.866591
196.95468
197.310717
202.744143
213.890172
219.279076
222.704686
223.912392
237.241177
238.83843
240.446226
240.544223
242.179665
244.115938
244.246346
246.774361
248.261726
249.932297
257.209076
260.201604
262.586156
264.186464
264.823975
266.505792
270.349978
271.358201
275.228061
276.599783
277.733439
278.204461
278.849329
279.074925
279.591743
279.625412
280.576575
280.920846
281.392868
282.264393
282.299255
282.335161
282.705583
282.926587
283.481615
283.520709
283.659967
283.767919
283.830879
283.99488
284.058356
284.088804
284.626572
284.689134
284.778258
284.785208
284.822829
285.423134
285.590974
285.82356
285.88637
286.037766
286.072268
286.099074
286.17749
286.69122
286.92522
286.929871
287.031702
287.178586
287.250686
287.365134
287.475465
287.62465
287.803866
287.900947
287.905874
287.918727
287.976187
288.082646
288.190654
288.196119
288.483317
288.501298
288.656321
288.878737
288.97741
289.010152
289.109707
289.120758
289.221561
289.226185
289.272444
289.2928
289.298526
289.320464
289.359835
289.434293
289.589158
289.642028
289.79391
289.802906
289.877376
289.887906
289.988739
290.080069
290.132255
290.215921
290.359155
290.378873
290.505306
290.811684
290.851743
290.890526
291.15831
291.179322
291.217249
291.244695
291.253211
291.323457
291.330481
291.524979
291.543923
291.561839
291.632721
291.644941
291.653983
291.778746
291.845028
291.889186
291.956731
292.029134
292.075767
292.148369
292.241799
292.352622
292.460995
292.477095
292.506871
292.518875
292.54081
292.688168
292.92228
292.949067
292.950432
292.972754
292.987159
293.093587
293.099243
293.225185
293.266397
293.361531
293.380032
293.384377
293.393398
293.398267
293.407285
293.548681
293.690887
293.745782
293.874011
293.87842
293.894689
293.973938
293.984295
294.027182
294.045928
294.086885
294.089091
294.098091
294.162578
294.17123
294.414453
294.535449
294.657625
294.705853
294.754982
294.785753
294.886168
294.938973
294.944559
294.968712
294.989066
295.011011
295.037218
295.040486
295.064801
295.206297
295.329371
295.355666
295.373165
295.40788
295.425994
295.432194
295.443025
295.481611
295.515921
295.521988
295.529196
295.582326
295.619095
295.63444
295.635108
295.64094
295.650757
295.673619
295.681716
295.777407
295.789268
295.831555
295.853485
295.872989
295.901133
295.907427
295.942653
295.946563
295.961371
295.968537
295.976304
296.021142
296.084971
296.101357
296.103706
296.141372
296.143678
296.149514
296.172247
296.209896
296.222865
296.280607
296.298572
296.333731
296.389915
296.491467
296.504016
296.556258
296.653311
296.658472
296.673966
296.733195
296.736786
296.782857
296.790187
296.804776
296.825816
296.845072
296.881206
296.910413
296.923603
296.933773
296.942853
296.963974
297.012034
297.01941
297.022546
297.044895
297.072112
297.110278
297.134392
297.155618
297.235301
297.2541
297.263017
297.278246
297.28203
297.373167
297.380217
297.403805
297.408817
297.446747
297.449162
297.477261
297.500312
297.508409
297.582511
297.626657
297.659565
297.663869
297.682196
297.696108
297.698154
297.738088
297.743848
297.772939
297.810387
297.823285
297.837706
297.839516
297.853174
297.86145
297.878064
297.892064
297.906745
297.914099
297.927991
297.962698
298.003472
298.082575
298.086575
298.118167
298.14865
298.176381
298.182311
298.186401
298.202157
298.278635
298.30756
298.315422
298.331879
298.33972
298.344817
298.39785
298.476253
298.488089
298.533479
298.554308
298.58615
298.603858
298.611245
298.663626
298.666436
298.679569
298.727805
298.740789
298.749019
298.81568
298.832482
298.872204
298.873784
298.883468
299.018228
299.135107
299.157245
299.189969
299.21151
299.215856
299.332425
299.412389
299.443084
299.474001
299.488778
299.579323
299.602526
299.60614
299.607809
299.620924
299.636889
299.709536
299.732989
299.743451
299.788313
299.828555
299.839865
299.892942
299.939902
299.940867
299.956443
300.006931
300.052722
300.08599
300.190573
300.228764
300.249639
300.25839
300.274628
300.297305
300.356575
300.373158
300.384343
300.443781
300.461807
300.481329
300.508943
300.517037
300.547431
300.582551
300.614193
300.74476
300.774866
300.780229
300.815332
300.826997
300.844433
300.847134
300.90214
300.922217
300.944179
300.944713
300.969882
300.970381
300.977112
300.996087
301.009945
301.027946
301.034234
301.051696
301.05864
301.065255
301.070835
301.086455
301.112609
301.131763
301.147097
301.156988
301.182291
301.184849
301.185751
301.18898
301.211968
301.227379
301.23307
301.236651
301.250962
301.263176
301.29661
301.332239
301.334359
301.347761
301.38737
301.469733
301.487686
301.503765
301.504028
301.514075
301.516705
301.517506
301.522
301.526017
301.576929
301.588732
301.590731
301.598991
301.621039
301.625177
301.630359
301.637101
301.665979
301.672663
301.68973
301.692501
301.751708
301.756936
301.816581
301.823079
301.891718
301.892188
301.909335
301.926508
301.945611
301.972059
302.007794
302.012891
302.040499
302.135713
302.136139
302.144823
302.155689
302.189904
302.205063
302.254367
302.259179
302.262274
302.266089
302.280037
302.29935
302.302966
302.314968
302.323443
302.328964
302.387308
302.391023
302.469975
302.495104
302.499856
302.546804
302.58147
302.585754
302.596016
302.613943
302.630431
302.645963
302.667436
302.704711
302.767496
302.775217
302.809664
302.815948
302.954044
302.955723
302.963623
302.979626
302.987433
302.993292
303.019163
303.078092
303.091048
303.102005
303.120314
303.121394
303.151747
303.245921
303.250532
303.329424
303.331234
303.359358
303.386936
303.392823
303.406007
303.411523
303.414811
303.425487
303.442602
303.449516
303.459308
303.464911
303.504247
303.522595
303.556467
303.560261
303.564196
303.572317
303.605706
303.607409
303.640208
303.669444
303.695938
303.729021
303.75232
303.760527
303.770226
303.771046
303.789572
303.81397
303.826439
303.837151
303.847015
303.859831
303.899578
303.920456
303.942544
303.942989
303.970325
303.973561
303.97519
303.976252
303.995469
304.010376
304.014319
304.062705
304.064014
304.064215
304.101187
304.121816
304.142653
304.143449
304.160212
304.163193
304.182691
304.189476
304.19297
304.207671
304.233574
304.269843
304.318538
304.331776
304.367871
304.388171
304.427872
304.433369
304.45256
304.492183
304.497823
304.498072
304.506179
304.507588
304.510012
304.537566
304.545775
304.54715
304.553105
304.559454
304.571114
304.582814
304.611065
304.611883
304.617785
304.619435
304.631349
304.634376
304.635454
304.651666
304.664914
304.719092
304.758929
304.783632
304.79141
304.794032
304.833982
304.840881
304.852303
304.853724
304.855289
304.861901
304.894411
304.915558
304.923824
304.963353
304.973295
305.007718
305.050936
305.062942
305.069233
305.084404
305.114184
305.184365
305.201805
305.202013
305.230034
305.235498
305.269796
305.271579
305.308787
305.321802
305.327086
305.332942
305.374719
305.39208
305.395341
305.421937
305.426842
305.435283
305.456066
305.468309
305.530072
305.530919
305.553906
305.559744
305.58441
305.586184
305.596669
305.621558
305.622234
305.625622
305.631345
305.637469
305.683567
305.691241
305.703865
305.731857
305.744712
305.810026
305.827
305.931581
305.951657
305.965581
305.980052
306.007923
306.008445
306.011898
306.035067
306.060921
306.071207
306.08309
306.133867
306.143556
306.146934
306.149284
306.16028
306.172716
306.173458
306.175063
306.208179
306.21146
306.244413
306.252589
306.277805
306.312333
306.341174
306.367411
306.37298
306.384898
306.415377
306.42332
306.452355
306.453516
306.468937
306.478499
306.486902
306.493494
306.512642
306.514106
306.527449
306.532267
306.596606
306.605607
306.649066
306.667253
306.678067
306.699972
306.709787
306.752091
306.758663
306.771335
306.783157
306.790212
306.794167
306.809477
306.823179
306.903964
306.917567
306.922033
306.930187
306.93094
306.942803
306.966722
306.971927
306.979824
306.985048
306.99992
307.008723
307.073318
307.075442
307.085484
307.109046
307.111128
307.112231
307.112983
307.143756
307.149521
307.152943
307.172182
307.191968
307.205016
307.227213
307.248174
307.281904
307.289782
307.30035
307.318107
307.383098
307.422661
307.423079
307.42818
307.429762
307.430958
307.439347
307.4527
307.454878
307.47323
307.590514
307.600667
307.602941
307.629026
307.636498
307.649371
307.650746
307.680589
307.702901
307.721704
307.739653
307.781565
307.787192
307.789392
307.805698
307.808186
307.829993
307.844313
307.848276
307.899107
307.928138
307.957547
307.967994
307.988719
308.011716
308.033736
308.09683
308.105976
308.147667
308.148703
308.1621
308.16212
308.168404
308.249744
308.250452
308.261475
308.292584
308.295379
308.330674
308.33133
308.365878
308.396823
308.408176
308.466666
308.481241
308.498434
308.534337
308.561216
308.589018
308.606082
308.610962
308.631349
308.657069
308.676536
308.676646
308.679643
308.68267
308.685506
308.686082
308.723929
308.758219
308.763198
308.789054
308.798227
308.823594
308.825809
308.830198
308.8449
308.884216
308.888614
308.943943
308.955041
308.97024
309.013471
309.026602
309.049773
309.079001
309.080356
309.083094
309.088926
309.109715
309.131297
309.150709
309.161665
309.169157
309.193895
309.215445
309.219158
309.229916
309.247487
309.291894
309.293814
309.296139
309.336844
309.354789
309.361669
309.379682
309.408211
309.439199
309.440493
309.46162
309.480903
309.512951
309.570203
309.572663
309.581722
309.593382
309.601922
309.602603
309.641178
309.644785
309.66198
309.698304
309.701701
309.713986
309.731279
309.731915
309.744515
309.75345
309.780761
309.797991
309.812846
309.815383
309.820087
309.837058
309.863206
309.863678
309.89202
309.898833
309.899586
309.919292
309.9244
309.952491
309.961823
309.987661
309.994117
310.074197
310.078428
310.107701
310.124257
310.125066
310.133982
310.141749
310.154262
310.200263
310.209286
310.22421
310.250386
310.25577
310.25984
310.27634
310.284319
310.303569
310.305827
310.305885
310.313267
310.325318
310.332905
310.341286
310.384882
310.388055
310.392914
310.399572
310.404872
310.413346
310.450626
310.462608
310.483803
310.49254
310.494597
310.516415
310.528709
310.571233
310.586539
310.618807
310.624875
310.626058
310.641571
310.658163
310.663709
310.671105
310.67377
310.679298
310.697627
310.752258
310.775447
310.796469
310.804061
310.812025
310.819433
310.884677
310.891266
310.907149
310.927911
310.982945
310.996775
311.004474
311.01453
311.050596
311.113933
311.119706
311.123164
311.141153
311.148188
311.207635
311.231714
311.245619
311.251039
311.258054
311.258351
311.273782
311.315008
311.358011
311.363321
311.397734
311.42771
311.472634
311.546778
311.571987
311.57414
311.580281
311.59192
311.609776
311.62487
311.6332
311.647637
311.650647
311.660458
311.663903
311.675738
311.682795
311.68315
311.683365
311.689007
311.760927
311.76823
311.7817
311.781949
311.787723
311.853797
311.859539
311.883183
311.895472
311.902792
311.905251
311.917586
311.945197
311.98451
312.004102
312.005144
312.00667
312.017759
312.029962
312.044698
312.083804
312.134823
312.137422
312.163912
312.177151
312.179714
312.211744
312.250425
312.257194
312.306565
312.339205
312.340035
312.345711
312.430358
312.432004
312.448824
312.449273
312.458577
312.460557
312.509348
312.512733
312.522005
312.539195
312.5401
312.560242
312.607328
312.630351
312.645083
312.649025
312.651033
312.653865
312.656621
312.67368
312.675399
312.684691
312.693475
312.701634
312.711999
312.712858
312.727929
312.731329
312.73588
312.763166
312.780664
312.797797
312.815953
312.869017
312.913599
312.920285
312.932372
312.93471
312.94829
312.967704
312.977877
313.013965
313.0328
313.047922
313.062934
313.06956
313.071351
313.086742
313.098657
313.105871
313.106551
313.112564
313.155717
313.173022
313.201842
313.213312
313.23497
313.271022
313.276267
313.286389
313.290497
313.304656
313.324937
313.348482
313.378415
313.397704
313.444465
313.452291
313.463232
313.500539
313.504565
313.520673
313.525946
313.543321
313.552081
313.553909
313.55496
313.566363
313.581322
313.589593
313.625868
313.637854
313.645849
313.65518
313.691207
313.691888
313.706113
313.751932
313.758356
313.778317
313.788487
313.800395
313.816492
313.824653
313.828419
313.832929
313.842395
313.855115
313.887694
313.892747
313.904335
313.927975
314.009108
314.010486
314.029251
314.058181
314.083489
314.121522
314.122669
314.132894
314.18866
314.198892
314.223002
314.227086
314.235211
314.239432
314.259499
314.261861
314.27364
314.298278
314.324657
314.33575
314.366062
314.37298
314.428776
314.438526
314.444227
314.447858
314.448179
314.455217
314.465902
314.471685
314.476186
314.49451
314.496476
314.497269
314.500935
314.509865
314.510142
314.524329
314.546208
314.559383
314.573852
314.581266
314.592428
314.592551
314.600357
314.614217
314.632358
314.642425
314.646742
314.658342
314.666907
314.667755
314.715125
314.722833
314.740378
314.758164
314.762895
314.766511
314.769191
314.785905
314.788344
314.792677
314.806271
314.859196
314.883858
314.90714
314.971562
314.996183
315.002151
315.01235
315.018189
315.094807
315.099633
315.110291
315.113798
315.11408
315.123372
315.148426
315.154698
315.165166
315.196737
315.211488
315.219017
315.248833
315.263861
315.318054
315.3407
315.348991
315.358724
315.361678
315.393035
315.393697
315.396984
315.418271
315.420779
315.43453
315.452317
315.476581
315.489035
315.489369
315.492609
315.494676
315.496828
315.497667
315.570078
315.582677
315.598366
315.605567
315.618423
315.626093
315.627129
315.629638
315.638369
315.641991
315.648797
315.656353
315.669774
315.698292
315.70998
315.733147
315.7341
315.753876
315.773803
315.783148
315.799583
315.804899
315.82917
315.849783
315.865751
315.873978
315.886218
315.913927
315.920466
315.93871
315.940962
315.953661
315.972034
315.973202
315.982592
315.987861
316.018619
316.028469
316.033187
316.036431
316.059764
316.066104
316.082454
316.093423
316.093947
316.12821
316.136728
316.140823
316.148153
316.158903
316.163785
316.189863
316.196624
316.203863
316.20995
316.234369
316.237106
316.237755
316.255266
316.25639
316.258199
316.262791
316.266536
316.266553
316.271621
316.281376
316.293826
316.299674
316.303821
316.308165
316.31369
316.32135
316.329812
316.347811
316.355244
316.357189
316.377029
316.38105
316.389899
316.408688
316.429217
316.443164
316.454619
316.466104
316.473627
316.48527
316.534025
316.5377
316.545564
316.553151
316.560446
316.572884
316.601608
316.613906
316.615347
316.625873
316.636821
316.641135
316.642718
316.652906
316.665247
316.675898
316.681694
316.683508
316.691981
316.724149
316.732226
316.737963
316.750549
316.765348
316.769603
316.822695
316.831366
316.832849
316.850511
316.858625
316.915086
316.916343
316.920876
316.933469
316.986553
316.989336
317.072755
317.076985
317.107428
317.14688
317.149091
317.159398
317.181325
317.209443
317.218678
317.226852
317.233059
317.236057
317.24822
317.25857
317.292654
317.304837
317.319747
317.353778
317.379584
317.401051
317.415552
317.422271
317.423775
317.43268
317.433858
317.440539
317.449313
317.454898
317.481779
317.483802
317.498594
317.500634
317.50349
317.510177
317.517574
317.521545
317.544544
317.567252
317.567296
317.580086
317.582406
317.590305
317.593063
317.593237
317.600351
317.613845
317.629587
317.634758
317.655918
317.657403
317.665136
317.671528
317.6897
317.707814
317.732252
317.738665
317.75813
317.777252
317.829123
317.835194
317.836199
317.840842
317.847449
317.84776
317.8485
317.867372
317.869019
317.883426
317.884768
317.911935
317.917465
317.918052
317.92049
317.936315
317.966366
317.968534
317.971525
317.974185
318.000847
318.00431
318.00852
318.022861
318.066104
318.070058
318.098602
318.10189
318.102603
318.111545
318.114631
318.137789
318.143157
318.152889
318.15386
318.159837
318.184024
318.184631
318.186418
318.201788
318.201893
318.203
318.209342
318.210416
318.225005
318.252703
318.255274
318.257469
318.296924
318.32237
318.327166
318.334002
318.363335
318.364351
318.371743
318.38008
318.389872
318.40535
318.412001
318.415765
318.437326
318.44913
318.450667
318.451632
318.456009
318.460063
318.486663
318.496679
318.500286
318.501916
318.502044
318.51566
318.525212
318.52965
318.53381
318.535866
318.551523
318.569695
318.592033
318.598776
318.612902
318.626551
318.639943
318.691376
318.699447
318.708328
318.71931
318.721517
318.73181
318.738201
318.744759
318.753051
318.776678
318.780701
318.795983
318.815737
318.816707
318.843758
318.851976
318.876772
318.88853
318.895481
318.903722
318.912808
318.917835
318.922937
318.928346
318.931476
318.937774
318.942741
318.957819
318.971524
318.982812
318.995126
319.01682
319.036918
319.047091
319.047387
319.0565
319.072441
319.099697
319.106098
319.118864
319.125228
319.133794
319.140061
319.148821
319.150737
319.159336
319.166093
319.179871
319.187306
319.202933
319.203981
319.25299
319.265018
319.267826
319.271608
319.284507
319.291037
319.291286
319.34221
319.353698
319.394051
319.397214
319.402227
319.407559
319.422425
319.426529
319.436118
319.442674
319.475728
319.47929
319.506053
319.516445
319.52344
319.529951
319.542246
319.566158
319.587526
319.590432
319.591865
319.604527
319.609437
319.625648
319.631201
319.642304
319.644572
319.669521
319.701322
319.701726
319.703402
319.716517
319.733304
319.738567
319.739314
319.748044
319.756088
319.7625
319.768233
319.777421
319.78014
319.786757
319.792347
319.793461
319.806195
319.809372
319.817404
319.820129
319.829164
319.831035
319.884478
319.886089
319.89231
319.926406
319.940807
319.948616
319.954295
319.970299
319.97068
319.9962
319.996906
320.02165
320.028967
320.036713
320.069415
320.071001
320.08583
320.105183
320.12386
320.125342
320.144951
320.151241
320.166664
320.167642
320.167901
320.204184
320.211563
320.21891
320.239485
320.242975
320.251463
320.2526
320.261286
320.266118
320.26817
320.31902
320.322456
320.323874
320.326166
320.342884
320.36797
320.372058
320.387209
320.38936
320.423801
320.43127
320.43195
320.444771
320.448915
320.463828
320.467747
320.471761
320.482651
320.492656
320.50833
320.516117
320.518974
320.530814
320.531274
320.545262
320.550391
320.552011
320.569872
320.570515
320.581148
320.593566
320.597245
320.599327
320.60723
320.633708
320.635985
320.636484
320.652493
320.655495
320.683078
320.683135
320.687947
320.708229
320.717083
320.72332
320.748461
320.751967
320.767919
320.779947
320.78542
320.792286
320.813786
320.814821
320.835234
320.837725
320.848433
320.880401
320.907837
320.966231
320.979484
320.981437
320.991199
321.012999
321.017187
321.048121
321.105598
321.114708
321.116019
321.119812
321.147127
321.149685
321.150604
321.15813
321.166708
321.200656
321.202958
321.222216
321.227402
321.228956
321.231373
321.271971
321.302862
321.356006
321.375021
321.380165
321.392165
321.395625
321.400548
321.400662
321.407007
321.407347
321.423501
321.428676
321.437014
321.441344
321.455858
321.458393
321.469966
321.488812
321.496936
321.505556
321.53355
321.549825
321.559089
321.570977
321.594977
321.622742
321.631969
321.637808
321.644103
321.646584
321.65695
321.663099
321.672205
321.713613
321.737835
321.745437
321.761898
321.769379
321.811125
321.814983
321.816267
321.820474
321.82501
321.826128
321.828301
321.847506
321.85017
321.856628
321.863148
321.870525
321.886299
321.939037
321.945931
321.972349
321.975389
321.991445
321.993501
322.029773
322.04021
322.068801
322.110885
322.118665
322.12869
322.138902
322.16952
322.176536
322.192891
322.195569
322.202934
322.222385
322.229317
322.252027
322.255785
322.284396
322.331515
322.332215
322.335652
322.33672
322.358319
322.362197
322.378555
322.40115
322.401205
322.411794
322.421472
322.426583
322.439727
322.449232
322.449748
322.455752
322.507312
322.534526
322.550437
322.56078
322.574636
322.587447
322.587742
322.606055
322.614639
322.619057
322.628743
322.632586
322.63298
322.637684
322.64172
322.655487
322.673812
322.674308
322.699667
322.700589
322.751102
322.7561
322.758051
322.773796
322.778518
322.781936
322.788837
322.797857
322.805927
322.812517
322.821808
322.831675
322.853997
322.868937
322.870324
322.878349
322.885937
322.926396
322.967273
322.987213
323.006016
323.008854
323.029219
323.029779
323.032443
323.036178
323.05962
323.077325
323.085166
323.109369
323.117205
323.118529
323.124106
323.13018
323.141897
323.160419
323.167164
323.199969
323.229485
323.229586
323.230497
323.232594
323.260839
323.262934
323.266693
323.277404
323.289394
323.298517
323.326202
323.340886
323.352384
323.35949
323.37203
323.391892
323.39996
323.419196
323.423084
323.459472
323.459908
323.567734
323.568269
323.583279
323.607574
323.609175
323.624422
323.633612
323.636442
323.638711
323.641862
323.654879
323.661301
323.66994
323.674878
323.67934
323.679719
323.6897
323.691084
323.708791
323.709805
323.716537
323.721536
323.734452
323.736234
323.755578
323.765644
323.787482
323.823514
323.830352
323.834203
323.84295
323.880918
323.882115
323.884772
323.885937
323.888452
323.888707
323.903667
323.904879
323.910536
323.933368
324.032763
324.044528
324.049975
324.062119
324.063573
324.067156
324.067514
324.094079
324.094898
324.108008
324.110696
324.12054
324.124098
324.14398
324.175337
324.191436
324.222835
324.26175
324.274417
324.275334
324.284181
324.289239
324.296053
324.296786
324.301919
324.303714
324.317254
324.318987
324.336508
324.337576
324.364864
324.374079
324.375225
324.38395
324.398646
324.400143
324.410039
324.456481
324.467091
324.488968
324.48936
324.491851
324.510136
324.514459
324.518662
324.520766
324.52699
324.54385
324.54755
324.58792
324.591038
324.601352
324.629388
324.643583
324.710906
324.717838
324.725957
324.72957
324.734599
324.737425
324.777024
324.805708
324.815643
324.842025
324.85166
324.89243
324.908094
324.933222
324.934499
324.936227
324.937854
324.940094
324.944
324.948845
324.976246
324.977589
324.993329
325.033648
325.034113
325.058664
325.076289
325.119592
325.174331
325.222716
325.231382
325.232754
325.232884
325.237643
325.28146
325.313594
325.325054
325.379535
325.385591
325.450429
325.484785
325.487763
325.493565
325.497942
325.503251
325.515209
325.517776
325.519117
325.535069
325.535379
325.555097
325.558857
325.560436
325.586921
325.597784
325.599666
325.606452
325.610979
325.646992
325.671475
325.676656
325.695232
325.702185
325.72701
325.73466
325.741278
325.75234
325.787084
325.797673
325.805619
325.816015
325.82281
325.86865
325.910648
325.912709
325.919494
325.930266
325.975066
325.977942
325.995953
326.002006
326.016967
326.053613
326.055074
326.076217
326.082612
326.088453
326.088885
326.128426
326.155842
326.178023
326.178188
326.178785
326.188889
326.224356
326.289907
326.312992
326.340109
326.352211
326.360594
326.369764
326.410752
326.415769
326.459438
326.498613
326.506994
326.554725
326.569324
326.615242
326.618889
326.666552
326.677693
326.688636
326.691692
326.702057
326.706233
326.724731
326.728149
326.733272
326.742181
326.75195
326.756041
326.781195
326.809835
326.848936
326.861753
326.884661
326.889872
326.892828
326.911963
326.915165
326.920804
326.974923
326.984943
327.001382
327.01832
327.028617
327.02887
327.047028
327.05153
327.087057
327.094139
327.106628
327.117414
327.120012
327.149814
327.190611
327.207205
327.253982
327.255544
327.257969
327.2727
327.275936
327.350897
327.360584
327.402767
327.404945
327.414202
327.422032
327.431142
327.460575
327.476134
327.477203
327.500669
327.531504
327.53503
327.553278
327.557081
327.579472
327.586033
327.626082
327.629644
327.648502
327.64959
327.650819
327.692432
327.713378
327.727901
327.754597
327.756569
327.761649
327.782334
327.810734
327.868297
327.877829
327.892206
327.911571
327.923687
327.938951
328.005491
328.007868
328.009643
328.023303
328.047673
328.047715
328.082169
328.094058
328.137421
328.183743
328.202087
328.20418
328.208366
328.219397
328.309169
328.321994
328.325705
328.335161
328.377544
328.384484
328.392362
328.421404
328.438459
328.492782
328.518313
328.523772
328.525955
328.555842
328.563201
328.57119
328.586833
328.597753
328.725947
328.739098
328.743865
328.758938
328.771097
328.772341
328.773743
328.783298
328.790477
328.790644
328.79224
328.794633
328.805345
328.813621
328.831584
328.904221
328.922962
328.961969
328.975606
328.986029
329.016435
329.02029
329.049524
329.059277
329.075971
329.08001
329.092809
329.117987
329.161029
329.202105
329.205663
329.229507
329.245827
329.254683
329.325818
329.330787
329.354617
329.372754
329.374464
329.402452
329.421517
329.430368
329.43788
329.446954
329.451915
329.46459
329.46628
329.480192
329.492605
329.507607
329.509735
329.535244
329.547024
329.556208
329.574633
329.578111
329.58545
329.590851
329.605729
329.753954
329.7905
329.822094
329.843378
329.868337
329.872462
329.918463
329.922131
329.932752
329.982376
329.994592
329.998271
330.001261
330.008338
330.013587
330.033178
330.078685
330.083831
330.110812
330.121328
330.132314
330.136927
330.137302
330.1491
330.170647
330.172063
330.17909
330.185123
330.190544
330.201322
330.221857
330.249467
330.295461
330.316995
330.339386
330.345167
330.374512
330.397469
330.402833
330.409095
330.414437
330.416566
330.418082
330.454909
330.473166
330.488771
330.498433
330.529765
330.539616
330.542751
330.5607
330.561216
330.604618
330.615114
330.663773
330.665839
330.710178
330.714266
330.817354
330.830924
330.870696
330.888158
330.894017
330.939631
331.025533
331.043473
331.065836
331.072374
331.089471
331.099187
331.124452
331.137621
331.146119
331.148145
331.195201
331.232603
331.273362
331.379037
331.391807
331.41504
331.435148
331.444528
331.459762
331.467358
331.527956
331.563103
331.572951
331.637191
331.638151
331.652976
331.654776
331.658153
331.658286
331.658401
331.695106
331.741052
331.747225
331.75255
331.776748
331.780589
331.805709
331.810138
331.872494
331.909157
331.910546
331.981195
331.994717
332.009333
332.065894
332.083857
332.124553
332.178407
332.190166
332.28015
332.281836
332.356039
332.390769
332.405569
332.432781
332.446615
332.454053
332.460244
332.464069
332.496989
332.597801
332.610392
332.641148
332.649024
332.649922
332.654538
332.674378
332.680893
332.796419
332.818003
332.840337
332.857851
332.86709
332.874572
332.885363
332.944009
332.97848
332.983545
332.986108
332.989935
333.011861
333.051987
333.069323
333.171265
333.204025
333.206826
333.273532
333.468603
333.469825
333.480006
333.48627
333.496866
333.501552
333.523499
333.53179
333.551788
333.587507
333.618677
333.739397
333.769237
333.81401
333.855374
333.856329
333.870712
333.885295
333.894834
333.987791
334.036761
334.040139
334.113992
334.124552
334.214172
334.270508
334.341723
334.349197
334.353247
334.371781
334.381927
334.424838
334.459506
334.536289
334.543999
334.560148
334.570892
334.595472
334.636165
334.645796
334.67898
334.729352
334.744084
334.825919
334.827829
334.845301
334.850586
334.905805
334.92827
335.029499
335.038852
335.118318
335.204217
335.213039
335.238844
335.359014
335.397996
335.439923
335.468337
335.555887
335.632546
335.68571
335.804344
335.820753
335.831074
335.83399
335.834034
335.846904
335.856962
335.962873
336.02208
336.067095
336.105809
336.112497
336.173823
336.237142
336.300224
336.321006
336.330766
336.413375
336.514513
336.63394
336.647348
336.689838
336.69379
336.800857
336.810805
336.826042
336.832048
336.834728
336.960815
337.076254
337.11948
337.163777
337.203001
337.203566
337.203958
337.219594
337.320643
337.605454
337.606034
337.608324
337.646815
337.67182
337.701749
337.706467
337.870841
337.918004
337.925895
338.049875
338.090618
338.379547
338.510414
338.567706
338.79979
338.876253
339.018695
339.083246
339.31881
339.560125
339.612679
339.686324
339.768729
339.773876
339.935843
339.971378
340.038292
340.082098
340.119377
340.154394
340.273364
340.302493
340.356433
340.356819
340.549795
340.599267
340.633241
340.67055
340.672883
340.833959
340.863105
340.913529
341.060773
341.078184
341.174883
341.218928
341.253685
341.315029
341.328128
341.512832
341.790808
341.82813
341.883757
342.032173
342.05597
342.446883
342.824101
342.84075
342.990617
343.39703
343.541894
343.5626
343.771888
343.888473
344.036833
344.419044
345.359577
345.545195
345.551497
345.876016
345.939562
345.994224
346.519977
346.548205
346.704838
346.961655
346.973352
346.991737
347.090146
347.1282
347.446662
347.460413
347.476171
347.763884
347.876597
347.967671
347.982787
348.015673
348.056324
348.293873
348.449634
348.648259
348.710894
348.885573
349.13868
349.320845
349.567129
349.660082
349.810649
349.858186
349.879328
350.100383
350.129114
350.155607
350.173742
350.260211
350.743393
350.861672
351.180608
351.257949
351.791466
351.932823
351.960993
352.04311
352.201708
352.649875
352.654069
352.773129
352.958588
353.570058
353.913752
353.915041
354.532919
354.987582
355.303254
355.967381
357.092721
357.144805
357.316291
357.98934
358.005403
359.390872
359.83357
360.291372
360.371779
360.441061
362.209265
362.445098
362.52447
362.909638
362.922612
363.04789
363.527249
364.245261
365.077553
366.204285
367.546685
368.253833
368.624235
368.731683
369.721629
371.012818
371.076181
371.486579
377.582784
390.499915
392.930821
394.9251
400.48014
401.157122
409.437296
423.394338
424.516546
431.447578
435.022319
439.017984
442.92564
446.860735
454.965624
461.016722
461.121292
463.128351
467.761264
471.792
474.136144
492.521785
493.68397
496.114461
497.558726
506.644425
511.359269
513.352125
519.697105
540.761519
614.74779
615.485032
637.824608
639.79111
677.717253
694.917368
707.393928
843.181928
