1.490152
1.498766
1.630611
7.305409
7.438697
7.598353
7.798765
7.89801
8.086477
8.258902
8.379871
8.586554
8.650897
8.895669
8.984242
9.000515
9.429051
9.488848
9.539897
9.692383
9.721048
9.776534
9.792206
9.825705
9.884748
9.955236
10.081277
10.093618
10.105873
10.222488
10.275923
10.562398
10.683433
10.745647
10.91657
11.016296
11.228904
11.522778
11.665195
11.673844
11.945141
11.987503
12.34167
12.355363
12.376958
12.505938
12.539932
12.578226
12.597336
12.669154
12.709408
12.713907
12.770246
12.802448
12.943907
13.035299
13.087559
13.137857
13.163498
13.213777
13.252885
13.299201
13.299952
13.492127
13.496784
13.635406
13.65096
13.761088
13.780138
13.905875
14.002164
14.009128
14.027765
14.046729
14.140605
14.239985
14.41512
14.460576
14.539607
14.579306
14.704435
14.733889
14.749409
14.89407
14.924011
15.323009
15.367296
15.404923
15.503393
15.635795
15.703066
15.754649
15.947401
16.002132
16.006546
16.19001
16.190034
16.311498
16.452444
16.486756
16.600127
16.647634
16.726377
16.732629
16.880826
17.060503
17.136235
17.271162
17.278322
17.283926
17.325271
17.465085
17.48058
17.842783
17.863166
17.962325
18.549852
18.679809
18.682417
19.075818
19.170988
19.417048
19.530679
19.544852
20.127415
20.131113
20.134419
20.438519
20.542141
20.571192
20.597573
20.794603
20.802085
21.169563
21.442286
21.47583
21.604588
21.714948
21.842694
21.997577
22.020691
22.614313
22.829221
22.842323
23.439152
23.880337
23.893744
24.214619
24.220535
24.93185
25.419547
26.024643
26.414999
26.807721
26.914319
27.052947
27.249056
28.568082
28.968081
29.599651
30.560712
30.953065
32.274648
32.53237
32.849068
32.871093
33.085857
33.42787
33.59604
34.460677
34.638022
34.752343
35.127847
35.491033
35.67215
35.738562
36.310894
36.536367
36.657953
37.972887
38.265528
39.905984
40.51339
40.611308
41.169889
41.71244
42.313697
42.822586
42.823078
43.927077
44.110572
46.041879
46.665642
52.320706
55.187756
61.996725
64.32041
66.765321
72.462532
76.294254
76.794125
80.395923
85.875057
86.312273
90.228022
102.35643
103.900739
111.157129
112.016821
113.844423
114.812598
114.996208
115.342538
116.142262
116.98369
118.192476
118.426198
118.935291
119.857207
120.210897
121.290406
121.61212
122.300295
122.95537
123.305203
123.512423
123.534534
124.167773
124.186502
124.317854
124.894664
125.296874
125.640216
125.742119
125.749201
125.923273
126.027468
126.139626
126.229378
126.308652
126.483619
126.508252
126.710801
126.729464
127.083698
127.152431
127.172439
127.379156
127.407336
127.515492
127.736132
127.803461
127.874363
127.885342
127.912183
128.379936
128.407393
128.439211
128.65281
128.877276
129.228856
129.297064
129.307997
129.40408
129.544687
129.657308
129.667188
129.748504
129.824549
129.895226
129.900014
129.986269
129.987126
130.411533
130.462759
130.495505
130.740302
130.83075
130.995149
131.232747
131.484694
131.490253
131.757745
131.773238
131.86521
131.944053
132.095392
132.693828
132.823717
132.887924
133.101713
133.399678
133.528153
133.628957
133.916164
134.078072
134.23779
134.56851
134.638768
135.162157
135.264997
136.839066
137.337621
138.456
138.605445
138.664528
139.045512
139.581887
141.452156
141.883306
141.90867
141.919347
143.046352
143.689982
143.712383
144.265334
144.272804
144.664867
146.100587
146.269417
146.42209
146.63597
146.937036
147.324503
147.329382
147.416384
147.951349
148.262497
148.857967
148.908435
148.941624
149.25877
149.263575
149.555156
149.755998
149.822952
149.983168
150.108709
150.180062
150.335719
150.37534
150.576298
150.629189
150.808789
151.524433
151.790971
152.6356
153.373186
153.717553
154.061081
154.959379
155.108573
155.716942
155.717913
156.033496
156.064962
156.729356
156.775612
156.833898
157.947366
158.023544
158.040734
158.125137
158.356264
158.368078
158.97426
158.977186
159.935498
160.430529
161.545078
161.822311
163.827859
164.857668
164.874993
165.192286
165.569452
167.929973
168.741836
168.780153
169.821271
171.422325
172.619095
174.002781
174.69388
174.943643
175.12987
175.746484
175.748848
175.753731
177.010991
177.181869
177.471965
178.334255
179.015611
179.711276
179.817719
179.860098
180.451099
180.458015
180.982214
181.167724
181.567862
182.216231
183.11424
184.67263
184.729647
185.096901
185.730407
186.891308
188.574293
188.981376
189.436062
190.708255
190.944692
191.695586
192.683162
193.887086
199.538545
203.893972
204.080629
204.647931
208.340857
209.474616
211.090325
211.38719
213.078265
213.708395
214.713146
215.896935
215.911446
215.923717
217.054898
217.278771
217.890317
217.899401
218.069129
218.319695
218.576484
218.58177
218.937447
219.175161
219.499081
219.499554
219.666051
220.003572
220.587321
220.851433
221.012035
221.079795
221.507939
221.534646
221.915952
222.979093
223.437254
223.52142
224.328247
225.149847
225.207593
225.482647
226.135416
226.368594
226.397953
226.651507
226.994624
227.004057
227.112221
227.299894
227.795296
228.082149
228.375774
228.440249
228.470528
229.77567
229.878395
231.293977
231.76656
232.029852
232.570294
233.631205
233.682694
233.963814
234.707614
234.7403
235.251404
236.157482
236.474276
236.823288
237.352316
237.884887
238.032679
238.191873
238.351309
238.597651
238.808514
238.833337
238.928171
239.177998
240.100927
240.136154
240.229373
240.528777
240.633173
240.637389
242.349211
243.903078
245.023074
245.271224
245.306602
245.505702
245.834627
246.057231
246.515365
246.862019
246.93374
248.019928
250.015936
250.405608
250.528077
251.362385
251.595328
251.806717
252.563063
252.901029
253.007277
254.209864
254.554713
254.845009
255.313188
255.440204
255.737388
257.196494
257.244664
257.809668
259.053721
259.198571
259.287227
259.985911
260.865822
262.655307
263.22718
264.752193
265.328418
265.682018
267.562502
267.709331
267.999295
269.16514
269.293194
269.47715
269.93698
270.519517
271.857189
273.051241
274.413987
275.390025
277.607143
279.434647
280.966057
284.702975
288.317605
293.551256
296.609061
297.61834
298.480195
298.927972
299.631933
299.642952
299.664556
303.061637
304.503904
304.684702
305.714062
312.520028
313.808234
320.150376
320.28714
321.957797
322.131706
322.19288
322.413823
323.798758
325.111063
325.144097
325.447262
326.324522
328.847229
329.110285
329.746084
330.35912
330.396919
331.447175
331.502045
331.745896
332.075212
332.158689
333.347494
333.839136
334.222984
335.180306
335.29894
336.437074
338.352333
339.893632
340.881206
342.218326
342.488901
342.58327
343.801112
345.036728
347.838579
348.87674
350.002846
354.61359
363.114148
363.906306
363.975242
365.47392
366.196765
374.004835
381.461802
393.146042
431.164578
474.986727
477.101222
507.434113
629.726448
724.699875
2554.898982
7859.199601
10802.074201
