1087.874274
1088.39587
1095.675444
1096.43945
1097.811214
1099.564252
1100.80127
1104.991279
1105.144548
1105.897658
1106.241056
1108.337868
1109.669934
1110.554124
1111.743955
1112.491983
1116.659575
1119.828306
1122.825766
1123.883893
1127.333186
1127.435458
1127.781752
1128.664434
1133.142277
1134.189396
1134.372003
1137.324117
1139.276452
1142.381726
1143.240866
1145.187133
1147.74216
1148.062932
1148.409246
1149.486443
1150.832187
1151.644361
1152.757757
1152.860236
1156.445634
1156.78002
1157.21312
1160.410685
1162.932516
1165.144848
1165.626361
1165.989561
1167.224807
1167.251493
1168.767208
1171.408784
1173.425899
1173.942742
1174.159772
1174.504045
1177.66352
1178.767245
1179.780678
1183.279526
1183.68112
1184.185157
1184.906663
1185.629131
1190.404311
1192.336735
1192.696943
1193.620883
1194.716519
1195.143152
1196.713483
1199.796778
1201.703559
1201.76681
1203.162877
1203.350656
1205.413679
1209.001538
1211.351371
1218.054464
1220.850789
1229.997916
1234.331148
1235.519785
1238.028867
1243.724869
1246.196832
1247.926532
1248.280966
1252.757717
1253.627276
1253.974412
1256.837078
1269.835015
1271.231694
1272.612258
1277.10385
1278.42564
1280.800189
1306.379983
1308.004627
1331.69767
1335.364349
1338.199961
1380.521291
1405.162327
1496.265017
1566.474432
1614.795206
1784.41098
1801.830092
1802.3141
1807.958023
1808.885069
1809.806426
1810.357528
1811.112151
1812.047806
1814.588192
1815.722062
1816.840765
1817.405418
1817.971522
1820.221912
1822.980196
1823.857903
1824.904792
1825.050406
1828.833542
1830.018186
1832.006771
1832.147002
1833.432395
1833.568369
1833.671203
1836.563007
1836.898953
1838.179587
1838.422033
1838.993606
1839.382292
1839.402705
1840.06179
1840.405971
1842.176606
1842.410964
1843.04887
1843.818588
1844.559818
1845.636716
1845.659023
1845.666627
1846.242468
1847.408336
1847.758637
1848.045534
1848.273215
1848.288691
1848.340868
1848.653886
1849.157987
1849.784237
1849.983221
1850.095305
1852.243277
1852.293627
1852.482056
1852.791832
1853.037839
1853.699692
1853.758306
1853.902715
1854.154854
1854.44238
1854.495799
1854.784029
1855.122598
1855.670157
1855.782089
1855.784992
1856.065903
1856.512051
1856.972682
1857.041217
1857.290444
1857.377033
1857.485674
1857.914263
1858.041969
1858.29471
1858.585669
1858.955961
1859.218437
1859.244232
1859.525964
1860.051503
1860.486516
1860.676653
1860.961961
1861.317752
1861.462754
1861.657532
1861.876024
1862.511459
1862.856053
1862.919837
1863.244538
1863.390959
1863.58814
1863.857426
1864.30408
1864.422364
1864.825167
1864.938736
1865.906636
1865.918203
1866.036334
1866.346119
1866.48615
1866.713264
1866.752591
1866.769778
1867.096292
1867.227112
1867.413067
1867.436944
1867.768755
1867.96049
1869.59119
1869.761381
1869.761698
1869.815473
1869.987904
1870.667743
1870.684395
1870.892879
1870.96821
1871.929299
1872.273806
1872.364184
1872.427593
1872.585858
1872.923378
1873.064881
1873.110223
1873.539226
1873.586383
1873.905359
1874.063586
1874.485596
1874.527067
1874.697516
1874.93424
1875.254698
1875.880534
1876.306918
1876.534812
1876.622882
1876.942931
1877.015044
1877.3023
1877.630401
1877.63256
1877.663533
1877.720803
1878.012446
1878.150549
1878.538632
1878.778475
1878.789315
1879.06708
1879.303739
1879.476025
1879.557579
1879.889999
1880.042243
1880.169064
1880.425535
1880.442602
1880.648222
1880.702466
1880.935515
1880.964527
1881.041678
1881.064321
1881.09119
1881.399033
1881.589265
1881.902127
1882.736433
1883.562519
1883.615801
1883.946046
1884.143943
1884.144312
1884.160233
1884.275459
1884.308497
1884.364817
1884.493145
1884.628901
1884.743071
1884.79482
1884.80854
1884.922235
1885.500729
1885.902583
1886.150376
1886.439581
1886.528059
1886.605719
1886.718634
1886.974091
1887.072677
1887.150912
1887.492886
1887.496373
1887.54516
1887.621891
1887.987962
1888.023123
1888.176013
1888.357565
1888.387469
1888.454152
1888.868331
1888.872811
1889.047109
1889.310464
1889.353066
1889.403996
1889.745043
1889.947736
1889.99907
1890.112123
1890.251735
1890.543204
1890.572347
1890.779874
1891.113478
1891.160891
1891.460037
1891.468439
1891.626523
1891.947129
1892.145911
1892.275225
1892.291036
1892.296497
1892.62903
1892.723431
1892.726913
1892.785947
1892.787109
1893.188682
1893.484266
1893.502377
1893.805128
1894.260073
1894.33993
1894.644532
1894.679733
1894.754244
1894.887866
1894.989178
1895.061978
1895.661068
1895.669914
1895.692952
1895.831098
1896.051907
1896.103607
1896.288164
1896.320771
1896.41835
1896.487893
1896.520738
1896.676281
1896.760738
1896.784441
1896.831147
1896.85296
1897.080243
1897.463221
1897.611598
1897.673377
1897.877544
1897.92416
1897.926632
1898.120345
1898.157134
1898.274099
1898.296151
1899.196548
1899.252867
1899.554814
1899.617226
1899.624476
1899.638026
1900.253387
1900.547248
1900.658881
1900.79363
1901.043268
1901.318906
1901.406856
1901.452427
1901.796934
1901.910611
1901.940021
1901.955753
1901.991452
1902.579463
1902.66447
1902.90625
1902.973405
1902.999471
1903.49802
1903.879094
1904.056043
1904.498139
1904.591351
1904.966347
1905.097609
1905.106018
1905.191473
1905.478522
1905.545675
1905.575778
1905.673946
1905.794253
1905.885067
1906.047723
1906.314342
1906.3358
1906.386954
1906.569917
1906.639362
1906.650151
1906.919109
1907.151839
1907.202648
1907.315123
1907.36394
1907.367733
1907.438838
1907.490043
1907.720335
1907.88899
1907.893761
1908.04358
1908.266001
1908.400108
1908.764333
1909.058528
1909.277529
1909.402601
1909.420754
1909.68746
1909.785186
1910.122363
1910.692485
1910.713959
1911.14625
1911.207182
1911.420288
1911.641633
1912.140455
1912.154617
1912.480959
1912.752309
1913.078944
1913.29087
1913.527208
1913.535244
1913.620777
1913.630468
1913.646321
1913.732079
1914.079434
1914.119277
1914.399989
1915.264614
1915.344286
1915.424536
1915.45917
1915.62005
1915.72964
1915.789434
1915.93502
1916.12512
1916.134279
1916.154504
1916.170796
1916.265047
1916.457184
1916.506624
1916.580419
1916.71136
1916.921069
1916.967359
1917.149291
1917.3599
1917.386441
1917.681629
1917.691678
1918.107077
1918.164074
1918.202756
1918.211366
1918.594729
1918.650238
1918.654281
1918.77723
1919.272076
1919.284296
1919.378869
1919.695526
1919.793256
1919.801444
1919.801918
1919.835283
1920.044043
1920.180227
1920.207933
1920.232024
1920.336011
1920.497408
1920.652047
1920.931615
1921.133843
1921.157656
1921.172283
1921.240407
1921.414901
1921.917076
1921.959626
1922.245819
1922.484278
1922.499401
1922.550383
1922.557385
1922.843397
1922.871662
1922.920219
1922.96877
1923.162805
1923.261266
1923.380074
1923.574021
1923.654471
1923.664787
1923.711727
1923.741895
1923.931379
1924.074801
1924.497335
1924.554925
1924.680084
1925.007931
1925.1627
1925.301432
1925.323074
1925.662953
1925.859842
1925.939207
1926.196533
1926.814352
1927.468983
1927.501458
1927.538184
1927.879032
1927.90048
1928.454598
1928.816548
1929.464122
1929.47475
1929.489398
1929.907648
1930.03064
1930.108289
1930.145324
1930.344729
1930.426274
1930.495654
1930.617502
1930.621205
1930.830796
1930.960777
1931.094062
1931.426155
1931.502239
1931.521235
1931.535256
1931.698096
1931.709056
1931.768041
1931.823015
1931.839291
1931.96981
1932.299522
1932.798371
1932.818769
1932.883947
1932.906522
1933.07402
1933.242898
1933.776007
1933.955493
1934.085848
1934.241845
1934.485922
1934.826326
1934.874944
1934.9445
1935.010091
1935.038807
1935.155531
1935.485498
1935.538069
1935.645293
1935.74283
1935.926557
1936.455397
1936.455934
1936.545119
1936.596051
1936.88997
1936.90854
1937.084413
1937.153428
1937.314081
1937.627259
1937.739646
1938.029139
1938.038557
1938.143644
1938.444893
1938.544178
1938.734083
1938.76044
1938.7786
1938.830522
1938.843928
1939.014379
1939.479972
1939.603541
1939.689704
1939.826013
1939.826059
1939.847829
1940.147211
1940.204255
1940.425242
1941.083984
1941.091118
1941.181487
1941.256924
1941.266418
1941.417345
1941.568034
1941.570495
1941.62029
1941.870772
1941.871439
1942.28623
1942.403572
1942.530177
1942.69952
1942.717574
1942.742757
1942.758676
1942.841994
1942.966114
1942.984158
1943.037912
1943.177275
1943.328646
1943.412216
1943.48388
1943.591117
1943.645251
1943.712159
1943.840013
1943.902382
1943.945549
1943.985475
1944.324581
1944.646722
1944.811726
1945.00067
1945.159467
1945.31017
1945.408065
1945.46047
1945.551764
1945.58973
1945.630683
1945.891164
1946.113293
1946.151161
1946.160435
1946.283401
1947.060316
1947.330206
1947.408628
1947.49797
1947.661513
1947.726248
1948.397073
1948.522246
1948.556133
1948.618885
1948.691717
1948.736283
1948.854224
1949.160202
1949.468651
1949.470442
1949.697531
1949.845229
1950.181922
1950.185718
1950.451605
1950.553231
1950.673133
1950.820043
1950.861402
1950.874904
1951.004534
1951.414864
1951.512441
1951.770127
1952.0008
1952.064522
1952.218167
1952.306491
1952.357044
1952.382949
1952.755212
1952.881856
1952.964948
1953.153055
1953.407248
1953.556377
1953.650432
1953.688318
1953.758786
1953.942658
1953.971667
1954.017852
1954.131786
1954.156047
1954.271649
1954.419175
1954.591126
1954.639726
1954.666748
1954.749403
1954.820474
1954.979577
1954.983662
1955.596042
1955.89555
1955.913582
1956.054466
1956.149251
1956.200882
1956.449745
1956.804063
1956.828262
1956.95095
1957.059704
1957.113274
1957.286236
1958.544165
1958.56372
1958.776999
1958.970921
1959.190328
1959.292292
1959.438097
1959.439776
1959.470534
1959.843287
1959.986842
1960.101018
1960.174418
1960.198171
1960.331425
1960.41075
1960.412759
1960.434843
1960.462756
1960.501871
1960.932502
1961.144726
1961.423834
1961.431107
1961.489298
1961.962678
1962.105598
1962.207627
1962.220843
1962.459795
1962.708329
1962.746167
1963.084419
1963.103133
1963.104178
1963.174737
1963.340348
1963.398455
1963.533773
1963.695554
1963.742295
1963.817385
1963.866214
1964.084698
1964.098435
1964.196325
1964.717424
1964.759027
1964.798294
1964.804645
1965.05474
1965.135239
1965.273327
1965.505348
1965.678424
1965.692904
1965.759506
1965.86294
1965.884468
1966.025797
1966.122804
1966.395603
1966.420125
1966.49813
1966.990747
1967.171243
1967.240967
1967.247128
1967.426684
1967.503445
1967.506175
1967.888606
1967.949052
1968.204379
1968.256124
1968.438021
1968.505347
1968.562752
1968.809056
1968.88367
1969.552344
1969.605196
1969.859027
1969.990542
1970.315472
1970.34587
1970.574817
1970.5878
1970.666359
1970.833222
1971.088537
1971.129415
1971.237368
1971.277646
1971.308548
1971.419341
1971.435294
1971.480467
1971.493534
1971.534616
1971.632683
1971.706951
1971.965729
1972.065175
1972.195925
1972.297293
1972.400442
1972.418073
1972.601225
1972.682308
1972.685032
1972.902159
1973.244129
1973.285506
1973.577623
1973.656994
1973.660187
1974.022907
1974.198243
1974.565199
1975.022495
1975.097485
1975.55909
1975.574744
1976.22998
1976.39497
1976.955886
1977.334251
1977.629864
1977.7075
1977.848611
1977.874934
1977.875254
1978.311386
1978.390604
1978.539419
1978.872392
1978.922256
1978.995399
1979.072268
1979.166649
1979.193388
1979.232344
1979.455925
1979.478348
1979.695274
1979.724504
1980.008788
1980.069016
1980.164387
1980.341199
1980.345825
1980.533937
1980.808735
1980.872352
1980.883421
1981.053751
1981.169429
1981.22665
1981.302706
1981.524357
1981.530091
1981.566631
1981.919547
1981.920186
1981.937749
1981.969586
1982.337289
1982.389641
1982.53667
1982.638064
1982.732281
1982.749957
1982.754813
1982.999679
1983.051633
1983.073573
1983.107484
1983.12833
1983.34215
1983.467467
1983.526918
1983.589713
1983.635219
1983.67475
1984.023383
1984.035613
1984.198163
1984.537939
1984.611642
1984.963624
1984.990044
1985.241379
1985.332329
1985.386677
1985.413392
1985.510174
1986.067959
1986.247127
1986.351854
1986.376398
1986.585414
1986.641216
1986.921023
1986.945268
1987.050683
1987.248055
1987.373735
1987.424381
1987.612505
1987.87826
1988.027258
1988.033691
1988.099598
1988.291318
1988.373139
1988.467676
1988.505672
1988.636845
1989.018818
1989.180645
1989.373835
1989.480381
1989.538373
1989.573874
1990.085582
1990.440079
1990.526506
1990.586413
1990.817899
1990.915586
1991.274693
1991.335564
1991.501568
1991.528393
1991.614519
1992.031213
1992.457539
1992.62433
1992.641259
1993.11021
1993.126211
1993.279606
1993.351198
1993.802456
1993.871634
1993.985037
1994.001832
1994.272881
1994.369304
1995.146372
1995.254818
1995.376196
1995.418616
1995.423761
1995.653787
1996.065495
1996.083892
1996.237448
1996.321823
1996.66014
1996.6792
1996.705589
1997.018822
1997.048959
1997.239328
1997.311957
1997.348784
1997.466857
1997.85499
1998.008879
1998.049576
1998.295393
1998.304095
1998.981453
1999.193257
1999.722435
1999.868908
2000.129037
2000.556978
2000.577098
2000.663012
2000.715565
2000.85322
2001.117899
2001.492709
2001.561106
2002.02402
2002.234552
2002.614968
2002.649407
2002.726817
2002.914516
2003.033711
2003.053252
2003.057388
2003.395885
2003.428143
2003.820999
2004.159569
2004.201263
2004.212768
2004.588143
2004.745129
2004.768789
2004.895498
2005.008861
2005.121704
2005.261678
2005.333231
2006.053324
2006.243543
2006.297741
2006.773049
2007.138295
2007.213246
2007.305146
2007.494667
2007.585643
2007.644468
2007.875856
2008.472992
2008.645988
2009.085554
2009.155675
2009.230464
2009.288406
2009.466879
2009.966495
2010.098707
2010.138788
2010.840965
2010.851809
2011.273438
2011.330765
2011.495776
2011.986301
2012.042986
2012.054138
2012.153095
2012.242007
2012.638248
2012.728722
2012.732582
2012.841492
2013.145883
2013.152004
2014.201279
2014.321804
2014.481942
2014.623869
2014.704288
2014.816435
2014.949483
2014.992292
2015.143098
2015.389338
2015.478716
2015.528744
2016.188663
2016.291915
2016.483647
2016.791971
2016.883137
2016.883172
2016.937719
2017.326027
2017.56364
2018.135519
2018.480761
2018.526875
2018.529121
2018.737197
2018.839311
2018.977741
2019.09874
2019.314
2019.352758
2019.510571
2019.590968
2019.696214
2019.728546
2019.813493
2020.482934
2020.572472
2020.818908
2020.85535
2020.856973
2021.357251
2021.377797
2021.391793
2021.435446
2021.621664
2022.326054
2022.482573
2022.577011
2022.616217
2022.768297
2022.786453
2022.948469
2023.122698
2023.314416
2023.332673
2023.355603
2023.492
2023.52193
2023.578426
2023.738261
2023.787064
2023.818527
2023.973289
2024.25509
2024.589094
2024.591923
2024.87961
2025.152151
2025.275195
2025.290151
2025.329097
2025.350709
2025.569688
2025.914084
2026.457901
2026.478946
2027.243779
2027.679264
2027.917747
2028.133715
2028.37215
2028.421766
2028.863217
2028.944438
2029.270402
2029.826713
2029.991439
2030.201114
2030.422994
2030.577736
2030.774736
2030.912902
2031.607466
2031.892559
2032.027069
2032.048836
2032.79254
2032.922535
2033.252697
2034.318894
2034.325781
2034.540025
2034.760589
2034.81755
2034.86546
2034.865837
2034.922068
2034.993226
2035.00062
2035.083625
2035.178468
2035.558137
2035.707108
2035.991416
2036.202281
2036.213015
2036.559271
2036.594579
2037.32158
2037.329162
2037.433081
2037.807787
2038.047512
2038.238641
2038.79343
2038.831146
2039.227488
2039.336321
2039.525433
2039.634782
2039.758091
2039.763103
2039.913622
2040.090959
2040.36736
2040.638571
2041.050038
2041.231052
2041.257346
2041.272769
2041.396349
2041.519504
2041.703082
2041.809905
2042.018153
2042.052549
2042.241039
2042.339242
2042.49232
2042.769074
2042.784048
2043.324677
2043.468099
2043.531307
2044.081182
2044.497769
2044.580641
2044.745154
2044.773704
2045.09538
2045.723969
2046.00444
2046.35122
2046.895696
2047.031716
2047.288275
2047.312088
2047.53223
2047.670618
2048.266337
2048.310857
2048.40237
2048.53255
2048.96788
2049.111105
2049.206827
2049.248537
2049.666701
2049.762815
2050.273665
2050.482919
2050.862349
2050.91767
2051.059685
2051.095645
2051.224944
2051.395191
2051.640794
2051.774663
2052.210116
2052.334075
2052.612258
2052.785842
2053.661826
2054.07317
2054.254686
2056.019024
2056.296595
2056.397568
2056.551292
2056.916207
2056.924427
2057.18859
2058.279615
2058.357856
2058.486189
2059.8916
2060.185797
2060.849122
2061.461527
2061.715721
2062.124589
2062.184692
2062.682172
2062.973735
2063.124679
2063.170234
2063.416954
2063.554985
2063.845858
2064.034182
2064.40286
2064.663239
2064.678044
2065.324896
2065.329686
2065.419805
2065.565507
2065.788262
2065.949238
2066.067631
2066.584807
2066.832885
2068.151292
2069.125243
2069.338415
2069.365403
2069.746008
2070.239487
2070.799416
2070.9828
2071.423967
2071.945878
2072.386158
2072.38696
2073.074206
2073.197941
2073.255657
2073.73635
2073.744795
2073.84812
2074.47859
2074.815153
2075.363874
2075.657422
2075.960393
2076.356925
2077.081175
2077.246594
2077.394501
2077.592743
2078.177199
2078.502536
2078.661852
2079.694744
2080.543667
2080.770861
2080.825164
2081.020047
2081.226671
2081.286709
2081.484272
2081.486977
2081.739376
2081.867671
2082.161905
2082.544761
2082.585418
2082.729691
2083.123435
2083.786478
2083.80875
2083.951423
2084.391091
2084.392553
2084.543171
2084.66211
2084.775075
2084.947953
2085.464907
2085.545909
2085.950701
2086.977251
2087.110911
2087.747041
2087.867894
2087.954822
2088.057029
2088.16297
2089.036555
2089.938267
2090.101408
2090.10809
2090.925828
2091.143103
2091.688919
2091.916348
2092.020285
2092.275682
2092.672517
2092.705389
2092.76675
2092.808194
2093.046841
2093.147624
2093.283596
2094.415964
2094.693859
2095.178539
2095.402329
2095.738062
2095.787568
2096.143355
2096.694005
2096.891836
2097.187868
2097.401215
2097.594641
2098.468273
2098.52531
2098.625655
2098.939258
2099.408045
2099.929466
2099.97993
2100.805341
2100.982912
2101.243258
2101.315683
2101.663081
2102.094176
2102.255822
2102.382318
2102.586572
2103.189413
2103.800088
2104.394803
2104.552025
2104.618083
2104.731922
2105.322431
2105.409193
2105.717523
2106.299651
2106.322661
2106.358738
2106.572264
2106.698383
2107.090197
2107.096035
2107.151537
2107.863647
2108.176744
2108.313096
2108.464736
2108.644034
2109.079252
2109.718013
2110.010715
2110.264606
2110.887954
2111.617065
2111.648934
2111.660191
2112.103169
2112.332455
2112.450757
2113.51578
2113.884876
2114.083538
2114.246002
2114.266484
2114.518495
2114.655483
2114.758882
2116.613194
2116.768732
2116.864385
2117.19825
2117.221566
2117.721711
2118.454084
2118.900513
2119.22027
2119.259096
2119.739515
2120.397523
2121.045508
2121.275198
2122.423838
2122.861853
2123.055262
2123.139292
2125.372663
2125.95206
2126.260628
2126.489434
2126.52634
2127.325948
2127.632492
2128.279441
2129.078499
2129.184964
2129.519635
2129.834817
2131.203759
2131.569546
2131.916423
2132.835607
2133.020935
2133.501083
2134.493376
2136.608568
2136.99725
2137.354223
2139.101384
2139.120351
2139.153564
2139.580947
2140.571283
2141.119823
2141.187167
2141.931757
2141.940566
2142.163842
2142.203305
2142.669478
2142.817326
2142.861847
2143.125312
2143.140819
2143.683299
2143.837734
2144.639196
2146.619366
2146.877613
2147.085879
2147.866913
2148.304759
2148.45842
2148.542813
2148.82954
2149.799492
2149.954167
2150.201041
2150.801495
2150.955663
2151.169814
2151.264087
2151.479974
2151.926537
2151.954579
2152.641853
2154.05434
2155.037635
2155.162451
2157.364483
2157.815707
2158.091023
2158.673619
2159.433837
2159.60707
2159.733956
2160.379097
2160.571389
2160.84256
2161.137181
2161.435811
2161.548072
2162.558324
2162.57754
2162.912162
2163.091787
2163.435256
2163.511983
2163.551745
2163.578392
2164.092436
2164.131585
2164.424978
2164.810054
2165.830874
2165.933307
2165.938098
2166.254754
2167.546168
2167.871083
2167.89464
2168.532747
2169.034718
2169.317461
2170.729895
2170.875237
2172.194848
2172.255442
2172.299719
2172.683831
2173.067333
2173.084773
2173.106833
2173.280086
2174.077121
2175.222539
2175.484087
2175.798686
2176.013872
2176.28424
2176.983484
2177.400159
2177.587598
2178.772007
2178.900801
2179.472429
2179.613416
2179.759343
2179.88962
2181.670892
2182.009958
2184.32574
2184.922738
2185.76933
2185.782563
2187.16951
2187.537202
2188.79128
2188.988747
2189.37424
2189.415531
2190.189599
2191.165639
2191.467132
2191.47037
2191.501047
2192.293377
2192.494651
2192.498529
2192.707596
2193.054732
2193.17186
2193.32606
2193.464017
2193.724281
2194.093905
2194.650846
2194.859854
2194.972232
2195.045413
2195.504115
2195.799694
2196.323205
2196.458667
2196.883834
2197.609897
2198.212634
2198.918953
2200.051411
2200.267881
2201.038092
2201.111493
2201.392634
2201.450119
2201.495409
2201.786151
2202.449677
2202.840089
2203.703009
2204.488693
2204.795767
2205.853552
2207.864552
2208.265883
2211.099297
2211.678078
2212.13112
2214.964709
2215.000638
2215.302583
2215.951357
2216.708273
2217.018283
2217.235257
2217.328609
2217.948672
2218.816535
2219.231499
2220.836854
2221.601487
2221.614554
2222.393186
2222.656911
2223.62827
2223.719996
2223.726576
2224.021115
2224.147388
2224.633867
2224.855246
2225.275718
2228.27848
2228.811383
2230.560938
2230.659307
2231.021856
2231.827249
2233.123209
2235.462502
2237.627871
2238.030177
2238.261222
2238.262428
2239.233788
2242.32492
2243.112767
2243.390991
2243.543574
2243.777934
2243.823793
2247.570124
2249.848459
2251.309858
2252.000463
2252.587315
2254.945935
2255.15127
2255.601118
2256.08865
2256.506117
2256.519981
2256.585472
2256.805885
2257.135326
2258.100016
2258.14632
2261.897193
2262.315693
2266.708679
2268.193325
2269.635392
2270.532724
2271.120352
2272.35126
2273.43975
2274.145421
2279.283681
2279.397125
2279.397473
2282.08386
2283.681364
2287.47043
2289.99623
2296.141594
2298.650632
2300.486014
2304.396137
2306.259396
2306.825734
2308.162153
2310.601748
2312.683231
2314.495908
2314.897019
2315.876447
2317.332677
2322.893289
2323.413069
2325.535868
2326.09284
2327.36324
2329.243806
2332.515864
2333.362286
2333.679774
2334.1601
2334.689155
2339.338388
2343.393829
2347.157256
2348.160651
2350.107356
2350.847181
2351.498888
2351.979222
2352.377296
2353.212192
2353.934242
2361.625334
2364.471399
2364.887192
2364.945289
2369.693329
2374.465146
2374.966209
2377.737357
2379.374759
2380.941529
2389.559158
2393.274515
2403.944944
2415.919282
2420.715115
2425.133774
2433.688518
2434.245948
2439.24467
2442.746192
2518.178071
2519.255152
2557.067144
2603.678164
2718.993299
2759.03894
2764.5755
2779.239071
2779.891228
2786.501346
2789.208205
2789.209867
2794.1743
2801.770955
2802.470837
2802.640956
2804.621194
2806.858003
2806.870966
2809.642445
2810.460212
2810.909679
2814.347073
2815.528305
2816.641903
2817.805757
2818.817163
2819.200816
2822.930423
2822.943522
2823.324025
2825.282937
2825.778667
2828.278973
2831.108268
2833.113261
2834.467087
2834.961544
2834.963253
2835.069799
2836.775181
2836.828258
2838.532659
2839.998425
2841.151412
2841.339467
2843.352903
2843.387712
2843.412046
2843.614278
2845.954219
2848.26585
2848.662865
2848.687958
2848.707182
2848.99566
2849.949201
2850.358743
2850.975195
2852.385705
2852.795735
2853.227067
2853.58914
2853.989176
2854.392306
2855.289663
2855.774548
2856.48514
2857.128641
2858.350323
2859.047829
2859.22812
2860.235861
2860.340219
2861.383722
2862.459392
2863.801356
2864.401981
2864.414916
2864.457843
2864.756583
2865.37384
2865.610865
2865.648857
2867.531542
2868.124534
2868.23683
2869.402637
2871.022758
2871.568239
2871.879301
2872.635751
2873.019089
2873.101749
2873.575796
2873.578294
2873.667921
2874.131636
2874.745813
2875.134911
2875.166842
2876.731827
2876.997664
2877.05866
2877.217933
2877.387305
2877.623443
2879.190476
2879.500538
2879.785277
2880.224657
2880.289508
2880.879484
2880.913008
2881.020441
2882.031244
2882.623817
2882.767823
2883.091678
2883.485602
2885.075563
2885.744065
2886.374588
2886.423121
2886.477693
2886.586242
2886.693871
2887.177922
2887.37883
2889.170531
2889.486966
2889.82203
2889.960901
2890.395099
2890.470235
2890.63217
2890.716601
2893.502877
2893.633014
2893.667143
2894.401536
2895.051295
2895.791352
2896.088665
2896.285963
2896.940637
2897.208169
2897.751157
2897.920425
2897.986394
2898.119353
2898.246483
2898.658452
2899.116581
2899.782281
2900.245467
2902.152076
2902.483171
2902.855678
2903.551755
2903.758339
2905.173092
2906.336967
2906.663033
2907.004516
2907.07697
2907.535196
2908.070349
2908.088201
2908.569742
2908.732934
2909.101051
2909.207766
2909.214416
2909.260848
2909.268608
2910.080069
2910.292879
2910.489164
2910.684603
2911.398726
2911.784701
2911.901794
2912.327749
2912.546389
2912.618262
2913.284924
2913.34523
2913.452671
2913.962308
2914.450079
2914.571592
2915.569571
2915.653141
2915.926238
2916.127388
2916.164678
2916.879313
2917.044934
2917.346402
2917.359102
2918.138544
2919.015034
2919.30986
2919.357777
2920.140539
2920.157086
2921.027293
2921.234603
2921.327597
2921.559557
2921.71592
2921.789788
2922.718868
2922.739695
2923.027215
2923.127793
2923.880606
2924.408204
2924.773069
2925.552042
2925.706004
2925.770473
2926.079069
2927.319757
2927.34863
2927.619289
2928.678934
2929.447372
2929.979922
2930.100538
2930.641594
2930.902816
2931.057824
2931.525767
2931.901004
2932.046351
2932.395908
2932.9593
2933.419805
2936.964555
2937.458605
2938.600287
2938.730604
2939.118542
2940.288641
2941.671141
2941.715259
2941.975228
2942.609212
2942.774606
2942.885704
2943.41962
2943.695931
2944.550093
2944.739102
2945.677071
2946.128343
2946.39647
2946.572043
2946.584242
2947.196207
2948.164299
2948.915064
2950.28993
2950.308282
2952.185763
2954.125037
2955.940938
2955.94118
2956.784485
2957.625119
2957.698371
2958.220971
2958.98771
2959.339565
2960.68934
2961.830376
2961.905727
2962.741859
2962.809937
2962.928553
2963.121107
2963.737809
2964.64686
2965.124074
2965.468914
2965.495909
2965.82529
2966.737113
2968.0538
2969.544788
2970.403974
2971.115406
2971.244336
2971.400144
2972.380164
2972.455356
2973.910139
2974.083804
2975.702154
2977.462214
2978.475849
2980.033464
2980.37263
2981.583963
2983.777133
2983.84989
2986.773938
2987.302246
2988.918334
2989.553307
2989.749025
2993.226932
2994.884257
2997.338757
2998.446099
2998.947596
3002.972068
3003.278105
3003.556814
3005.267675
3005.719726
3008.272577
3010.94147
3011.11304
3012.180492
3012.588662
3013.001582
3018.880882
3019.92853
3022.684997
3023.412448
3024.983042
3025.632473
3027.177509
3027.285461
3028.879765
3032.588628
3033.724512
3038.938329
3039.394227
3040.279506
3041.171401
3042.280801
3042.415338
3043.649999
3049.361184
3052.990396
3054.918041
3056.004046
3058.057673
3058.544012
3059.502414
3063.542752
3066.88422
3072.061988
3076.221857
3077.307269
3077.558463
3083.328237
3091.948555
3094.587064
3095.424297
3096.695979
3097.547721
3097.607322
3099.170023
3099.56609
3104.508529
3106.226629
3107.157194
3110.577329
3116.248988
3118.133072
3122.78109
3123.329561
3124.508626
3131.174461
3167.728131
3203.838611
3228.771302
3231.383042
3234.43838
3240.450502
3241.943244
3307.546504
3308.301712
3316.657642
3317.765609
3327.208247
5277.923309
