5.980003
6.013531
6.06972
8.13463
8.596416
9.79872
9.837032
9.893773
10.163477
10.266407
10.33743
10.463236
10.756802
11.205172
11.298814
11.474984
11.585577
12.126898
12.359262
12.601938
13.121629
13.252173
13.284781
13.740059
13.923447
13.963834
14.077278
14.106861
14.193347
14.241748
14.264728
14.28991
14.298583
14.309004
14.378934
14.446045
14.60718
14.61259
14.683106
14.686323
14.772323
15.129546
15.308148
15.310666
15.555465
15.581198
15.594996
15.626203
15.985584
16.16082
16.339964
16.812195
16.95379
17.047775
17.124336
17.202208
17.429087
17.465332
17.520379
17.634117
18.039638
18.17938
18.483806
18.823464
18.92889
19.021801
19.066089
19.469479
20.414919
20.821069
21.13722
21.441523
21.461203
21.865064
21.922574
22.517714
22.615557
23.100789
23.762267
23.788625
23.981436
24.683534
25.552752
25.61524
27.20859
27.210585
27.827488
28.038246
30.063499
30.232206
30.654585
31.149864
31.910904
32.299009
33.125443
35.067173
35.228567
36.744929
37.299286
37.47058
38.36159
39.12913
41.729982
41.899349
46.456844
48.322617
50.648148
52.28652
55.010951
55.791693
55.942875
57.035566
58.062885
58.364371
60.078629
62.493022
65.730779
67.263011
67.814172
68.219085
68.56313
69.49263
70.451947
71.101871
71.508004
73.525328
73.864492
80.810907
81.278007
81.502322
82.555986
82.956638
86.628679
88.449182
88.459215
90.177601
90.381669
91.501741
92.534117
93.091408
93.559493
97.704772
97.715364
99.297989
99.966862
103.137743
104.074052
104.351201
108.273599
109.221169
114.418074
114.472456
115.149347
116.902062
116.992503
123.328636
126.944722
128.644216
129.972003
134.842789
139.594152
139.724286
142.065074
142.153329
142.241781
142.722706
142.729766
143.243499
144.08742
144.748455
145.464695
145.589463
145.776878
146.627308
146.853982
146.89654
147.388162
147.440548
147.461277
147.561369
147.974366
148.014266
148.182136
148.22589
148.357724
148.42324
148.451216
148.964298
149.367354
149.466986
149.716369
149.739938
149.761668
149.78539
150.119706
150.17559
150.336502
150.385242
150.488723
150.520213
150.922263
151.094092
151.159052
151.197303
151.33516
151.707913
151.729724
151.829991
151.86656
151.956303
151.997274
152.141351
152.176345
152.626744
152.691668
152.910211
152.948983
152.983817
153.236457
153.354744
153.471883
153.497807
153.55166
153.588623
153.60982
153.730115
153.774616
153.979425
154.097531
154.224518
154.364302
154.399527
154.45926
154.763469
154.850099
154.888073
154.923406
155.056322
155.132717
155.406142
155.455032
155.9163
156.362297
156.564187
156.574089
156.769609
156.95379
157.132038
157.354118
157.551433
158.284025
158.338598
158.406579
158.588996
158.731715
159.088336
159.620189
160.999532
161.002564
161.022106
161.702945
163.351566
163.607006
166.222411
192.781019
195.7583
196.216877
196.376213
196.593013
197.975591
198.559889
199.242411
199.763122
200.394141
200.443048
201.183738
201.36353
201.635191
201.812764
202.468472
202.766039
203.130318
204.921482
205.267915
205.510804
205.599146
206.189476
206.24778
206.904306
207.010291
207.049111
207.534622
207.767429
208.409027
208.688701
208.989114
209.818327
210.168763
210.874502
210.875472
211.136186
213.003562
213.283361
213.52382
214.215879
215.485925
216.282309
216.893867
219.681405
221.348013
222.221006
319.242839
321.085026
321.317388
322.20385
365.538551
415.445616
419.232233
419.657788
422.269849
424.434336
424.713203
426.770723
428.11867
433.329377
433.622097
443.894296
446.453493
447.384874
447.77374
464.368864
472.941474
479.693792
484.708689
486.305151
490.658772
497.801853
501.964128
503.953114
507.286806
508.688667
516.503434
518.800622
535.351133
538.723652
539.258406
539.636624
554.399209
559.481171
563.439418
565.821913
585.886068
616.945315
620.046582
680.956303
775.522427
807.78024
928.675674
958.729055
979.309048
1038.995335
1087.920178
1099.08768
1117.91097
1155.297903
1159.322887
1168.171707
1192.071781
1202.40561
1205.775819
1212.145319
1233.998539
1262.819041
1305.195414
1331.202362
1341.820379
1445.387768
1552.880599
1554.600702
1568.700739
1640.534648
1661.140226
1679.761772
1713.951169
1733.778569
1750.567773
1767.151578
1787.702721
1809.665998
1839.100144
1927.455717
1947.411751
2010.867838
2036.999235
2067.90247
2088.539814
2118.212888
2128.498476
2131.012251
2132.673314
2147.285183
2152.212334
2155.74068
2156.900273
2158.334344
2159.369433
2160.214783
2161.469245
2162.019334
2168.814992
2172.175182
2173.369692
2174.151902
2175.589966
2178.305102
2178.982897
2180.68363
2182.071931
2182.285297
2182.684089
2183.028111
2183.395687
2183.944073
2185.555288
2187.776118
2193.20556
2193.51053
2193.567114
2195.119715
2197.282689
2198.811528
2200.913841
2201.923536
2202.390206
2202.592667
2203.614347
2205.027761
2212.144586
2212.466853
2212.689129
2213.578463
2217.874381
2220.521649
2229.008533
2234.487412
2245.883395
2247.315994
2249.540059
2250.685962
2263.16285
2271.451527
2275.946539
2283.138677
2283.340124
2288.765052
2291.724122
2293.19498
2296.239436
2315.208756
2317.117801
2346.587261
2349.220312
2354.76838
2355.51529
2358.684773
2361.027026
2395.579463
2408.21195
2414.762897
2417.475593
2419.83295
2433.305757
2489.61117
2528.827669
2555.811529
2563.058471
2630.470499
2737.361039
2924.552537
2957.767722
3082.102222
3751.555252
3860.65222
4813.579508
4924.709187
4925.095871
5072.893005
5240.058042
5448.180376
7403.269943
7965.924953
10087.955436
10921.893986
10921.928458
10922.128007
19065.475286
