1.501848
1.775139
7.393408
7.481294
7.605293
7.979155
8.136196
8.250689
8.519452
8.700801
8.774283
8.898573
9.48684
9.658853
9.668114
9.73455
9.7421
9.924475
9.925153
10.012295
10.183861
10.256869
10.35092
10.354013
10.564574
10.66354
10.837181
10.988501
11.042336
11.146353
11.187771
11.23354
11.238222
11.32154
11.368818
11.567494
11.572449
11.633937
11.643259
11.76774
11.777748
11.876673
11.938643
12.011497
12.07298
12.075497
12.100594
12.106216
12.136263
12.139983
12.2899
12.304835
12.351922
12.679854
12.690285
12.711901
12.754525
12.874066
12.90698
12.946543
13.006148
13.106823
13.240589
13.330987
13.35182
13.580644
13.58155
13.617251
13.857866
13.912577
14.062966
14.171049
14.275336
14.437919
14.442091
14.49502
14.511978
14.56424
14.599708
14.754509
14.822628
14.838537
15.04581
15.067529
15.12497
15.211679
15.237368
15.307986
15.317308
15.896201
16.014939
16.048116
16.085503
16.222038
16.232643
16.473318
16.502752
16.537741
16.564346
16.790297
17.020904
17.23216
17.420654
17.578532
17.683578
17.688076
17.730709
17.767688
17.87848
17.945642
18.019877
18.236093
18.430178
18.439308
18.476956
18.601361
18.67422
18.753725
18.968036
19.009486
19.111867
19.186621
19.201486
19.336414
19.438759
19.464511
19.546546
20.278904
20.282859
20.366459
21.025459
21.093954
21.146878
21.248277
21.357839
21.429374
21.573442
21.718329
22.085094
22.377713
22.701475
23.053351
23.491226
23.55375
23.780943
23.919123
24.370072
24.772058
25.160953
25.485423
25.49238
25.939214
26.377472
26.554561
27.030439
27.258003
27.259577
27.425083
27.526105
27.768394
27.811579
28.856761
29.309714
29.909671
30.078523
30.535114
30.668386
32.239181
32.455827
33.2856
34.076186
36.38505
36.391954
36.935276
38.410259
38.757736
39.049634
39.261167
39.326884
42.287538
45.53201
46.628876
47.385513
49.262031
49.87685
50.384159
55.878199
57.964046
65.782812
85.964792
105.770638
108.749632
110.237459
111.243581
115.248754
116.473637
116.849587
118.73248
119.656743
121.199757
121.856563
121.871525
122.778141
122.86439
123.387349
123.775378
123.997614
124.203155
124.205668
124.341173
124.753063
124.933105
124.965965
125.001521
125.163432
125.54041
125.679178
125.708484
125.722707
125.835132
125.840624
125.926187
126.081429
126.33294
126.46457
126.821257
127.186472
127.258702
127.693145
128.009119
128.176993
128.298838
128.425281
128.464515
128.50752
128.579278
128.91275
128.949635
129.036085
129.116326
129.165839
129.225622
129.444345
129.508461
129.972402
130.101861
130.119259
130.129831
130.272322
130.354087
130.394111
130.478718
130.790036
130.829628
130.946382
131.133703
131.189848
131.401303
131.574388
131.816367
131.851462
132.094007
132.108159
132.573445
133.070347
133.289001
133.451288
134.001102
134.096356
134.176304
134.46853
134.774529
135.263179
135.539898
136.424932
136.625299
136.768584
137.34498
137.802927
138.311784
138.585898
138.845184
138.987722
139.882016
140.208207
140.236585
140.590968
140.61123
140.719472
140.944514
141.310779
141.459401
141.682066
141.745568
142.288604
142.375795
142.4036
142.413079
142.781527
142.792412
143.846676
144.377368
144.614811
145.051368
145.35593
145.464652
145.54047
146.174539
146.278803
146.364288
146.895215
147.146381
147.630529
147.848498
147.977031
148.035129
148.089535
148.261124
148.473515
148.964105
149.006673
149.388443
149.551367
149.583269
149.592357
150.094351
150.198967
150.274105
150.513956
150.784271
150.808689
150.927199
151.05065
151.526822
151.596726
151.882149
152.47041
152.824227
152.864168
152.881093
153.278471
153.551435
154.011035
154.178992
154.257489
154.42696
154.972571
155.342873
155.531024
155.689492
155.814124
156.40763
156.426241
157.01618
157.041419
157.085286
157.649027
158.09514
158.597338
159.476487
159.554189
160.539014
160.991473
161.254634
162.024155
163.965899
164.553561
164.873536
168.008637
172.394107
175.315843
175.471152
179.125508
180.472957
180.872111
182.029684
182.045293
183.32079
185.311596
186.239465
186.447139
186.912269
188.937261
190.686263
190.928678
191.895103
193.101209
193.333942
193.855098
194.343462
194.443165
194.455119
195.741959
199.720599
199.972084
200.072279
200.848142
205.067774
205.709307
205.812276
208.90168
209.122435
209.801827
210.506767
210.716849
211.366792
211.888242
212.549441
213.096701
213.371508
214.504942
215.160381
215.72992
216.213246
216.611872
216.92105
217.794283
218.995253
219.513707
220.784554
221.894238
221.956139
222.655488
222.861024
223.32312
224.38966
224.745111
225.490925
225.993853
226.444626
226.604629
227.322789
229.918517
230.04801
230.615892
230.73451
230.837302
232.034357
233.219596
235.483117
235.566435
237.07899
241.367385
243.816772
245.729209
245.758762
245.961519
246.307633
246.386658
246.430261
247.730709
247.750535
248.838751
248.991143
251.91808
252.280531
252.444136
252.775102
254.583008
255.272615
255.409671
257.317299
259.37989
259.888401
261.933438
263.462765
265.013361
265.031922
266.239963
268.062934
270.807353
271.588178
272.182644
273.108003
274.030556
275.284949
275.525255
277.529075
278.337073
280.783959
281.488698
281.533795
282.142107
282.982221
283.406298
283.711846
283.806156
284.908296
285.242643
285.362484
285.436568
285.639687
286.590596
286.673738
287.285158
287.393179
287.591618
287.96337
288.325728
288.832057
289.212008
289.444941
289.661556
289.825536
290.082232
290.204092
290.426862
290.438692
290.711575
291.03342
292.040497
292.656244
292.992749
293.221752
293.258155
293.387443
293.699619
293.708116
293.735751
294.009861
294.668668
294.949416
295.186004
295.468548
295.537213
295.654809
295.857474
296.377382
296.603959
296.664836
297.040229
297.068734
297.377681
297.393283
297.63354
297.993571
298.529155
298.550711
299.25895
299.428388
299.4302
300.069612
301.226433
301.277154
302.060983
302.284695
302.431667
302.934654
302.948452
303.244964
303.334116
303.375057
303.380679
303.650223
303.652309
303.928289
304.557379
304.756936
305.382969
305.657469
307.477631
307.889576
308.232214
308.547119
311.688968
311.878497
313.101742
313.117609
313.27992
313.923143
314.624076
314.85006
315.151103
316.495476
316.630968
316.935521
317.034169
318.549062
319.094734
319.29295
319.751178
321.878175
322.613617
323.29213
324.023426
324.262994
324.822057
328.491128
329.031957
329.450174
330.313908
330.74769
330.976545
331.297693
331.325838
333.440401
333.544713
334.019186
336.477261
336.5444
336.809381
338.644393
340.287242
340.29369
341.676031
341.90401
342.34293
342.375886
344.314463
345.240565
349.747818
351.497871
351.919691
353.255912
353.602522
354.370943
354.591204
355.639504
356.385131
356.475397
358.443246
358.587216
360.503439
361.419928
361.513637
361.532313
362.41821
362.540497
362.89521
363.475046
363.945706
364.577986
364.683471
364.698367
365.109638
365.474906
365.796013
365.857207
366.105046
370.932758
374.006528
375.745962
376.348735
376.677529
377.134162
378.918044
379.344616
379.7305
380.779926
381.151218
381.291249
382.034468
383.987381
385.26627
385.936837
388.258472
388.295692
389.109029
393.275924
393.674143
395.089099
395.590211
395.854037
397.021844
397.131532
399.733794
399.751442
401.30189
401.370343
404.225696
404.330047
404.330929
404.622435
405.323816
407.703568
408.09834
409.218853
414.836198
415.963074
419.25769
424.222236
426.191537
426.550437
427.113524
430.100849
430.915259
435.48494
444.118202
448.427365
448.51617
449.877435
451.536896
452.754426
453.848756
454.911769
455.08641
457.106237
458.37519
458.744019
462.721439
468.272843
469.834143
471.157439
474.235901
481.221056
481.43932
482.619201
483.466217
487.531424
488.112343
489.207076
489.794122
490.124175
491.056626
491.436238
493.449748
495.5445
497.328949
499.743928
500.478315
500.625881
501.081255
502.875483
504.304564
506.543914
508.943747
511.322821
512.900368
515.838689
517.18968
517.942816
519.658161
522.251324
524.257429
530.83457
537.445716
538.677599
544.571431
545.627012
546.243224
560.65375
561.533639
565.328039
567.179854
571.686367
575.869843
579.457314
585.319234
593.838702
594.913414
595.370919
598.493586
598.655029
599.0148
599.371269
600.836486
605.241733
607.445215
614.0287
620.319202
622.70754
622.902724
625.637801
626.735521
635.753168
639.234129
642.648448
644.470469
651.114767
655.295963
665.130073
689.987482
693.938889
704.990834
719.345928
727.378153
731.418869
731.453001
734.569833
754.371402
758.465518
759.016821
763.122568
771.218302
784.836933
816.12038
825.650896
866.492263
888.58904
894.794257
924.511303
926.909308
934.132574
947.12001
977.192687
983.335835
988.320384
994.366769
1023.333451
1024.545304
1031.615293
1044.310349
1049.601802
1050.125749
1069.777157
1072.265024
1086.625011
1102.917336
1106.451347
1109.956253
1111.799733
1130.299627
1157.971065
1194.604425
1199.477479
1223.302167
1229.276558
1230.354033
1295.083793
1346.245639
1374.867633
1375.404767
1381.847591
1382.496868
1382.961098
1412.03621
1480.491637
1490.954435
1498.523905
1505.220724
1511.128896
1548.669203
1568.052229
1644.074424
1752.89881
1772.458137
1787.043186
1801.657035
1815.624824
1837.572058
1844.302128
1891.190839
1904.830122
1946.835306
1946.942846
1950.388347
1951.8698
1958.774922
1972.940107
1981.165056
1984.112936
2001.347977
2004.512045
2006.082164
2006.797869
2010.323133
2022.611736
2026.525282
2035.172472
2062.614452
2076.413352
2100.961728
2121.090084
2164.95187
2181.175561
2187.270714
2205.72762
2213.060966
2214.812733
2232.187702
2274.419398
2276.968205
2284.373418
2293.653354
2316.020446
2317.916387
2322.800588
2325.531348
2336.549337
2352.136684
2354.998685
2381.374541
2388.760993
2393.46358
2397.274376
2402.692514
2406.672137
2412.283645
2414.796169
2442.810086
2450.02705
2453.95183
2454.236518
2474.962435
2482.266175
2488.161901
2508.716093
2508.805151
2523.061276
2529.117798
2541.469628
2610.281252
2635.237506
2649.746719
2752.185644
2755.653662
2760.078819
2760.544499
2770.981489
2877.711553
2881.82134
2924.812909
3108.498252
3145.700367
3193.758517
3226.568726
3322.049784
3326.841961
3327.645025
3332.77018
3357.361547
3491.809647
3667.508679
3668.23757
3763.503578
3774.076709
3820.604007
3843.802626
3869.149988
3869.745537
3938.601594
3971.629855
3981.693698
4008.235987
4020.503814
4043.038452
4138.244191
4196.701801
4248.187298
4251.455739
4327.201099
4331.729402
4373.268177
4756.932335
4836.350831
5517.781504
5637.499629
6235.63212
6489.181149
7087.414832
10462.776158
10800.292552
10800.327231
10801.546586
10802.690094
10803.423176
10803.546159
10804.333107
10805.24799
10827.373769
10829.541015
10831.064325
10854.160049
10856.14298
10859.981242
10863.673039
10864.80393
10868.452252
10872.674432
10872.97962
10874.316605
10876.108674
10880.147404
10880.292381
10882.433477
10882.989294
10886.070452
10890.954978
10891.550852
10892.305925
10915.531496
10921.768653
11165.407354
15146.319409
86432.396955
