395.263771
1663.036921
1671.938609
1747.334031
2020.905628
3289.336235
3309.753165
3527.898332
3547.530812
3575.638106
3580.194525
3595.208431
3608.546231
3663.169869
3687.927208
3710.246743
3718.516546
3723.129384
3727.399943
3736.66129
3742.694988
3743.954155
3748.513725
3749.301873
3749.649841
3750.706421
3751.465778
3751.838825
3755.476248
3758.578538
3763.422359
3763.471495
3765.358646
3765.901811
3766.236293
3767.172735
3768.592834
3769.670114
3769.794514
3770.318268
3770.688774
3771.825564
3773.30822
3774.242755
3777.043571
3777.472178
3777.514262
3779.090713
3782.525064
3783.911326
3785.038291
3785.276302
3786.618504
3788.499744
3789.622005
3790.211106
3791.412806
3792.594288
3792.874247
3793.312154
3793.931853
3794.298136
3794.370074
3795.94446
3796.013014
3796.115565
3796.449749
3796.524573
3796.717133
3796.928854
3797.662012
3798.133843
3798.247243
3798.984722
3799.710992
3800.260513
3801.196023
3801.525325
3801.547208
3801.702238
3801.777454
3802.155857
3802.9904
3803.534179
3804.319942
3804.933139
3805.225664
3806.031849
3806.737599
3806.762964
3807.142451
3807.259742
3807.415943
3807.770749
3807.834317
3807.990146
3808.892027
3809.196707
3809.427632
3810.115318
3810.419368
3810.523458
3812.260749
3812.302354
3812.697625
3812.855491
3813.028795
3813.155048
3813.174444
3813.526812
3813.901222
3813.974482
3814.212673
3814.295897
3814.599106
3815.591526
3815.772956
3815.84055
3815.895541
3816.065376
3816.94824
3817.107778
3817.237881
3817.337481
3817.428995
3817.664107
3817.789257
3817.864541
3817.872126
3818.169885
3818.358366
3818.560529
3818.971006
3819.477418
3819.548199
3819.829426
3820.111594
3820.519607
3820.591687
3821.146146
3821.456669
3821.495419
3821.579559
3821.744148
3821.798367
3822.221052
3822.255517
3822.558841
3822.692772
3823.093249
3823.26811
3823.286935
3823.794784
3823.799712
3823.804138
3824.025439
3824.049487
3824.10512
3824.1448
3825.477718
3825.619824
3825.623238
3825.707942
3826.174058
3826.497398
3826.605629
3826.64958
3826.829583
3827.178394
3827.393294
3827.537903
3827.685955
3827.769162
3827.81798
3828.075984
3828.686883
3828.815303
3829.206534
3829.840566
3830.209712
3830.48355
3830.772336
3830.867288
3830.871683
3831.147
3831.462099
3832.449166
3832.868462
3833.127503
3833.30204
3833.80217
3834.220461
3834.365684
3834.695911
3835.242813
3835.377753
3835.475099
3835.690123
3835.868443
3835.923904
3836.275429
3836.898586
3837.433303
3837.87858
3838.471501
3838.597203
3838.935995
3839.029197
3839.358519
3839.369033
3839.434639
3839.441618
3839.74715
3840.067214
3840.698079
3841.328362
3841.716736
3842.163977
3842.167006
3842.315783
3842.45418
3842.780789
3842.911344
3843.062267
3843.265626
3843.291072
3843.505721
3843.694855
3844.197018
3844.912048
3845.102537
3845.164788
3845.265437
3845.496297
3845.812066
3846.176761
3846.461148
3846.511069
3846.570317
3846.787574
3846.79552
3846.911887
3847.424361
3847.920751
3847.961597
3848.058836
3848.327331
3848.416928
3848.646627
3848.677714
3849.104854
3849.856793
3850.014925
3850.051277
3850.089656
3850.197254
3850.244507
3850.6012
3850.780741
3851.126036
3851.233753
3851.453153
3851.491986
3851.596168
3851.691434
3851.808257
3851.866628
3851.920287
3852.335574
3852.53145
3852.697947
3852.803981
3852.839714
3852.935752
3853.982164
3854.011677
3854.04098
3854.174947
3854.276854
3854.36
3854.738808
3854.927041
3855.127893
3855.172139
3855.445434
3855.599643
3856.161857
3856.214481
3856.356036
3856.47799
3856.528394
3857.19825
3857.718193
3857.82091
3857.883339
3858.170399
3858.389265
3858.598146
3858.676728
3858.735037
3858.810038
3859.282924
3859.363894
3859.640609
3859.709809
3859.716525
3859.766103
3860.249452
3860.533519
3860.556505
3860.668691
3860.761192
3860.782363
3860.934977
3860.974757
3861.027014
3861.45959
3861.642972
3861.671818
3861.760915
3861.845344
3861.931621
3862.11975
3862.184932
3862.191471
3862.351437
3862.433138
3862.513894
3862.554928
3862.78514
3862.961054
3863.016011
3863.099625
3863.150751
3863.178836
3863.196834
3863.225545
3863.243052
3863.259407
3863.342856
3863.525955
3863.54414
3863.57012
3864.051409
3864.099735
3864.15952
3864.253504
3864.539385
3864.542807
3864.695163
3865.061595
3865.096679
3865.16019
3865.19415
3865.306152
3865.795162
3866.141424
3866.215941
3866.361737
3866.462495
3866.653378
3866.702178
3866.926692
3867.398136
3867.409715
3867.61237
3867.787618
3867.881881
3868.039463
3868.311852
3868.476136
3868.604638
3868.718262
3868.726987
3869.12394
3869.152037
3869.529048
3870.027934
3870.303049
3870.673245
3870.796481
3871.15678
3871.334238
3871.609918
3871.631298
3871.674042
3871.918323
3871.935032
3872.010335
3872.146511
3872.422004
3872.462268
3872.631533
3872.680938
3872.74813
3873.143635
3873.22486
3873.40946
3873.605908
3873.858833
3874.06953
3874.62001
3874.843475
3874.87823
3875.166854
3875.187853
3875.192269
3875.301983
3875.483831
3875.549648
3875.9398
3876.04255
3876.238824
3876.266177
3876.286701
3876.424276
3876.446014
3877.025934
3877.308053
3877.479604
3877.637793
3877.766474
3877.818805
3878.039067
3878.103515
3878.210176
3878.240543
3878.48178
3878.487663
3878.564392
3878.57227
3878.580374
3878.767312
3878.811649
3878.958256
3879.017428
3879.080438
3879.174067
3879.242692
3879.515513
3879.630259
3879.630567
3879.635374
3879.662137
3879.674029
3879.801789
3880.044483
3880.10713
3880.164132
3880.246662
3880.305379
3880.521363
3881.108451
3881.367944
3881.374928
3881.379954
3881.52422
3881.679332
3881.797579
3881.813257
3882.038866
3882.519554
3882.691776
3883.054197
3883.345933
3883.394566
3883.449567
3883.580999
3883.651326
3884.069369
3884.095864
3884.180885
3884.394151
3884.654299
3884.734739
3884.843205
3885.075302
3885.126791
3885.281596
3885.296008
3885.320182
3885.551711
3885.645209
3885.669297
3885.694639
3885.880695
3885.941362
3885.962652
3886.163014
3886.220284
3886.247191
3886.402752
3886.591069
3886.865485
3886.866459
3886.950706
3887.000153
3887.469837
3887.978923
3888.149477
3888.279791
3888.344684
3888.583591
3888.591197
3888.7326
3889.072315
3889.176067
3889.29198
3889.61951
3889.708537
3889.858412
3890.307536
3890.430349
3890.526744
3890.672266
3890.771309
3890.837356
3890.930892
3891.021147
3891.281199
3891.364269
3891.480476
3891.574476
3891.625299
3891.677005
3891.918626
3891.981542
3892.150243
3892.252745
3892.360214
3892.450268
3892.697911
3892.745323
3892.891645
3892.950268
3893.105344
3893.475565
3893.628381
3893.812511
3893.830694
3893.861251
3893.924516
3894.336219
3894.423013
3894.66042
3895.207082
3895.292774
3895.33354
3895.45259
3895.466225
3895.600721
3895.629868
3895.997929
3896.037387
3896.070497
3896.41399
3896.48879
3896.505371
3896.679027
3896.721048
3896.723504
3896.823824
3896.837398
3896.855088
3896.870229
3896.914832
3897.201052
3897.271126
3897.406568
3897.555788
3897.566824
3897.603503
3897.666665
3897.765887
3897.798924
3897.984285
3898.058191
3898.165464
3898.201247
3898.24039
3898.263467
3898.275994
3898.331511
3898.396106
3898.477593
3898.751053
3898.795416
3898.878572
3898.901356
3898.910606
3899.635368
3899.866461
3899.907997
3899.948207
3899.954405
3900.049906
3900.206468
3900.544935
3900.55065
3900.605457
3900.649108
3900.724138
3900.856717
3900.933481
3900.948509
3901.049784
3901.074008
3901.220422
3901.239205
3901.504938
3901.521211
3901.639186
3901.66705
3901.871557
3902.028777
3902.165073
3902.167092
3902.375089
3902.404996
3902.562356
3902.740036
3902.771003
3903.054992
3903.241442
3903.382777
3903.517544
3903.601087
3903.611397
3903.684176
3903.911932
3903.997667
3904.072554
3904.271388
3904.349272
3904.417156
3904.444837
3904.562927
3904.719468
3904.964957
3905.049073
3905.182923
3905.24506
3905.295959
3905.993363
3906.031379
3906.217701
3906.470372
3906.515963
3906.572182
3906.777395
3906.893381
3907.212385
3907.214515
3907.567017
3907.616438
3907.729112
3907.800139
3907.863926
3907.980524
3908.179035
3908.297518
3908.378739
3908.381014
3908.429064
3908.565147
3908.571975
3908.732865
3908.736929
3908.757614
3908.842036
3908.910953
3909.253973
3909.309791
3909.708633
3909.713944
3909.916722
3910.051099
3910.2615
3910.261547
3910.770284
3910.800111
3910.961773
3911.030002
3911.094937
3911.238906
3911.277177
3911.3016
3911.456183
3911.5699
3911.903455
3912.083546
3912.188643
3912.241932
3912.554441
3912.671277
3912.724429
3912.769501
3912.779231
3912.808177
3912.934466
3912.937752
3912.994481
3913.336591
3913.465785
3913.638922
3913.670356
3913.981075
3914.182955
3914.212211
3914.257724
3914.288175
3914.329085
3914.332686
3914.670911
3914.681014
3914.681379
3914.755122
3914.947313
3915.081787
3915.110128
3915.427237
3915.8483
3915.994544
3916.329015
3916.465358
3916.743129
3916.871882
3916.985953
3917.043828
3917.180115
3917.202071
3917.317393
3917.493398
3917.553211
3917.922279
3918.03576
3918.22915
3918.280436
3918.368192
3918.379981
3918.385908
3918.550697
3918.550983
3918.594967
3918.647201
3918.907188
3918.993158
3919.021501
3919.238896
3919.257744
3919.349476
3919.643145
3919.663205
3919.70314
3919.716974
3919.905531
3920.01424
3920.410843
3920.41646
3920.461776
3920.516006
3920.591665
3920.663376
3920.666955
3920.667996
3920.680327
3920.717633
3920.745056
3920.820968
3920.825876
3921.284664
3921.355929
3921.378109
3921.54146
3921.830457
3921.915291
3921.957346
3922.016869
3922.147243
3922.232068
3922.256887
3922.277714
3922.277959
3922.280609
3922.419776
3922.644118
3922.741206
3922.81718
3922.951768
3923.193045
3923.321042
3923.321426
3923.442297
3923.488591
3923.564703
3923.577092
3923.75778
3923.789123
3923.839047
3923.860002
3924.039716
3924.09188
3924.195546
3924.245254
3924.337197
3924.341483
3924.378827
3924.525902
3924.666421
3924.767307
3924.769135
3925.017344
3925.023686
3925.07373
3925.254316
3925.490546
3925.520563
3925.601616
3925.75646
3925.950122
3926.031597
3926.041672
3926.17031
3926.171743
3926.652784
3926.67537
3926.906659
3927.005316
3927.052873
3927.057
3927.457733
3927.462834
3927.547034
3927.571384
3927.694283
3927.713008
3927.998552
3928.228888
3928.237273
3928.242631
3928.309731
3928.482602
3928.520866
3928.761141
3928.807709
3928.905687
3929.218829
3929.423577
3929.432862
3929.478364
3929.64877
3929.730283
3929.792058
3929.929421
3930.336758
3930.468436
3930.470652
3930.708813
3930.716377
3930.781488
3931.055968
3931.156623
3931.283166
3931.336497
3931.425455
3931.468008
3931.55007
3931.698374
3931.830838
3931.86538
3931.878906
3932.065267
3932.202809
3932.470266
3932.485621
3932.598617
3932.607924
3932.850246
3932.893378
3933.063195
3933.110866
3933.200762
3933.216379
3933.235593
3933.271881
3933.35557
3933.60961
3933.623813
3933.682698
3933.836419
3933.875665
3934.075445
3934.104267
3934.170568
3934.19546
3934.245114
3934.274476
3934.313863
3934.320712
3934.449864
3934.635546
3934.640578
3934.706861
3935.257887
3935.407674
3935.510121
3935.583965
3935.729841
3935.877632
3935.962005
3936.062592
3936.109301
3936.199051
3936.33423
3936.408255
3936.442694
3936.451873
3936.517883
3936.619126
3936.691093
3936.705621
3936.713972
3937.189945
3937.31375
3937.350705
3937.462174
3937.630155
3937.797508
3937.840328
3937.877351
3937.998943
3938.048911
3938.055125
3938.207761
3938.226141
3938.226506
3938.439794
3938.579488
3938.799805
3938.817657
3938.938045
3938.941061
3939.132785
3939.327782
3939.336496
3939.542301
3939.601623
3939.606896
3939.669427
3939.710185
3939.917701
3939.941749
3940.047404
3940.061968
3940.219712
3940.297565
3940.640927
3940.823421
3940.875075
3941.000901
3941.059887
3941.185568
3941.209561
3941.23177
3941.347283
3941.495789
3941.541321
3941.615072
3941.745017
3941.846813
3942.034531
3942.052388
3942.082103
3942.120655
3942.143989
3942.16778
3942.667099
3942.69034
3943.137697
3943.165889
3943.221356
3943.233182
3943.238672
3943.345764
3943.414949
3943.799716
3943.806833
3943.807622
3944.173509
3944.1739
3944.252049
3944.332174
3944.73441
3944.753924
3944.780774
3945.022092
3945.086958
3945.178038
3945.192339
3945.359243
3945.454347
3945.630351
3945.688445
3945.710627
3945.738301
3945.786986
3945.874528
3945.962922
3946.226169
3946.234258
3946.731436
3946.9875
3947.002632
3947.067902
3947.244941
3947.456054
3947.473073
3948.396991
3948.462744
3948.464429
3948.58211
3948.718572
3948.843614
3949.121029
3949.291529
3949.292873
3949.347292
3949.358173
3949.393404
3949.409498
3949.468032
3949.494493
3949.518599
3949.534132
3949.544817
3949.611195
3949.841084
3949.946665
3949.94973
3949.988643
3950.033451
3950.114655
3950.179421
3950.307147
3950.57225
3950.79316
3950.899263
3950.973204
3951.047144
3951.085638
3951.215827
3951.307396
3951.313332
3951.352762
3951.436913
3951.821808
3951.896618
3951.926012
3951.979181
3952.125351
3952.180404
3952.246632
3952.274209
3952.410722
3952.439288
3952.833678
3952.885269
3953.008583
3953.41832
3953.50325
3953.572015
3953.79147
3953.928226
3953.935374
3954.075784
3954.134912
3954.231284
3954.261914
3954.475041
3954.769046
3954.8481
3955.011423
3955.091986
3955.102859
3955.401823
3955.458
3955.480501
3955.521018
3955.524823
3955.667008
3955.795134
3955.895065
3955.919322
3956.452468
3956.544284
3956.628543
3956.662508
3956.839337
3957.280072
3958.008778
3958.024667
3958.026747
3958.169212
3958.23061
3958.352756
3958.605998
3958.857113
3958.863049
3958.910752
3958.917375
3959.126906
3959.203295
3959.226682
3959.253923
3959.322987
3959.397369
3959.419185
3959.532657
3959.547108
3959.683018
3959.858804
3960.20298
3960.352921
3960.524772
3960.527803
3960.738431
3960.788198
3960.945511
3961.062174
3961.069244
3961.093837
3961.38539
3961.412397
3961.427342
3961.455054
3961.742985
3961.813936
3962.096243
3962.118982
3962.133858
3962.226765
3962.268674
3962.475386
3962.520454
3962.782855
3962.907045
3962.977691
3963.126762
3963.200609
3963.22915
3963.27104
3963.300596
3963.4858
3963.491882
3963.762306
3963.92118
3963.962106
3964.03373
3964.083503
3964.195095
3964.310134
3964.365909
3964.431143
3964.454043
3964.467513
3964.502505
3964.557197
3964.562301
3964.690353
3964.798328
3964.87365
3965.03303
3965.075332
3965.312291
3965.448105
3965.475267
3965.691716
3965.749501
3965.859604
3965.926813
3965.956641
3966.01218
3966.014503
3966.097229
3966.149309
3966.266619
3966.385361
3966.555933
3967.111277
3967.14511
3967.273305
3967.30828
3967.481522
3967.51883
3967.614908
3967.970382
3968.349946
3968.480321
3968.519142
3968.541688
3968.936258
3969.02363
3969.09732
3969.399676
3969.404732
3969.466606
3969.931569
3970.024823
3970.05745
3970.156336
3970.331628
3970.42759
3970.460153
3970.655287
3970.776353
3971.009406
3971.013434
3971.26655
3971.378889
3971.463119
3971.500711
3971.510399
3971.70282
3971.785659
3971.785659
3972.261911
3972.296709
3972.520887
3972.603487
3972.636072
3972.6776
3972.846816
3973.074057
3973.241411
3973.276485
3973.282263
3973.557736
3973.637083
3973.770927
3973.783632
3973.816023
3974.405022
3974.599792
3974.620504
3974.903073
3974.916219
3974.943005
3974.987905
3975.492173
3975.557334
3975.568465
3975.632816
3975.963481
3975.98615
3976.112309
3976.114055
3976.405214
3976.677314
3976.772804
3977.055998
3977.217202
3977.336486
3977.354155
3977.354437
3977.367685
3977.646343
3977.75822
3977.759341
3977.770581
3978.186536
3978.284704
3978.506267
3978.635396
3978.714331
3978.84309
3978.953376
3979.04563
3979.676076
3979.866277
3979.925794
3979.94522
3980.129794
3980.308827
3980.376577
3980.41222
3980.413159
3980.428156
3980.600876
3980.670437
3980.788273
3980.818579
3980.862727
3980.956991
3980.986383
3981.323831
3981.592929
3981.650691
3981.939545
3981.956437
3981.959542
3982.125444
3982.181523
3982.188544
3982.257209
3982.309673
3982.312046
3982.32317
3982.444546
3983.08736
3983.343033
3983.409237
3983.442544
3983.472445
3983.486452
3983.51595
3983.768392
3983.979774
3984.296543
3984.325137
3984.812989
3985.074457
3985.294111
3985.331145
3985.360574
3985.571056
3985.754247
3985.767804
3985.777419
3985.793427
3985.806926
3985.962944
3986.008716
3986.087729
3986.093052
3986.102686
3986.266283
3986.278311
3986.347383
3986.364087
3986.5009
3986.51428
3986.829411
3986.839957
3987.00989
3987.116813
3987.484715
3987.502284
3987.590723
3987.657967
3987.742566
3987.92411
3988.27075
3989.171763
3989.310117
3989.313893
3989.502396
3989.593201
3990.041376
3990.18894
3990.360431
3990.628028
3990.739055
3990.81441
3990.930006
3991.011045
3991.07586
3991.132638
3991.322062
3991.323871
3991.706601
3991.75142
3991.788242
3991.847708
3991.998835
3992.097417
3992.176617
3992.351857
3992.901205
3992.97516
3993.018633
3993.231924
3993.360088
3993.41961
3993.726614
3993.749144
3993.922532
3993.971464
3994.001385
3994.037041
3994.052191
3994.193621
3994.313486
3994.364133
3994.550932
3994.744602
3994.784069
3995.022541
3995.056483
3995.21921
3995.365408
3995.409105
3995.696145
3995.913492
3996.014245
3996.445663
3996.596969
3996.664173
3996.675632
3996.839832
3996.868745
3997.028454
3997.167622
3997.293061
3997.596309
3997.630217
3997.650232
3997.722743
3997.781726
3997.902027
3998.090093
3998.474132
3998.802679
3999.037241
3999.117512
3999.183607
3999.186592
3999.249699
3999.284497
3999.485815
3999.491669
3999.571403
3999.804128
3999.928754
4000.110048
4000.186678
4001.097264
4001.270219
4001.37223
4001.519374
4001.686275
4001.740556
4001.766211
4001.846218
4001.871424
4001.877976
4001.88358
4002.136496
4002.523033
4002.533862
4002.83297
4003.174033
4003.312729
4003.653995
4004.026426
4004.25813
4004.442518
4004.479433
4004.555036
4004.621378
4004.956743
4005.170699
4005.171449
4005.392042
4005.434003
4005.496177
4005.703996
4005.709448
4006.309141
4006.450024
4006.487285
4006.488125
4006.572285
4006.738708
4006.753582
4006.825047
4006.968639
4007.109917
4007.177358
4007.459209
4007.625788
4007.726757
4008.045037
4009.020458
4009.274913
4009.341916
4009.388467
4009.40764
4009.553575
4009.658294
4009.91447
4009.925689
4010.280766
4010.302486
4010.346144
4010.563593
4010.768768
4010.872013
4010.94433
4011.019114
4011.372947
4011.495183
4011.556973
4011.77424
4012.01773
4012.495795
4012.677575
4012.739075
4012.778469
4012.866545
4012.964714
4013.232579
4013.45134
4013.45709
4014.046444
4014.190081
4014.289063
4014.328011
4014.334772
4014.373295
4014.408399
4014.745285
4015.008918
4015.022271
4015.074636
4015.151038
4015.197557
4015.390903
4015.543933
4015.657217
4015.807492
4015.902362
4015.958918
4016.207381
4016.396575
4016.796725
4016.908121
4017.0815
4017.1809
4017.476681
4017.521331
4017.746
4018.024588
4018.034924
4018.447368
4018.477163
4018.768695
4019.901278
4019.936854
4020.68396
4020.890024
4020.979335
4021.158985
4021.24151
4021.312541
4021.662474
4021.779569
4021.78898
4021.865523
4021.924056
4022.064934
4022.066921
4022.107503
4022.348204
4022.46591
4022.51502
4022.53045
4022.534253
4022.75846
4022.863005
4022.95838
4023.130474
4023.234946
4023.253068
4023.47101
4023.916076
4023.997192
4024.319033
4024.337457
4024.652872
4024.696201
4024.703781
4025.115078
4025.14682
4025.160142
4025.225147
4025.528292
4025.997855
4026.001523
4026.145727
4026.257356
4026.412091
4026.558374
4026.633443
4026.76384
4026.798601
4026.972023
4027.09261
4027.101391
4027.16424
4027.276382
4027.663428
4027.893914
4028.259177
4028.685329
4028.72669
4028.828098
4028.861158
4029.096713
4029.160078
4029.224987
4029.312242
4029.76462
4030.144547
4030.148235
4030.432587
4030.446905
4030.508551
4030.803742
4030.986351
4031.094484
4031.124363
4031.456229
4031.765078
4031.810411
4031.819982
4031.935362
4032.122718
4032.199793
4032.220651
4032.356185
4032.705995
4033.004545
4033.293628
4033.47818
4034.190277
4034.761538
4034.892569
4034.98033
4035.0002
4035.048083
4035.1032
4035.138152
4035.387108
4035.437029
4035.688088
4036.026605
4036.043821
4036.579607
4036.799819
4037.113932
4037.334313
4037.396146
4037.836725
4038.19483
4038.361218
4038.38523
4038.733693
4038.794422
4038.858565
4038.864206
4038.896898
4039.214205
4039.863771
4040.495722
4040.768983
4041.152851
4041.373244
4041.662669
4041.972031
4042.077356
4042.732779
4042.84648
4043.060412
4043.252202
4043.26372
4043.284337
4043.302022
4043.725057
4043.88699
4044.233739
4044.669804
4045.252094
4045.292527
4045.775569
4045.822192
4046.071914
4046.248479
4046.391086
4046.699957
4046.703296
4047.643243
4047.736499
4048.150942
4048.295922
4048.475352
4048.534309
4048.542076
4049.107388
4049.292829
4049.51381
4049.599483
4049.864211
4050.801322
4050.934433
4051.337756
4051.705262
4051.736814
4051.857448
4052.071684
4052.482531
4052.740211
4052.7614
4053.905023
4053.998415
4054.313155
4054.431586
4054.686047
4054.80344
4055.058548
4055.073591
4056.468481
4056.901951
4056.915462
4057.198577
4057.212272
4057.301579
4057.380084
4057.4639
4057.4679
4057.71158
4057.757175
4058.009785
4058.022428
4058.025984
4058.20396
4058.384549
4058.427611
4058.676047
4058.683116
4059.108968
4060.210226
4061.609608
4061.653657
4061.679678
4061.739556
4061.746542
4061.822077
4061.91356
4062.094384
4062.271346
4062.298162
4062.320761
4062.446186
4062.63994
4063.397614
4063.7859
4064.144761
4064.26612
4064.432444
4064.580811
4064.58511
4064.995925
4065.088648
4065.119988
4065.500905
4065.663654
4066.990736
4067.284099
4068.049614
4068.590325
4069.573143
4069.770792
4069.840016
4069.859659
4069.968892
4070.336186
4070.644032
4070.874377
4071.108702
4071.129559
4071.236381
4071.408547
4071.410578
4071.575436
4071.866179
4072.01849
4072.351211
4072.475614
4072.631054
4072.761708
4072.983448
4073.907292
4074.547977
4074.830797
4074.925576
4075.054704
4075.815728
4075.960097
4076.418931
4076.805797
4077.193157
4077.223401
4077.303022
4077.426396
4078.062089
4078.319859
4078.409393
4078.636604
4078.825104
4079.618971
4080.223102
4080.412728
4080.436379
4080.510724
4080.989461
4081.466653
4081.710565
4082.235095
4082.308526
4082.349351
4082.47687
4082.557491
4082.621053
4083.227481
4083.383123
4083.457777
4083.912634
4084.073384
4084.881645
4084.953782
4084.961742
4085.483296
4085.625816
4085.85792
4085.992727
4086.209619
4086.631226
4086.812241
4087.576101
4088.02715
4088.101121
4088.151637
4088.326328
4088.730945
4089.544155
4089.594573
4089.677438
4089.869879
4089.910045
4090.468135
4090.604359
4090.661228
4090.759174
4090.793447
4091.122864
4091.215049
4091.494837
4091.559736
4091.67817
4091.849166
4092.018792
4092.066486
4092.089345
4092.106845
4092.583368
4092.708335
4093.025181
4093.07835
4093.198615
4093.4403
4093.756665
4093.793554
4094.786573
4094.803729
4095.553503
4095.606918
4095.768358
4095.854716
4095.956464
4096.26999
4096.409581
4096.425669
4097.177996
4097.449335
4097.557868
4097.921616
4098.694757
4099.025339
4099.076042
4099.37038
4099.419213
4099.446131
4099.57208
4099.726547
4099.905188
4100.261064
4100.652786
4101.337584
4101.557438
4102.309396
4102.476778
4103.321027
4103.426874
4103.625421
4104.041529
4104.50603
4105.054891
4105.055127
4105.080123
4105.197308
4105.344154
4105.542995
4105.651259
4105.663181
4107.388114
4107.686599
4107.868766
4107.986855
4108.551316
4108.691487
4108.821197
4109.150698
4109.303374
4109.784036
4110.304637
4110.769665
4111.150169
4111.192931
4111.193076
4111.305294
4111.668575
4111.726679
4112.366999
4112.727944
4112.916752
4113.275331
4113.299387
4113.458586
4114.127765
4114.266009
4114.470612
4114.571116
4114.768744
4115.02931
4115.508797
4115.513322
4115.995541
4116.602776
4116.612196
4116.755115
4116.783681
4117.620741
4117.627277
4117.998858
4118.142565
4118.152074
4119.142593
4119.156328
4119.307715
4120.148327
4120.38836
4120.390762
4120.958681
4121.076037
4121.438704
4122.934945
4123.436891
4123.473464
4123.836643
4124.367267
4124.801559
4125.17124
4125.18423
4125.37628
4125.524937
4125.921493
4126.311312
4126.658473
4126.791462
4127.365379
4128.032932
4128.115256
4128.159273
4128.174637
4128.585004
4128.9864
4129.265172
4129.737108
4130.570302
4130.696595
4131.708061
4131.723759
4131.822498
4132.614355
4133.211914
4133.792329
4133.930959
4134.079923
4134.263711
4135.469315
4135.495795
4135.527796
4135.670018
4136.743506
4137.157303
4138.203311
4138.233676
4139.180079
4139.677236
4139.848589
4140.066152
4140.496984
4140.734156
4140.75272
4140.753647
4141.446269
4141.681673
4141.784243
4142.09281
4142.430541
4142.526332
4143.243896
4143.448909
4143.508066
4144.33918
4145.057481
4145.472269
4145.975669
4146.151612
4146.288145
4146.547928
4146.603736
4147.324945
4147.496525
4147.731833
4147.907146
4148.286668
4148.340964
4149.176415
4149.244407
4149.494373
4149.504575
4149.729126
4149.97332
4150.566469
4151.655311
4151.706546
4151.743863
4151.815582
4152.070619
4153.308757
4153.928165
4154.12147
4154.589159
4155.795739
4156.41233
4156.995484
4157.431748
4157.530363
4157.915737
4157.968887
4158.202742
4158.30332
4158.489032
4158.614761
4160.127491
4160.163396
4160.297535
4160.300964
4160.347245
4160.571124
4160.665786
4161.104245
4161.685261
4162.127527
4162.358926
4162.587015
4163.369878
4163.749128
4164.661281
4165.587156
4165.828515
4167.000506
4167.289265
4167.688735
4167.695763
4168.397333
4168.538291
4168.55496
4168.907718
4169.024289
4169.058764
4169.335852
4169.59446
4169.886517
4170.600531
4171.746397
4172.530858
4172.572217
4172.984668
4173.043308
4174.662793
4174.755504
4175.21599
4175.323033
4175.779997
4176.711249
4176.811596
4178.986638
4179.911379
4180.881318
4180.987334
4181.504526
4181.966125
4182.428991
4182.735505
4183.241012
4183.339846
4184.002162
4184.022005
4184.539593
4184.750006
4184.830072
4185.270603
4185.897626
4186.13275
4186.708154
4186.825874
4186.83699
4188.624981
4188.658146
4189.541776
4189.583241
4189.739622
4189.997604
4190.607908
4190.92652
4191.548763
4192.462608
4192.854211
4193.353669
4193.384623
4193.468535
4195.225788
4196.1776
4196.511311
4196.538872
4197.553241
4197.932562
4198.253709
4198.441755
4200.043686
4200.363731
4201.136294
4201.717075
4202.234722
4202.677634
4203.741532
4203.812969
4204.359397
4207.585923
4207.810364
4207.9173
4208.411661
4208.564845
4208.630727
4208.907491
4209.058092
4209.415302
4209.604392
4209.960614
4210.094918
4210.299038
4210.801781
4211.017584
4211.024222
4211.453156
4211.773394
4212.376462
4212.539023
4212.589037
4212.760674
4213.330817
4213.393781
4213.667989
4214.582676
4214.608978
4215.716227
4216.182241
4218.321607
4218.498381
4219.609033
4219.897755
4220.219033
4220.656025
4221.507121
4221.514864
4221.709775
4221.923679
4222.555622
4222.655712
4222.937581
4223.716685
4224.289552
4224.338909
4224.62195
4224.8631
4225.167566
4225.471833
4226.864472
4227.919062
4228.684378
4230.131244
4231.427041
4231.670561
4232.226111
4232.352501
4233.614686
4235.219488
4235.660843
4235.959909
4237.636162
4238.105536
4238.228659
4239.211838
4240.550758
4240.583175
4240.695627
4241.323441
4241.357063
4241.569605
4242.370278
4242.681182
4242.706475
4243.133926
4243.694451
4245.710751
4246.215383
4247.04596
4247.326929
4247.93106
4248.315053
4249.251261
4249.569962
4249.591668
4250.629888
4250.936102
4251.33514
4251.412101
4251.710266
4252.301226
4252.511974
4253.029301
4253.594004
4253.98891
4255.311795
4256.253021
4257.075037
4258.758151
4258.833462
4259.124816
4260.130351
4260.924783
4261.03934
4261.529715
4262.362891
4262.455117
4263.595865
4263.695159
4263.953483
4264.226696
4264.447714
4264.449775
4265.292507
4266.83858
4267.519222
4268.209579
4268.2243
4268.232689
4268.256023
4268.602542
4268.928157
4269.070453
4269.110847
4269.368686
4269.469544
4269.706871
4269.801901
4270.018796
4271.222722
4271.340646
4271.980591
4272.555727
4272.87966
4272.900263
4273.710382
4273.883358
4274.181865
4274.28971
4274.392388
4274.598791
4275.6261
4278.503601
4278.569149
4279.629808
4282.624829
4284.451594
4286.77373
4287.15869
4288.841571
4290.300279
4290.847432
4290.948404
4291.902555
4293.876318
4294.667327
4295.293151
4295.375885
4295.739305
4296.648638
4297.955289
4298.103221
4298.183259
4299.319761
4299.748679
4300.509975
4301.172263
4302.244727
4302.248035
4305.456485
4305.500427
4305.559015
4306.039246
4306.404982
4306.457689
4306.758726
4306.795517
4306.845126
4307.14125
4307.448055
4307.924279
4308.394455
4308.552389
4309.14107
4309.163136
4309.208938
4309.475408
4309.811499
4309.991523
4310.791688
4311.051803
4311.298882
4312.965837
4313.723302
4313.853334
4314.489945
4314.71364
4316.152145
4316.285977
4316.467748
4317.540567
4317.783576
4317.963899
4317.978551
4319.78311
4320.346469
4320.667791
4321.079707
4321.522925
4322.202181
4322.921423
4322.940746
4325.059604
4326.643316
4327.820674
4328.320407
4330.414397
4330.576831
4330.858697
4331.615631
4331.623607
4332.778584
4332.967093
4334.083449
4334.959426
4336.360868
4336.53089
4336.97958
4337.408267
4337.419587
4337.503393
4338.265833
4338.768448
4339.708978
4340.17634
4340.926225
4341.295284
4342.426089
4342.473003
4344.568733
4344.672779
4345.748997
4346.129119
4346.139522
4346.570267
4346.858598
4347.856609
4348.424431
4348.903942
4348.96668
4349.74412
4350.838016
4350.875816
4351.525395
4351.639956
4351.907562
4352.11383
4352.618027
4353.881335
4353.891732
4354.003067
4355.85038
4357.432962
4357.796137
4358.491184
4358.989841
4362.606972
4363.150128
4364.295074
4364.866635
4366.021033
4366.119167
4366.407854
4367.132737
4368.474973
4369.307584
4369.514332
4369.725595
4369.804263
4370.748309
4371.462542
4371.783364
4371.848555
4372.749081
4372.807638
4373.821952
4375.476904
4375.771549
4376.277684
4376.589702
4377.09895
4377.214386
4377.47214
4377.578693
4378.682923
4378.707781
4379.578335
4379.804144
4383.064502
4383.737581
4383.741609
4384.255761
4384.679127
4385.652114
4386.8628
4386.863664
4387.348913
4388.904988
4390.45653
4391.355665
4392.654792
4393.877693
4394.6854
4395.138764
4395.199137
4395.259694
4398.894322
4399.422712
4399.470756
4400.329472
4401.194285
4402.453524
4405.801406
4405.930464
4406.419498
4407.756627
4408.053127
4408.410564
4408.616522
4409.095567
4410.09065
4411.610078
4412.689851
4413.945798
4414.647382
4415.556663
4415.996822
4420.107498
4423.460795
4423.583328
4423.670559
4424.043307
4424.520586
4424.947613
4427.019638
4427.499936
4428.56402
4429.419024
4430.952054
4431.249947
4432.221648
4432.379434
4435.102358
4436.497153
4436.943551
4437.471147
4438.434942
4438.86807
4440.877384
4441.758553
4443.989435
4444.121896
4444.128309
4445.359653
4445.78411
4447.131533
4447.692725
4448.194916
4449.482696
4450.151503
4450.632347
4451.256478
4451.921716
4452.699811
4453.352327
4455.387977
4456.783542
4459.43723
4459.440086
4459.52963
4464.393795
4464.652536
4465.558032
4468.289051
4468.574861
4470.676722
4470.957096
4473.34039
4474.545467
4475.050606
4476.42117
4481.026943
4481.033699
4481.095363
4482.109759
4483.481658
4485.493614
4486.870411
4489.011337
4489.406301
4496.629216
4496.887639
4498.936432
4499.03927
4501.677963
4501.946091
4503.209122
4508.516905
4512.653886
4514.760409
4515.763364
4517.62801
4517.734191
4520.491575
4525.246462
4528.188025
4529.900095
4531.409501
4532.145769
4533.955914
4534.775847
4539.918819
4540.511462
4544.288683
4544.66723
4545.260521
4547.051106
4549.652156
4551.692361
4552.74576
4552.94253
4553.65138
4554.086769
4555.855376
4560.022788
4567.878508
4569.255137
4570.964958
4571.708441
4573.459506
4576.087902
4577.590737
4579.679895
4586.241416
4590.473522
4594.846357
4599.268471
4602.536126
4607.182256
4609.611547
4610.741767
4614.322866
4616.142004
4619.199888
4620.680657
4621.013128
4621.632521
4622.144345
4623.136168
4625.160792
4625.824445
4626.371689
4633.094749
4637.302079
4638.171277
4638.91698
4648.219875
4648.916014
4654.532278
4658.441257
4668.424504
4673.067331
4675.283778
4677.726668
4724.399869
4740.929634
4742.943511
4743.482414
4752.372626
4754.388206
4778.164017
4783.095314
4785.934898
4787.349844
4832.395818
4838.588629
4839.693636
4848.00463
4849.675203
4857.3782
4864.875083
4872.134362
4888.329759
4908.895191
4917.213251
4949.542498
4966.958006
4991.906393
4992.020863
5058.291144
5081.156165
5113.772735
5124.657955
5146.567888
5155.545533
5176.070156
5231.252445
5255.772023
5331.553833
5431.646596
5527.40401
5552.655203
6904.694836
7584.327611
7677.051577
8568.187507
