0.274829
1.486267
1.690199
7.031334
7.462553
7.485643
7.487642
7.517024
7.56991
7.570523
7.63737
7.682395
7.746748
7.75578
7.917873
7.933121
7.950775
8.18598
8.224455
8.343433
8.417156
8.483614
8.526834
8.780384
8.864386
8.865059
9.031671
9.131869
9.2358
9.507769
9.681577
9.712218
9.773526
9.823602
9.89062
9.954284
10.057799
10.090355
10.120698
10.266295
10.287073
10.287915
10.31758
10.341416
10.418344
10.524543
10.543987
10.617132
10.621062
10.636755
10.653121
10.726338
10.827124
10.921395
11.182014
11.240737
11.254215
11.470012
11.504355
11.916188
12.132597
12.158474
12.172702
12.20592
12.251886
12.255222
12.275143
12.492016
12.575054
12.645787
12.659372
12.665337
12.696529
12.793541
12.861305
13.100531
13.306193
13.339273
13.526888
13.554689
13.557476
13.609312
13.692586
13.698161
13.699127
13.818491
13.98119
14.015268
14.038264
14.054106
14.087886
14.187111
14.216848
14.542235
14.759121
14.806029
14.873787
14.896734
14.959931
14.99893
15.062666
15.304824
15.43902
15.779051
15.789342
15.831624
15.933861
16.074954
16.159054
16.186955
16.287845
16.325475
16.334485
16.67477
16.719456
17.148389
17.148747
17.177352
17.408124
17.694787
17.823112
17.824122
18.105106
18.220331
18.342235
18.725803
18.766614
19.299667
19.602291
19.935028
20.093308
20.154766
20.198445
20.332974
20.950242
21.115998
21.312495
21.461533
21.72083
22.040251
22.139458
22.399565
22.40981
22.753387
22.842937
22.844319
23.586637
23.594208
23.874209
24.267589
24.885316
25.300292
25.469129
25.661124
25.737572
27.408778
27.431133
28.110844
29.681937
29.80249
30.453313
30.767276
31.658655
34.16561
34.910877
36.252152
38.190145
38.220721
38.679009
38.819284
41.059563
41.597479
41.802483
43.219369
44.310067
50.697414
51.386077
52.431228
53.325288
53.481896
56.224998
63.380081
69.564407
69.667621
76.307986
87.060468
89.548566
90.645428
94.548228
101.750944
103.995021
104.762421
106.385071
106.592196
114.342618
115.228298
115.778027
116.542404
117.318462
117.801055
119.74579
120.528325
120.781321
120.986895
121.346954
121.442847
122.210997
122.884307
123.463571
123.80215
124.232641
124.626146
125.058433
125.17995
126.177216
126.288929
126.343482
126.41672
126.580572
126.753425
126.87068
126.989198
127.348099
127.678757
128.020454
128.282861
128.397907
128.435167
128.493274
128.729099
129.060746
129.16472
129.222218
129.237054
129.314899
129.332239
129.339339
129.409704
129.71974
130.058985
130.438744
130.738627
130.931893
131.135289
131.181759
131.321651
131.59191
131.676455
131.851476
132.115437
132.226786
132.261527
132.28462
132.571056
132.607719
132.861823
133.136595
133.141001
133.217901
133.527776
133.552692
133.572378
133.659734
133.793348
133.84528
133.913688
134.04288
134.333012
134.499136
134.790542
135.057613
135.060066
135.352845
135.358126
135.813861
137.213604
137.428004
138.119675
138.279036
138.544872
138.890816
139.001541
139.203446
139.311757
139.657379
139.996057
140.067105
140.655235
140.883772
140.949754
142.023695
142.654384
142.684302
144.431614
144.451044
144.826609
144.839623
144.888938
146.400369
146.631784
146.707332
146.837475
147.305703
147.720462
147.812066
147.853392
148.033081
148.375096
148.634148
148.680038
149.001986
149.491543
149.521319
149.721398
149.901988
149.90371
149.995684
150.044572
150.141056
150.148388
150.174187
150.38574
150.854262
150.861549
151.376403
151.504843
151.902843
151.906407
152.126649
152.162034
152.4077
152.590627
152.629966
153.285798
153.386469
153.861056
153.865137
154.189602
154.359267
154.448597
154.903516
154.994628
155.36427
156.084088
156.901969
157.221033
157.622462
157.770898
158.923515
159.572513
159.985245
160.1246
160.195663
160.255279
160.745634
161.204147
162.244768
162.316566
162.373668
165.000268
165.232996
165.529425
166.42144
166.692776
168.867753
169.792035
170.515553
171.658813
172.035953
172.264748
172.406719
172.531515
172.629251
173.130974
173.597844
173.88334
173.950337
173.96281
174.353822
174.441308
174.530743
174.581406
175.182052
175.820783
175.969055
176.110278
176.383367
176.744285
177.281928
177.321939
177.387775
177.659842
177.782779
177.971386
178.218201
179.001499
179.267006
179.287485
179.525189
179.869682
180.025328
180.133451
180.311843
180.509658
180.629457
180.727753
180.76704
180.809737
181.068656
181.288661
181.291093
181.301513
181.473
181.559033
181.733208
181.811586
181.815178
181.898523
182.261689
182.648584
182.950253
183.076294
183.508774
183.771679
184.244669
184.301411
184.401251
184.421106
184.503743
184.778012
184.855582
184.999169
185.149734
185.160122
185.379311
185.45695
185.748829
185.790872
185.895266
186.607854
186.735867
186.948482
186.951681
187.220618
187.276372
187.86894
187.901223
187.905786
188.012254
188.031606
188.410637
188.600197
188.723575
188.94146
189.025788
190.018473
190.095035
190.216025
190.36344
190.447263
190.476422
190.620797
190.785854
191.087124
191.279448
191.323537
191.473153
191.503412
191.54779
191.691822
191.963405
192.076245
192.193526
192.370138
192.533214
192.795825
192.83391
192.871186
192.992446
193.059969
193.344463
193.574705
193.665513
193.674973
193.770276
193.849306
193.895246
193.975138
194.250409
194.466709
194.729672
194.782742
194.809307
194.872787
194.874883
195.092692
195.170547
195.354674
195.843233
196.241513
196.377394
196.685243
196.732458
196.744976
196.833
196.873132
197.538494
197.609868
197.667058
197.743198
197.745586
197.878645
198.000413
198.007187
198.051825
198.134635
198.256144
198.386489
198.622838
198.81466
198.835318
199.357264
199.49468
199.933812
200.024204
200.167781
200.190187
200.436296
200.780529
201.066037
201.078601
201.093585
201.41194
201.542148
201.576573
201.825239
201.882811
202.185961
202.19229
202.232278
202.242222
202.356198
202.392111
202.904816
202.911391
202.925259
203.055397
203.563038
203.62388
203.671411
203.852575
203.890641
204.021782
204.029024
204.056656
204.133205
204.185856
204.400595
204.460064
204.467077
204.663605
205.074561
205.178149
205.184683
205.23643
205.514103
206.005166
206.145981
206.194749
206.419416
206.976968
207.014482
207.034956
207.14903
207.258402
207.410727
207.462864
207.736719
208.094484
208.513969
208.579569
208.745657
209.373211
209.459338
209.839612
210.253347
210.451337
210.647314
211.561261
212.035833
212.847686
213.771132
213.778208
213.926207
214.04548
214.536193
214.543202
214.567793
214.789959
214.813569
214.96426
215.767297
215.965187
216.36802
216.523573
216.865422
217.480629
217.894838
218.013005
218.355779
218.415954
218.526111
219.651173
220.109586
220.489977
221.406056
222.635588
222.713555
224.174442
225.038402
225.124689
225.990946
226.41639
226.69854
227.68083
227.948508
228.161262
228.668642
228.713664
229.007054
229.429863
229.870874
231.286151
232.091258
232.873722
234.423089
234.867328
235.162783
235.679836
236.598692
237.696992
237.983222
240.725587
240.766131
240.770595
240.77539
241.055229
241.083248
241.490755
243.752111
245.722056
245.785556
246.905057
248.149541
251.932449
253.708672
253.745747
253.770564
254.270719
255.591849
256.026496
256.470974
256.627959
258.398727
258.41601
258.922849
259.206895
259.540206
260.605865
261.28321
263.552952
264.588902
265.482758
266.191615
266.736802
267.590396
268.271546
268.769959
270.359202
270.826586
273.244486
273.51819
273.81807
274.045202
275.684131
277.088448
278.971616
281.242947
283.773798
286.47228
287.576977
293.659494
303.555961
305.117228
306.773075
309.240061
309.45528
309.647714
311.462087
313.203959
313.601573
313.718302
315.302141
316.049533
318.396899
318.523451
318.811986
321.486999
324.131184
324.607037
326.355249
326.692227
328.348521
329.154523
334.273184
334.653014
337.922851
339.29769
354.335577
354.748941
354.961711
356.231349
361.558325
365.683867
371.706012
374.214488
378.681255
380.58423
380.674953
389.013481
391.330158
391.608647
393.301718
394.440026
396.055439
396.675228
397.379863
402.414718
406.073917
406.559356
410.802512
414.409388
430.33367
433.218824
437.360831
437.76769
438.449881
438.668624
439.745843
440.333819
441.703376
443.49134
444.738111
444.86818
445.191169
446.088327
446.692805
450.641486
450.896835
451.277843
452.166271
456.601433
457.04735
460.263768
460.265617
461.103982
461.935423
463.115792
466.527985
468.044546
468.532173
470.897708
470.916407
471.360155
472.14322
472.767129
472.772019
473.419544
474.084896
474.612787
483.09269
483.352153
484.299947
484.551155
485.259293
485.968536
486.231723
486.421395
487.35917
489.172489
493.18654
493.18779
493.326651
495.656388
496.445402
496.579399
500.732558
500.886547
501.151859
502.860085
503.051315
503.520629
504.489589
506.507495
518.52658
518.871968
520.170097
520.952371
523.83218
528.08866
528.176712
529.514753
530.416906
530.846838
531.434553
532.35875
537.39073
538.19959
539.20423
540.678116
543.769933
544.327655
548.822174
553.718407
557.364631
560.108914
564.84977
571.733865
571.772275
572.055683
576.648069
577.409737
578.513239
581.94856
583.435581
583.765123
592.672392
593.698816
597.663634
599.36025
600.572068
603.129777
606.734786
606.968341
610.535538
612.785038
614.568598
614.682727
617.075801
617.979831
618.018008
619.557829
623.646148
628.013677
633.964109
636.002494
646.505634
648.75783
660.616837
665.206177
671.193503
679.563055
692.185249
692.216472
694.289486
699.613194
706.587111
709.535759
716.918502
717.08614
718.496242
720.190552
725.859612
731.030854
738.173265
740.093747
744.427913
745.268939
749.335068
749.509531
754.537455
756.91658
758.830903
759.35989
761.673418
770.505503
784.561031
784.821522
797.452273
808.762612
810.219329
835.006899
864.280917
871.466709
883.449329
899.071527
920.14857
935.486912
937.018705
941.430519
945.79379
947.496982
948.194008
957.090939
967.202373
968.29335
971.437271
973.065391
974.03827
978.119203
978.263261
983.11745
985.107497
985.511283
987.600494
988.682708
990.870243
991.023626
991.961464
995.790676
998.163088
998.535959
999.210205
999.622366
1001.683033
1002.178394
1002.29149
1004.219284
1004.590919
1005.207466
1005.299371
1005.714712
1006.185173
1007.308417
1007.983784
1008.108236
1008.423685
1009.131655
1009.555097
1010.00164
1010.506277
1010.93663
1011.319299
1012.583281
1012.926109
1013.19879
1013.926919
1014.701285
1014.741652
1015.513411
1015.868609
1016.133397
1018.034623
1018.404366
1018.583905
1018.931026
1019.271008
1019.625552
1019.907399
1020.06314
1021.928326
1021.977427
1022.682539
1023.172634
1023.20624
1023.478017
1023.87669
1025.433193
1025.456713
1025.630739
1025.794628
1026.025711
1026.637019
1027.445344
1028.323842
1029.281505
1029.546864
1029.817027
1029.840284
1030.665846
1030.826176
1031.334706
1032.357451
1033.624246
1033.690869
1034.113648
1034.145255
1034.784589
1035.446822
1035.968765
1037.054658
1037.590985
1038.926593
1039.603092
1042.909452
1044.439744
1045.896319
1046.062302
1046.351564
1046.504549
1049.94947
1050.092227
1050.101837
1052.460905
1055.38569
1055.99601
1060.104497
1060.648775
1065.802164
1065.833175
1067.906653
1068.426021
1069.148137
1070.664324
1071.116554
1071.687874
1071.870024
1072.392929
1074.747364
1075.999727
1076.810072
1078.417139
1078.513745
1079.367296
1080.730039
1081.359465
1083.598893
1083.876585
1084.285933
1084.480906
1085.817983
1086.000811
1086.530166
1086.896149
1088.098683
1088.664449
1090.389746
1090.997937
1092.4546
1092.872874
1095.690851
1096.810534
1099.501349
1099.757541
1099.898731
1100.780312
1100.868677
1101.562125
1103.115883
1104.167226
1104.939421
1109.324136
1112.366343
1112.634102
1114.775183
1115.164356
1115.281769
1116.791132
1117.734036
1118.106402
1118.547768
1118.87225
1119.409664
1123.143783
1123.496931
1125.403453
1129.703848
1130.574474
1130.892022
1130.899361
1131.445458
1132.362926
1132.858819
1135.620331
1137.090253
1137.835093
1139.375161
1143.125797
1145.353454
1147.313648
1148.681955
1149.898317
1150.332577
1152.0333
1152.236061
1152.78959
1153.096552
1154.415585
1156.026573
1157.577961
1159.027149
1161.46783
1162.464858
1163.477779
1165.918139
1166.489287
1166.602562
1166.759492
1167.540901
1169.088996
1169.102835
1169.813449
1172.245748
1174.743389
1175.489903
1175.623167
1176.155305
1177.560105
1178.200163
1178.693247
1179.70868
1180.053391
1180.927962
1181.504243
1189.421039
1189.968321
1194.665393
1194.919541
1198.509419
1199.31047
1199.450524
1200.548582
1206.73445
1206.754878
1207.470776
1209.644804
1211.248444
1214.837638
1215.825574
1220.477138
1220.48247
1223.734607
1228.022679
1229.913521
1244.064415
1244.706549
1248.594213
1251.70891
1252.245073
1258.368424
1261.552679
1271.166801
1284.243769
1289.6695
1292.767169
1296.106831
1296.914154
1299.876087
1300.308347
1316.734177
1326.856559
1353.222001
1354.826062
1593.698505
1677.653922
3077.558525
3331.672349
4851.810086
5031.572175
5771.029264
6577.01137
7456.13236
10800.429065
10800.982563
10802.451536
10803.131442
10803.364074
10923.634563
21286.933478
21606.276742
