10.66354
140.944514
144.377368
145.35593
146.278803
148.035129
150.274105
150.927199
151.596726
152.824227
153.278471
154.011035
154.42696
155.342873
155.814124
156.426241
157.01618
157.085286
159.554189
213.371508
216.213246
270.807353
275.284949
277.529075
282.982221
285.436568
285.639687
286.590596
286.673738
287.393179
287.96337
288.325728
289.444941
290.426862
290.711575
292.040497
293.258155
293.387443
293.699619
293.708116
293.735751
294.668668
295.186004
295.857474
296.664836
298.529155
299.25895
302.060983
302.431667
302.934654
302.948452
303.244964
303.650223
304.557379
304.756936
308.232214
308.547119
313.101742
313.923143
314.85006
315.151103
316.935521
318.549062
319.29295
321.878175
328.491128
329.031957
329.450174
331.297693
331.325838
334.019186
336.809381
344.314463
349.747818
353.255912
353.602522
356.475397
358.587216
360.503439
361.513637
362.41821
364.698367
365.857207
376.348735
379.344616
399.733794
404.330047
404.622435
407.703568
448.427365
448.51617
449.877435
451.536896
452.754426
457.106237
458.37519
458.744019
483.466217
488.112343
489.207076
489.794122
491.056626
500.478315
511.322821
538.677599
544.571431
546.243224
575.869843
598.493586
620.319202
622.902724
651.114767
665.130073
689.987482
983.335835
994.366769
1044.310349
1072.265024
1086.625011
1102.917336
1109.956253
1111.799733
1157.971065
1382.961098
1412.03621
1505.220724
1981.165056
10803.423176
10803.546159
10804.333107
10921.768653
