9.921996
32.172805
76.406543
144.690178
144.925056
148.258655
149.303911
152.149179
153.276712
248.956094
251.903621
254.742674
257.954494
258.278634
260.696633
261.151155
262.590926
262.70501
262.808418
266.671738
275.305978
283.278046
285.135066
294.850491
299.405514
303.602084
305.560006
307.426643
310.463136
312.780512
319.877469
326.833743
361.334073
363.864308
366.557871
373.539782
374.876824
378.83853
384.058433
384.316917
385.814298
388.571894
395.52706
397.832767
417.417067
420.510055
420.663567
423.764254
428.822025
436.108078
445.189085
450.564792
450.592342
451.840422
455.607884
466.888054
474.246452
476.474406
476.911506
478.531184
799.170255
1454.819121
1472.471619
1518.171281
1989.185934
2244.756032
2269.595334
2286.990161
2305.645983
2541.220055
2583.089118
2588.723401
2675.741257
2736.982391
2752.138192
2947.264058
3152.36639
3494.09319
3593.585204
3603.505524
3666.551299
3765.935517
3804.691573
3814.062896
3934.747965
4290.529453
4394.788351
4416.848101
4677.326178
4686.121388
4688.844478
4690.722093
4702.849724
4711.589214
4720.466982
4729.303679
4742.673294
4788.378872
4800.139234
4805.080193
4812.133209
4817.975886
4819.346535
4826.58148
4856.028338
4921.450498
4956.197852
5059.512213
5216.220341
5269.944622
5277.920834
5355.3287
5580.005852
5822.738759
5908.495993
8012.009411
10802.475296
10802.990437
10803.213657
10803.229915
10803.378527
10803.430678
10803.561674
10803.724461
10803.963209
10804.319962
10804.367119
10805.212508
10808.979943
10809.818346
10810.28602
10810.643732
10811.299798
10811.651275
10811.878939
10812.016296
10812.017687
10812.07719
10812.128237
10812.240714
10812.315342
10812.349091
10812.414848
10812.747979
10812.789998
10812.847331
10812.931227
10813.076055
10813.088793
10813.189674
10813.192525
10813.252266
10813.308574
10813.523548
10813.527317
10813.662628
10813.837267
10813.868276
10813.877282
10814.02266
10814.119425
10814.23232
10814.280453
10814.577149
10814.727892
10814.751837
10814.984091
10815.36043
10815.802291
10816.758545
10817.069271
10817.164568
10818.047283
10818.540708
10819.181229
10824.213962
10831.706827
10921.872603
10921.965884
10921.967863
10921.96925
10921.998926
10922.014506
10922.159768
10922.389072
10923.46906
22921.9844
23367.742937
