9.893773
10.163477
19.469479
23.981436
24.683534
30.063499
35.067173
46.456844
93.559493
139.594152
139.724286
142.065074
142.153329
142.241781
142.722706
143.243499
144.748455
145.464695
145.589463
146.853982
146.89654
147.388162
147.440548
148.182136
148.22589
148.964298
149.739938
149.761668
150.17559
150.385242
150.488723
150.520213
150.922263
151.094092
151.197303
151.829991
151.86656
151.956303
151.997274
152.141351
152.691668
152.948983
153.236457
153.354744
153.471883
153.774616
153.979425
154.224518
154.364302
154.888073
155.056322
155.132717
155.406142
155.9163
156.362297
156.564187
156.769609
156.95379
157.551433
158.284025
158.588996
161.002564
161.702945
415.445616
419.232233
419.657788
422.269849
424.434336
424.713203
426.770723
428.11867
433.622097
443.894296
446.453493
447.384874
447.77374
464.368864
486.305151
928.675674
1038.995335
1087.920178
1099.08768
1117.91097
1155.297903
1159.322887
1168.171707
1192.071781
1202.40561
1205.775819
1212.145319
1233.998539
1262.819041
1305.195414
1331.202362
1341.820379
1445.387768
1552.880599
1554.600702
1568.700739
1640.534648
1661.140226
1679.761772
1713.951169
1733.778569
1750.567773
1767.151578
1787.702721
1809.665998
1839.100144
1927.455717
1947.411751
2010.867838
2036.999235
2067.90247
2088.539814
2118.212888
2128.498476
2131.012251
2132.673314
2147.285183
2152.212334
2155.74068
2156.900273
2158.334344
2159.369433
2160.214783
2161.469245
2162.019334
2168.814992
2172.175182
2173.369692
2174.151902
2175.589966
2178.305102
2178.982897
2180.68363
2182.071931
2182.285297
2182.684089
2183.028111
2183.395687
2183.944073
2185.555288
2187.776118
2193.20556
2193.51053
2193.567114
2195.119715
2197.282689
2198.811528
2200.913841
2201.923536
2202.390206
2202.592667
2203.614347
2205.027761
2212.144586
2212.466853
2212.689129
2213.578463
2217.874381
2220.521649
2229.008533
2234.487412
2245.883395
2247.315994
2249.540059
2250.685962
2263.16285
2271.451527
2275.946539
2283.138677
2283.340124
2288.765052
2291.724122
2293.19498
2296.239436
2315.208756
2317.117801
2346.587261
2349.220312
2354.76838
2355.51529
2358.684773
2361.027026
2395.579463
2408.21195
2414.762897
2417.475593
2419.83295
2433.305757
2489.61117
2528.827669
2555.811529
2563.058471
2630.470499
2737.361039
2924.552537
2957.767722
3082.102222
3860.65222
4924.709187
4925.095871
5072.893005
5240.058042
19065.475286
