0.274829
140.655235
142.684302
144.839623
144.888938
147.720462
149.001986
151.902843
152.629966
153.861056
154.994628
155.36427
158.923515
169.792035
170.515553
172.035953
173.88334
173.950337
173.96281
174.530743
174.581406
175.820783
176.383367
176.744285
177.659842
178.218201
179.001499
180.629457
180.76704
181.068656
181.288661
181.291093
181.559033
181.811586
181.898523
182.261689
182.648584
182.950253
183.076294
183.771679
184.244669
184.401251
184.778012
184.855582
184.999169
185.379311
185.45695
185.895266
186.948482
186.951681
187.276372
188.031606
188.600197
189.025788
190.095035
190.447263
190.785854
191.087124
191.473153
191.503412
191.691822
192.076245
192.795825
192.83391
192.871186
193.895246
194.250409
194.466709
194.729672
195.092692
196.732458
196.744976
196.833
197.609868
197.743198
197.878645
198.000413
198.051825
198.256144
198.622838
200.024204
200.167781
200.780529
201.093585
201.542148
201.825239
204.021782
204.029024
204.185856
205.074561
206.145981
207.014482
208.094484
212.847686
214.04548
214.536193
214.789959
214.813569
215.767297
222.713555
226.69854
227.68083
228.668642
228.713664
229.007054
229.870874
232.873722
235.679836
237.696992
240.770595
258.398727
259.206895
267.590396
274.045202
305.117228
313.601573
326.692227
339.29769
361.558325
378.681255
391.330158
414.409388
437.76769
439.745843
441.703376
461.103982
500.886547
503.520629
520.170097
529.514753
540.678116
557.364631
576.648069
577.409737
593.698816
603.129777
606.734786
614.568598
617.075801
617.979831
619.557829
623.646148
694.289486
699.613194
971.437271
985.107497
999.210205
1677.653922
10923.634563
