174.783512
181.435374
182.322261
183.238789
183.868119
184.529898
184.746127
184.758183
184.959562
184.966642
184.984192
186.244934
186.254126
186.289861
186.507676
186.78917
186.91615
187.347982
187.667292
187.999126
188.031322
188.100227
188.173937
188.503311
188.637378
189.12745
189.314115
189.689112
189.753697
189.837678
190.206287
190.269583
190.382018
190.503398
190.577098
190.628375
190.691441
190.859519
190.927741
190.945798
191.206196
191.290539
191.291229
191.396161
191.627668
191.888499
192.092645
192.140251
192.315282
192.784267
192.945136
193.002656
193.210577
193.253544
193.475494
193.561277
193.782599
194.218413
194.266471
194.288993
194.479919
194.755338
194.781989
194.795477
195.013763
195.436229
196.598849
196.649015
197.069215
197.763449
199.794974
200.46441
200.544869
206.839297
323.137268
514.466915
823.723388
835.072196
835.072684
840.785087
841.15331
848.704558
853.29689
862.835939
865.09937
870.768535
874.084425
876.486378
881.956464
895.077685
895.647751
896.083077
896.732129
899.71148
901.187908
903.148992
906.61835
914.328701
947.287384
949.055421
950.697769
957.284705
964.267153
965.289227
965.584961
965.799583
965.982212
967.35407
973.403863
974.595059
975.469027
975.77784
975.865136
976.506466
976.689603
977.204795
977.609795
978.35055
979.661784
979.817116
979.863629
980.160423
980.356827
981.153149
981.425243
981.891664
982.099424
982.119586
982.286116
982.374089
982.502009
982.710629
983.174942
983.691439
983.798226
984.481278
985.039258
985.326591
985.448854
985.860765
986.615427
986.971845
987.199616
987.666238
987.693491
987.723531
988.071092
988.253045
988.434392
988.552908
988.784395
988.803362
988.984557
989.174889
989.211726
989.389893
989.48066
989.54261
989.624766
989.757944
989.804547
989.813637
989.998566
990.129592
990.618109
990.748293
991.293008
991.357293
991.688658
991.689223
991.852526
991.854957
992.344869
992.71308
993.017663
993.140303
993.255573
993.277429
993.392809
993.502772
993.591942
993.957858
994.508981
994.562389
994.697335
994.781166
994.906667
994.989768
995.128146
995.242266
995.406972
995.429692
995.5617
995.676058
995.679372
995.714342
995.76478
995.810826
995.866217
995.992424
996.499385
996.60495
996.643772
996.76872
996.861448
996.876953
997.22647
997.35116
997.413915
997.429493
997.621194
997.798572
997.843338
997.939774
998.208828
998.240497
998.296238
998.317405
998.396155
998.411447
998.60566
998.636426
998.721513
998.751134
998.804
998.871514
999.026175
999.079492
999.24001
999.379282
999.42997
999.443938
999.469618
1000.004044
1000.06856
1000.068577
1000.097215
1000.120862
1000.204475
1000.228573
1000.244448
1000.439863
1000.443334
1000.545329
1000.600084
1000.682486
1000.70906
1000.792196
1000.793375
1000.915529
1000.982697
1001.006492
1001.00799
1001.216845
1001.27358
1001.309612
1001.378524
1001.620466
1001.632648
1001.721786
1001.756639
1001.768057
1002.056606
1002.239611
1002.522767
1002.578863
1002.782398
1003.228295
1003.315384
1003.350845
1003.432687
1003.517111
1003.610001
1003.673687
1003.70468
1003.738346
1003.751044
1003.839865
1003.884608
1003.923519
1004.013551
1004.090639
1004.276268
1004.384494
1004.573292
1004.579778
1004.647244
1004.687427
1004.691824
1004.740906
1004.788757
1004.834778
1004.839644
1004.877273
1004.895321
1004.944727
1004.96569
1004.990981
1004.993873
1005.151035
1005.288683
1005.3355
1005.341638
1005.368719
1005.4479
1005.45252
1005.477285
1005.610955
1005.651769
1005.671212
1005.8568
1005.913461
1005.945742
1006.079116
1006.146717
1006.204713
1006.301453
1006.302459
1006.34907
1006.508291
1006.764184
1006.972746
1007.029881
1007.041598
1007.046091
1007.076917
1007.150266
1007.214396
1007.261583
1007.309357
1007.31496
1007.450495
1007.643633
1007.757393
1007.765293
1007.852391
1007.862353
1007.908206
1007.917392
1007.966697
1007.974914
1007.976731
1008.007687
1008.023219
1008.05481
1008.056011
1008.108502
1008.151503
1008.225747
1008.256874
1008.261399
1008.294327
1008.427879
1008.467283
1008.503177
1008.524819
1008.585718
1008.633817
1008.689019
1008.750679
1008.788215
1008.83392
1008.915171
1008.958683
1009.009104
1009.277905
1009.314264
1009.315791
1009.402733
1009.407902
1009.409074
1009.42048
1009.591062
1009.632362
1009.641907
1009.91282
1010.004784
1010.025488
1010.038223
1010.040269
1010.086296
1010.098976
1010.120361
1010.216371
1010.257136
1010.299307
1010.315342
1010.381179
1010.438416
1010.467529
1010.51522
1010.517361
1010.536046
1010.566999
1010.657579
1010.689251
1010.705863
1010.71527
1010.732233
1010.772464
1010.78664
1010.793763
1010.79821
1010.80146
1010.817577
1010.827105
1010.860336
1010.866181
1010.907619
1010.957096
1010.959217
1011.022256
1011.070749
1011.090362
1011.121623
1011.16797
1011.352266
1011.394806
1011.43691
1011.510583
1011.534692
1011.543928
1011.650135
1011.6541
1011.703043
1011.726321
1011.816854
1011.842995
1011.843547
1011.85787
1011.881553
1011.882789
1012.068926
1012.089298
1012.100331
1012.120648
1012.162296
1012.189289
1012.199047
1012.334398
1012.547006
1012.587089
1012.614766
1012.62008
1012.672334
1012.682739
1012.70093
1012.741814
1012.790193
1012.845994
1012.849214
1012.854253
1012.895142
1012.940655
1013.007562
1013.208858
1013.249491
1013.253268
1013.254049
1013.265119
1013.265505
1013.273028
1013.323762
1013.475518
1013.602087
1013.655545
1013.659752
1013.673615
1013.697302
1013.831222
1013.88018
1013.887654
1013.918222
1014.022726
1014.120639
1014.298773
1014.313716
1014.423184
1014.424317
1014.486944
1014.519547
1014.524244
1014.61612
1014.650857
1014.674394
1014.689809
1014.698183
1014.772733
1014.814098
1014.82336
1014.927152
1014.966746
1014.980578
1015.075051
1015.086027
1015.089499
1015.129815
1015.145226
1015.150633
1015.248409
1015.265628
1015.26832
1015.295195
1015.328694
1015.335082
1015.358446
1015.424691
1015.450339
1015.459535
1015.52684
1015.539723
1015.613783
1015.619606
1015.679496
1015.687526
1015.696722
1015.751244
1015.752969
1015.765042
1015.769669
1015.79395
1015.828242
1015.861815
1015.870734
1015.877635
1015.884069
1015.903736
1015.905901
1015.927749
1015.990333
1016.001553
1016.031202
1016.056473
1016.090594
1016.09222
1016.100066
1016.170755
1016.248782
1016.377154
1016.405581
1016.425957
1016.446211
1016.476508
1016.519446
1016.524948
1016.594336
1016.609159
1016.637057
1016.656398
1016.711381
1016.739733
1016.751207
1016.863999
1016.947553
1016.950411
1017.039269
1017.050664
1017.056117
1017.058721
1017.069372
1017.163497
1017.229996
1017.293343
1017.335657
1017.496374
1017.520544
1017.616734
1017.621273
1017.705509
1017.711595
1017.73951
1017.741943
1017.777568
1017.900104
1017.935958
1017.976916
1018.000879
1018.00145
1018.061988
1018.093462
1018.154011
1018.162861
1018.164655
1018.200857
1018.272668
1018.294105
1018.303454
1018.418513
1018.445003
1018.540176
1018.55377
1018.586721
1018.619253
1018.659224
1018.685077
1018.69588
1018.805732
1018.817001
1018.844882
1018.902316
1018.949582
1018.954712
1019.018222
1019.128851
1019.155948
1019.165259
1019.19147
1019.201942
1019.210729
1019.236504
1019.246874
1019.292783
1019.316052
1019.323008
1019.34889
1019.375495
1019.446037
1019.447497
1019.463948
1019.482633
1019.514428
1019.54893
1019.581225
1019.597883
1019.602241
1019.605588
1019.645292
1019.645736
1019.651555
1019.699317
1019.728623
1019.823216
1019.845838
1019.852348
1019.930295
1019.931879
1019.940029
1020.087269
1020.105836
1020.156494
1020.238558
1020.278031
1020.300755
1020.408711
1020.533171
1020.567996
1020.57924
1020.618371
1020.641975
1020.652724
1020.655712
1020.696837
1020.794465
1020.813079
1020.819733
1020.820814
1020.826472
1020.863493
1020.871886
1020.941157
1020.973664
1020.978162
1020.981302
1020.984361
1020.993002
1021.072242
1021.118
1021.159814
1021.162137
1021.164074
1021.171517
1021.183005
1021.212257
1021.219508
1021.266936
1021.393985
1021.414048
1021.417849
1021.438226
1021.453438
1021.539244
1021.540279
1021.547246
1021.564864
1021.575304
1021.58152
1021.589512
1021.606361
1021.63702
1021.684823
1021.69441
1021.724266
1021.879182
1021.966834
1022.023902
1022.059545
1022.096411
1022.115254
1022.119805
1022.14529
1022.159984
1022.192464
1022.314073
1022.372827
1022.380835
1022.41088
1022.432892
1022.446976
1022.447541
1022.472885
1022.495324
1022.518439
1022.574704
1022.606572
1022.660244
1022.663918
1022.733798
1022.781791
1022.841081
1022.846977
1022.892887
1022.898482
1022.906275
1022.921914
1022.925818
1022.944745
1022.971067
1022.980656
1023.007182
1023.008821
1023.038611
1023.048946
1023.057216
1023.076931
1023.080827
1023.086114
1023.088875
1023.129251
1023.196835
1023.207107
1023.219771
1023.249336
1023.305009
1023.410937
1023.416586
1023.427151
1023.427517
1023.443133
1023.454221
1023.515118
1023.569383
1023.610569
1023.625333
1023.726578
1023.785058
1023.788204
1023.886997
1023.888156
1023.905993
1023.953087
1023.955686
1023.984149
1024.022042
1024.039623
1024.161707
1024.17989
1024.204375
1024.20647
1024.216912
1024.243327
1024.283602
1024.319735
1024.351373
1024.374824
1024.454997
1024.4656
1024.502025
1024.512854
1024.516209
1024.516622
1024.691074
1024.733556
1024.769166
1024.79875
1024.81484
1024.82627
1024.852073
1024.892181
1025.004027
1025.013164
1025.071115
1025.099369
1025.110167
1025.181759
1025.226252
1025.241423
1025.245966
1025.262828
1025.291362
1025.378941
1025.45202
1025.503706
1025.522042
1025.533522
1025.557197
1025.558681
1025.575424
1025.582684
1025.595251
1025.605477
1025.695889
1025.73906
1025.773141
1025.780787
1025.808925
1025.83032
1025.855557
1025.870343
1025.870532
1025.895662
1025.940106
1025.98378
1026.00804
1026.058962
1026.072737
1026.102028
1026.246672
1026.260831
1026.270238
1026.30265
1026.330376
1026.346995
1026.478344
1026.542259
1026.548366
1026.613325
1026.622978
1026.642117
1026.661241
1026.676906
1026.690001
1026.701045
1026.749387
1026.776669
1026.829195
1026.912647
1026.979208
1027.008695
1027.015539
1027.042945
1027.075299
1027.124497
1027.132257
1027.17369
1027.194647
1027.203105
1027.22842
1027.266448
1027.278985
1027.293352
1027.33243
1027.380599
1027.393121
1027.393363
1027.536565
1027.602077
1027.61665
1027.642321
1027.646899
1027.647621
1027.681858
1027.688434
1027.748102
1027.836133
1027.862589
1027.947597
1027.986848
1028.015621
1028.023593
1028.094238
1028.116259
1028.171254
1028.176541
1028.237772
1028.295985
1028.303787
1028.315198
1028.418699
1028.504819
1028.52767
1028.599186
1028.664475
1028.668386
1028.739835
1028.749796
1028.754468
1028.760362
1028.777128
1028.796813
1028.867815
1028.868397
1028.925977
1028.949358
1028.95892
1029.005626
1029.038249
1029.134907
1029.150068
1029.191927
1029.213759
1029.225698
1029.229919
1029.235967
1029.270923
1029.322914
1029.35205
1029.383245
1029.387637
1029.455784
1029.463251
1029.485074
1029.501434
1029.543221
1029.569732
1029.60692
1029.610519
1029.614398
1029.636013
1029.654607
1029.700633
1029.716458
1029.8289
1029.855983
1029.917045
1029.938982
1029.997262
1030.147325
1030.152312
1030.20182
1030.290749
1030.3578
1030.438509
1030.483456
1030.526085
1030.527746
1030.564795
1030.596025
1030.617365
1030.639975
1030.696026
1030.815007
1030.837795
1030.839512
1030.862242
1030.920393
1030.931226
1030.974319
1031.044697
1031.060553
1031.096337
1031.230568
1031.240254
1031.317745
1031.439174
1031.45794
1031.458707
1031.539065
1031.553973
1031.577061
1031.639711
1031.65235
1031.699811
1031.728643
1031.768133
1031.806766
1031.851707
1031.935719
1031.945124
1031.963487
1031.973306
1032.004624
1032.030253
1032.034138
1032.037465
1032.054518
1032.08039
1032.080966
1032.114832
1032.153084
1032.166154
1032.174451
1032.217607
1032.405534
1032.430288
1032.452225
1032.482562
1032.504008
1032.5954
1032.599231
1032.617156
1032.707166
1032.791156
1032.792105
1032.793002
1032.806422
1032.894269
1032.903859
1032.909714
1032.923792
1032.932963
1032.943928
1033.052202
1033.056422
1033.057749
1033.139425
1033.183639
1033.215727
1033.22862
1033.229771
1033.233378
1033.249994
1033.303149
1033.345392
1033.372693
1033.376152
1033.417601
1033.426102
1033.479741
1033.494914
1033.529744
1033.534273
1033.543078
1033.54439
1033.582118
1033.584564
1033.614474
1033.664448
1033.70696
1033.734091
1033.761528
1033.802634
1033.827887
1033.843321
1033.874251
1033.899028
1033.913942
1033.926814
1033.935051
1033.942713
1033.950551
1033.968155
1033.981852
1034.020769
1034.034486
1034.139092
1034.19332
1034.253374
1034.327212
1034.393349
1034.442026
1034.454597
1034.469941
1034.489714
1034.505594
1034.563386
1034.631866
1034.653336
1034.661102
1034.665194
1034.688776
1034.691139
1034.717973
1034.732849
1034.76799
1034.769216
1034.871343
1034.897787
1034.913986
1034.966164
1034.96761
1034.98087
1035.017285
1035.032974
1035.058498
1035.075853
1035.095988
1035.122166
1035.150746
1035.17086
1035.204831
1035.216381
1035.234984
1035.246276
1035.262936
1035.296559
1035.388754
1035.434187
1035.460319
1035.461009
1035.699755
1035.709805
1035.823903
1035.98287
1036.017967
1036.034457
1036.05873
1036.081328
1036.14741
1036.224565
1036.226607
1036.261595
1036.28899
1036.302431
1036.343459
1036.357739
1036.373401
1036.42397
1036.429617
1036.500699
1036.543771
1036.568434
1036.578383
1036.60583
1036.644203
1036.690989
1036.700148
1036.716071
1036.745392
1036.817811
1036.854639
1036.887211
1036.904135
1036.969469
1036.971538
1037.030308
1037.081046
1037.095566
1037.097278
1037.156284
1037.176871
1037.179429
1037.226403
1037.275984
1037.292001
1037.305256
1037.339232
1037.348458
1037.366756
1037.369108
1037.401552
1037.423939
1037.458321
1037.463194
1037.519183
1037.553106
1037.571925
1037.648526
1037.652956
1037.708266
1037.714696
1037.859976
1037.895433
1037.914409
1037.925993
1037.93811
1037.949828
1037.961595
1037.987655
1038.002391
1038.00678
1038.008392
1038.093401
1038.130643
1038.140754
1038.274347
1038.317481
1038.333006
1038.404408
1038.406916
1038.422514
1038.43841
1038.493746
1038.505593
1038.50595
1038.514835
1038.548149
1038.582336
1038.589028
1038.616083
1038.670835
1038.696704
1038.711638
1038.742956
1038.744357
1038.752108
1038.929851
1038.940714
1038.988341
1038.996386
1039.009714
1039.011946
1039.041001
1039.04394
1039.056726
1039.124593
1039.167905
1039.197122
1039.19744
1039.20197
1039.228625
1039.268811
1039.292251
1039.461648
1039.481655
1039.489135
1039.539264
1039.5475
1039.560226
1039.57191
1039.583451
1039.601662
1039.628825
1039.647057
1039.669293
1039.681134
1039.721784
1039.727603
1039.775244
1039.809422
1039.83722
1039.92323
1039.937847
1039.939641
1039.944244
1039.980714
1040.014698
1040.018865
1040.020438
1040.046216
1040.091565
1040.103183
1040.125553
1040.160537
1040.192921
1040.218638
1040.246235
1040.265128
1040.272757
1040.439699
1040.543059
1040.553273
1040.589675
1040.654202
1040.65465
1040.667162
1040.703471
1040.755609
1040.760631
1040.775149
1040.829828
1040.8354
1040.845373
1040.854462
1040.932867
1040.973713
1040.975779
1040.989872
1041.002267
1041.048762
1041.132983
1041.214195
1041.230818
1041.244543
1041.254111
1041.278582
1041.30744
1041.358423
1041.438156
1041.467098
1041.490331
1041.513485
1041.563265
1041.604821
1041.666522
1041.672007
1041.680238
1041.706799
1041.714108
1041.723222
1041.739203
1041.83629
1041.840343
1041.849736
1041.871933
1041.874439
1041.887298
1041.904267
1041.905228
1042.014638
1042.03035
1042.036072
1042.089713
1042.094219
1042.134828
1042.189931
1042.200957
1042.269756
1042.27344
1042.413415
1042.487395
1042.491275
1042.582406
1042.609399
1042.616105
1042.619729
1042.628484
1042.666325
1042.680165
1042.692616
1042.815462
1042.822587
1042.84634
1042.859531
1042.876568
1042.877966
1042.95964
1042.977306
1043.001636
1043.028868
1043.03255
1043.053121
1043.181268
1043.239866
1043.27739
1043.393473
1043.532441
1043.58407
1043.69455
1043.717787
1043.730906
1043.733631
1043.740575
1043.752045
1043.94152
1043.963988
1043.972928
1043.988811
1044.00464
1044.028748
1044.114892
1044.119434
1044.147381
1044.156802
1044.188548
1044.192101
1044.256104
1044.284659
1044.306404
1044.40746
1044.408169
1044.430749
1044.480767
1044.495122
1044.516897
1044.526314
1044.589307
1044.643766
1044.644522
1044.749997
1044.761803
1044.763397
1044.797757
1044.839034
1044.876812
1044.989396
1045.04478
1045.093489
1045.120011
1045.128096
1045.145985
1045.170025
1045.17207
1045.220489
1045.235277
1045.280612
1045.281265
1045.28932
1045.308109
1045.319975
1045.335906
1045.377338
1045.4332
1045.464713
1045.476467
1045.538966
1045.590366
1045.676333
1045.69101
1045.698621
1045.736854
1045.747403
1045.782049
1045.804365
1045.957069
1046.003419
1046.026394
1046.068662
1046.07919
1046.128651
1046.177343
1046.199312
1046.222595
1046.272022
1046.279416
1046.291834
1046.327608
1046.476907
1046.482731
1046.507667
1046.547509
1046.55487
1046.562274
1046.630624
1046.639508
1046.648434
1046.714286
1046.750816
1046.838945
1046.864863
1046.926134
1046.941324
1046.962778
1046.963546
1046.989255
1047.079859
1047.093907
1047.194721
1047.204232
1047.256564
1047.291284
1047.309614
1047.339123
1047.381237
1047.389408
1047.391304
1047.397045
1047.406724
1047.427189
1047.457646
1047.478984
1047.486389
1047.491557
1047.492604
1047.515905
1047.573496
1047.665303
1047.784396
1047.81
1047.825942
1047.83483
1047.927871
1047.940421
1047.979279
1048.081966
1048.113841
1048.119182
1048.122
1048.124212
1048.152705
1048.254011
1048.309681
1048.310488
1048.313666
1048.36596
1048.402522
1048.427018
1048.435045
1048.441448
1048.457807
1048.467031
1048.469967
1048.472982
1048.477884
1048.493568
1048.587462
1048.614531
1048.619754
1048.666005
1048.716958
1048.77226
1048.794046
1048.794378
1048.810685
1048.862408
1048.891075
1048.91761
1048.955911
1048.971452
1048.983506
1049.072847
1049.07459
1049.075064
1049.088339
1049.164193
1049.205605
1049.225344
1049.229697
1049.230736
1049.293704
1049.325714
1049.374936
1049.388709
1049.475496
1049.497179
1049.57521
1049.653703
1049.736128
1049.73934
1049.789361
1049.818012
1049.843411
1049.911174
1049.996967
1050.015011
1050.024478
1050.029225
1050.053806
1050.061639
1050.135307
1050.138743
1050.253638
1050.280979
1050.388305
1050.399856
1050.402993
1050.411427
1050.516673
1050.558604
1050.585172
1050.605036
1050.674022
1050.70877
1050.731282
1050.751764
1050.822816
1050.862094
1050.914403
1050.982252
1051.083055
1051.22568
1051.296089
1051.341008
1051.359534
1051.370794
1051.388833
1051.407444
1051.411564
1051.429339
1051.449491
1051.480553
1051.575723
1051.690039
1051.765898
1051.838101
1051.850663
1051.861472
1051.879039
1051.879146
1051.912972
1051.9593
1051.996889
1051.998603
1052.009934
1052.032155
1052.086934
1052.13995
1052.158663
1052.16094
1052.179184
1052.290412
1052.314221
1052.346133
1052.415026
1052.552421
1052.561091
1052.583026
1052.593212
1052.649265
1052.656122
1052.711411
1052.734369
1052.782521
1052.809782
1052.870657
1052.907849
1052.966014
1052.968551
1052.98814
1053.010405
1053.012972
1053.077753
1053.08642
1053.125703
1053.12766
1053.177945
1053.267601
1053.363188
1053.393401
1053.394914
1053.465572
1053.48038
1053.512345
1053.51598
1053.594751
1053.602158
1053.606084
1053.609107
1053.659795
1053.723958
1053.815832
1053.892846
1053.906602
1053.910373
1053.917606
1053.955962
1054.078872
1054.114736
1054.161075
1054.169158
1054.207371
1054.430499
1054.49437
1054.500645
1054.533869
1054.620616
1054.627779
1054.657114
1054.665836
1054.667182
1054.672772
1054.716033
1054.716918
1054.718549
1054.734104
1054.762993
1054.845216
1054.867211
1054.88671
1054.950747
1054.992212
1055.019285
1055.098283
1055.111773
1055.136456
1055.140807
1055.14516
1055.150908
1055.160197
1055.212624
1055.240097
1055.25141
1055.27467
1055.317043
1055.320855
1055.321517
1055.338958
1055.438391
1055.479205
1055.523064
1055.552711
1055.569815
1055.571945
1055.642366
1055.683137
1055.793997
1055.855384
1055.950502
1056.076934
1056.090684
1056.20801
1056.269918
1056.329526
1056.33008
1056.414632
1056.512353
1056.591501
1056.632927
1056.633321
1056.648588
1056.692327
1056.733927
1056.83613
1056.941715
1056.968004
1056.991736
1057.025064
1057.034887
1057.040673
1057.148845
1057.150525
1057.209157
1057.428815
1057.485706
1057.531144
1057.543145
1057.572445
1057.744713
1057.746876
1057.79698
1057.871325
1057.926745
1057.984672
1058.011432
1058.062649
1058.095002
1058.128343
1058.175817
1058.203236
1058.253307
1058.253496
1058.25725
1058.304935
1058.399677
1058.478083
1058.552298
1058.589413
1058.603897
1058.628926
1058.690756
1058.711609
1058.740408
1058.75977
1058.782539
1058.839162
1058.85304
1058.856515
1058.870811
1058.906624
1058.977586
1059.037423
1059.170524
1059.204682
1059.220435
1059.354625
1059.359262
1059.419879
1059.484809
1059.517887
1059.543074
1059.719669
1059.753056
1059.775308
1059.8369
1059.850933
1059.883177
1059.883181
1059.947606
1059.96474
1060.071444
1060.082498
1060.103098
1060.108753
1060.12363
1060.151462
1060.167888
1060.208823
1060.343337
1060.388959
1060.452057
1060.480561
1060.492123
1060.551207
1060.626928
1060.667645
1060.8185
1060.835795
1060.855768
1060.879728
1060.88057
1060.917688
1061.107162
1061.218879
1061.314097
1061.357294
1061.402192
1061.461453
1061.497001
1061.604277
1061.613881
1061.667674
1061.742297
1061.770518
1061.811606
1061.822889
1062.087435
1062.093683
1062.221332
1062.239438
1062.372882
1062.557154
1062.586185
1062.588314
1062.58905
1062.595872
1062.656791
1062.709334
1062.710494
1062.735457
1062.814506
1062.867462
1062.867592
1062.917144
1062.934413
1062.939657
1062.954671
1063.087485
1063.091367
1063.129464
1063.430225
1063.472831
1063.523302
1063.592988
1063.615932
1063.753133
1063.786975
1063.812272
1063.842503
1063.929005
1063.9671
1063.970908
1063.99113
1064.029493
1064.07597
1064.136811
1064.18431
1064.250421
1064.251487
1064.322515
1064.463172
1064.471636
1064.598082
1064.599136
1064.60257
1064.644604
1064.694095
1064.702703
1064.709586
1064.80336
1064.835995
1064.984565
1064.994701
1064.999387
1065.050867
1065.134351
1065.247384
1065.309489
1065.346083
1065.40682
1065.434127
1065.451971
1065.464561
1065.485981
1065.653833
1065.755559
1065.779323
1065.892044
1065.925039
1065.965267
1065.974082
1065.996554
1066.034915
1066.199036
1066.20971
1066.225747
1066.249771
1066.264073
1066.287702
1066.295188
1066.369128
1066.417541
1066.448186
1066.6797
1066.713015
1066.78819
1066.794512
1066.831569
1066.853522
1067.027536
1067.102203
1067.157403
1067.167917
1067.217632
1067.255186
1067.301884
1067.357298
1067.387361
1067.435227
1067.450882
1067.460379
1067.489473
1067.492722
1067.506034
1067.522567
1067.527946
1067.569537
1067.57091
1067.574339
1067.577753
1067.633212
1067.672608
1067.77692
1067.814412
1067.820859
1067.845688
1067.87304
1067.95305
1067.966986
1067.975703
1068.00091
1068.08349
1068.149722
1068.26827
1068.281366
1068.435635
1068.451529
1068.579842
1068.602813
1068.633079
1068.635799
1068.672644
1068.807619
1068.840126
1068.862563
1068.86972
1068.879646
1068.964966
1069.007583
1069.027535
1069.032083
1069.092829
1069.110246
1069.263074
1069.29295
1069.399634
1069.405752
1069.555496
1069.574592
1069.594104
1069.628645
1069.638367
1069.645012
1069.695656
1069.755589
1069.825585
1070.026485
1070.103387
1070.114848
1070.168921
1070.171046
1070.273689
1070.276658
1070.280555
1070.287088
1070.29421
1070.350678
1070.377089
1070.450113
1070.475258
1070.58041
1070.583817
1070.702324
1070.766101
1070.987057
1071.135834
1071.181989
1071.198833
1071.216871
1071.233735
1071.235925
1071.266159
1071.345224
1071.442835
1071.452805
1071.561606
1071.701008
1071.830214
1071.851139
1071.942217
1071.980311
1072.082757
1072.163253
1072.227806
1072.234007
1072.250445
1072.279767
1072.29775
1072.372676
1072.399989
1072.427388
1072.46997
1072.557461
1072.570468
1072.709202
1072.771973
1072.835611
1072.889709
1072.963596
1073.028641
1073.046995
1073.145128
1073.376851
1073.414526
1073.443442
1073.476522
1073.524437
1073.608693
1073.612835
1073.822977
1073.903812
1073.904418
1073.916256
1073.950282
1073.958976
1074.04776
1074.051506
1074.353603
1074.400273
1074.467386
1074.605173
1074.626824
1074.710772
1074.896346
1075.034019
1075.13048
1075.239881
1075.550463
1075.677524
1075.715417
1075.744782
1075.764926
1075.831588
1075.838178
1075.861567
1075.871129
1076.052849
1076.193446
1076.193834
1076.268475
1076.4237
1076.610093
1076.655932
1076.68255
1076.744438
1077.199084
1077.296715
1077.38195
1077.53961
1077.584541
1077.611183
1077.634938
1077.758825
1077.779313
1077.796837
1077.809382
1077.816126
1077.874894
1077.998547
1078.010575
1078.144081
1078.326393
1078.368302
1078.372194
1078.450091
1078.460623
1078.477419
1078.556194
1078.650385
1078.730732
1079.092727
1079.095542
1079.146438
1079.18151
1079.240245
1079.286475
1079.417311
1079.44951
1079.516764
1079.526983
1079.641092
1079.828296
1079.963407
1080.317476
1080.376982
1080.410097
1080.433359
1080.445691
1080.513481
1080.526557
1080.579526
1080.611995
1080.617865
1080.738816
1080.771615
1080.82419
1081.170228
1081.306155
1081.329944
1081.364746
1081.400829
1081.636229
1081.827996
1081.837602
1081.84203
1081.948414
1081.956543
1082.026305
1082.077929
1082.087537
1082.106318
1082.214942
1082.237108
1082.355656
1082.496958
1082.514616
1082.548483
1082.641799
1082.643571
1082.663673
1082.697359
1082.749809
1082.788928
1082.798505
1082.802181
1082.929831
1082.941302
1083.10192
1083.109456
1083.260165
1083.273705
1083.310846
1083.343993
1083.422392
1083.456453
1083.489054
1083.59108
1083.697986
1083.764375
1084.137595
1084.138066
1084.196415
1084.295653
1084.325724
1084.338078
1084.393978
1084.743248
1085.3462
1085.431604
1085.548817
1085.576168
1085.580205
1085.820788
1085.93943
1085.957022
1086.145525
1086.185258
1086.314496
1086.447277
1086.852212
1086.981062
1087.007922
1087.252749
1087.314659
1087.4791
1087.507983
1087.95417
1088.295624
1088.321252
1088.396481
1088.45031
1088.603673
1088.618602
1088.74661
1088.822266
1088.981759
1089.162858
1089.220931
1089.30899
1089.373633
1089.416717
1089.487393
1089.648345
1089.70419
1089.739972
1089.805144
1090.093957
1090.355447
1090.402624
1090.43041
1090.605524
1090.645681
1090.69874
1090.878593
1090.898182
1090.954813
1090.982895
1091.095454
1091.100601
1091.176904
1091.393385
1091.402584
1091.531676
1091.766516
1091.861235
1091.94875
1092.052908
1092.489183
1092.527742
1092.625046
1092.703784
1093.01401
1093.020044
1093.102091
1093.428614
1093.659298
1093.660174
1093.683323
1093.863272
1094.347611
1094.507643
1094.810274
1095.268591
1095.359308
1095.638697
1095.744662
1095.841788
1095.977148
1096.005916
1096.694777
1097.118081
1097.16039
1097.505263
1097.653814
1097.660707
1097.671161
1097.811769
1098.011468
1098.191747
1098.367215
1098.734352
1099.026387
1099.536823
1099.728722
1100.155179
1100.20365
1100.483145
1100.529744
1100.531511
1100.544149
1100.690682
1101.769691
1102.283083
1102.287533
1102.324033
1102.445641
1102.579859
1102.975201
1104.050956
1104.085786
1104.148314
1104.508084
1104.549992
1104.643429
1104.730975
1104.826973
1105.317732
1105.330034
1105.472906
1105.48976
1105.734499
1105.984298
1106.322427
1106.333742
1106.437786
1106.46268
1106.568844
1106.9851
1107.089477
1107.170862
1107.253489
1108.862519
1109.344898
1109.401383
1109.750837
1109.993445
1110.577918
1110.980153
1110.987457
1111.189417
1111.562529
1111.995202
1112.068184
1112.142396
1112.429287
1113.395491
1113.466543
1113.872775
1113.877989
1114.044132
1114.189805
1114.47061
1114.721053
1115.226523
1115.267958
1115.545384
1116.288152
1116.459144
1116.9243
1117.148188
1117.589869
1117.668478
1117.999294
1118.308843
1118.439754
1118.596992
1118.610895
1118.612814
1118.656231
1118.656377
1118.737243
1118.857234
1118.954916
1119.331396
1119.876446
1120.07198
1120.192216
1120.280269
1120.492295
1120.662796
1121.103858
1121.116329
1121.129734
1121.155603
1121.275534
1121.692478
1121.822196
1122.727884
1122.751714
1122.803225
1123.079749
1123.685064
1124.261712
1124.284774
1124.53756
1124.682651
1124.925475
1125.095848
1125.690097
1126.036383
1126.581478
1126.792227
1126.969305
1127.145421
1127.42321
1127.664874
1128.113844
1128.906237
1128.978845
1129.281619
1129.294593
1129.39447
1129.960703
1130.573976
1131.140584
1132.022125
1132.163344
1133.174272
1133.686576
1133.899227
1134.844623
1135.176517
1135.23335
1135.93416
1136.082393
1136.209555
1136.686676
1137.329741
1137.351604
1137.628636
1137.833667
1138.332381
1138.361157
1138.537785
1140.561099
1140.785175
1140.835572
1141.009122
1141.030132
1141.286377
1141.367661
1141.57397
1142.049401
1142.45711
1142.624379
1142.66508
1142.680185
1142.736136
1143.019048
1143.270352
1143.336937
1143.577912
1143.769919
1144.174621
1144.207428
1144.391919
1145.280201
1145.582545
1145.687937
1145.743702
1145.96567
1146.434297
1146.697068
1146.708018
1146.764216
1147.19678
1147.238654
1147.318703
1148.282264
1148.440294
1148.528186
1148.657675
1148.681974
1148.86624
1149.02558
1150.320119
1150.67333
1151.096677
1151.105922
1151.434872
1152.203063
1153.172074
1154.734554
1154.75808
1154.892685
1155.197379
1155.335928
1155.779456
1156.299061
1156.456726
1156.606817
1156.703826
1157.067156
1157.619124
1158.406694
1158.477796
1158.503483
1159.446221
1159.594236
1159.787953
1159.826017
1160.212487
1160.449033
1162.065746
1162.147368
1162.347266
1162.423126
1162.700429
1163.007363
1163.573419
1163.949642
1164.285797
1165.30304
1165.406254
1165.904611
1165.929621
1165.997548
1166.315768
1166.84914
1166.856362
1167.690812
1170.099113
1170.115507
1170.295146
1170.772999
1170.894664
1171.097644
1171.408903
1171.565665
1172.748321
1172.950222
1172.978301
1173.326833
1173.399882
1173.86296
1173.995577
1174.057963
1174.312631
1175.156764
1175.877131
1177.279329
1177.588499
1178.054966
1178.905457
1178.948641
1179.786542
1181.031594
1181.321014
1183.44785
1183.498541
1184.503918
1184.646209
1185.303623
1185.64456
1185.682355
1185.874201
1186.027609
1186.865411
1187.507554
1187.864147
1188.566844
1188.603306
1188.987611
1189.106311
1189.875284
1190.176874
1190.432478
1190.903272
1192.22054
1193.491103
1193.598746
1194.263316
1194.495461
1194.573691
1194.684436
1194.795717
1195.392708
1195.393081
1196.002927
1196.687588
1197.07182
1197.492401
1197.823523
1198.293074
1198.413925
1198.487418
1199.357798
1199.463166
1200.00751
1200.031237
1201.142322
1201.941325
1202.090087
1203.082485
1203.27157
1204.762873
1205.338053
1207.03397
1207.396232
1207.95531
1207.985324
1208.146251
1208.631024
1209.263333
1210.698493
1211.56234
1211.653742
1213.077777
1213.282163
1213.630181
1213.825692
1214.562151
1217.556587
1218.060752
1218.449634
1219.946168
1222.633433
1223.078431
1224.535557
1224.717407
1225.45302
1225.867704
1226.628603
1229.340126
1229.365103
1229.542292
1229.631464
1229.814315
1229.817848
1230.957178
1231.24484
1231.455843
1232.290172
1232.725497
1232.911401
1234.639643
1235.031387
1237.403512
1237.702796
1237.705082
1237.910898
1238.643808
1238.673949
1239.871907
1240.520911
1240.951376
1241.068389
1241.369194
1243.106142
1243.223146
1243.310826
1244.123541
1244.574588
1245.139188
1246.400963
1246.456324
1248.505886
1248.821017
1250.564717
1250.608785
1250.793068
1251.463996
1253.220632
1253.369506
1254.797318
1257.622052
1257.785156
1264.375437
1265.375886
1269.889167
1271.262745
1275.557454
1276.142088
1280.643047
1280.855658
1284.293141
1285.029643
1286.574747
1286.94581
1290.727156
1290.813778
1295.009705
1295.436247
1301.886929
1302.072606
1303.339197
1307.800943
1312.306045
1316.137425
1316.599022
1366.545384
1387.268592
1398.849681
1406.986903
1412.519394
1429.903708
1436.750949
1701.857269
2816.380644
4253.647043
4342.435801
8533.560516
