3463.99498
3700.396682
4359.222295
4421.221148
4594.700089
4926.551711
5479.203689
5537.76059
5581.463981
5616.419347
5644.987342
5651.445877
5666.318706
5669.898085
5681.209784
5693.817509
5694.265324
5704.535449
5727.842079
5751.72649
5755.092488
5763.666561
5763.928106
5764.389035
5766.742389
5768.106018
5773.612656
5783.702675
5813.211809
5836.075686
5841.330258
5846.530147
5852.769989
5855.50004
5870.273778
5873.635042
5892.215424
5897.39199
5906.547445
5916.282799
5955.201898
5961.203587
5966.564945
5967.089364
5983.820467
5989.23422
5998.960212
6002.249942
6013.505488
6017.064866
6026.328842
6033.568965
6039.202068
6053.31348
6062.737123
6065.943852
6066.470627
6068.262662
6073.439714
6075.876424
6077.952816
6084.339588
6087.229043
6097.53037
6098.10981
6104.040711
6122.354523
6126.461685
6129.12771
6131.459559
6131.675136
6133.378266
6135.500918
6145.398252
6154.308942
6172.312203
6173.300776
6178.292385
6179.802504
6189.932544
6191.158651
6193.45332
6196.120017
6202.527643
6203.972121
6205.789998
6210.11461
6210.371273
6215.988808
6219.37393
6223.557196
6232.483956
6235.704976
6243.102326
6245.569321
6245.771834
6253.24395
6257.526357
6260.294617
6266.438382
6269.830969
6272.159468
6277.388966
6277.540095
6291.35877
6322.879833
6343.322632
6348.644897
6348.856119
6350.651628
6361.655578
6361.910884
6398.435486
6402.195783
6431.510761
6433.651199
6462.39353
6479.072693
6509.76811
6510.389476
6552.77028
6598.963486
6630.191694
6644.695397
6650.792991
6674.914192
6679.281104
6683.523586
6839.260863
6879.402958
7028.17181
7060.193827
7122.172313
7125.636809
7170.048296
7536.332917
7566.260598
7582.240295
7589.01749
7595.271915
7608.315533
7637.619636
7643.051709
7648.973593
7650.364327
7655.322653
7667.538641
7676.525968
7682.885145
7687.619531
7687.661097
7692.547494
7693.249217
7696.63814
7700.725623
7701.963101
7706.429421
7714.617225
7714.820222
7720.552637
7726.019016
7726.354274
7727.663199
7730.168611
7735.044776
7741.97987
7747.421304
7751.410774
7752.558819
7752.687961
7754.907345
7760.711281
7761.333273
7761.356202
7764.747565
7765.217581
7765.427464
7766.339391
7767.044191
7767.70451
7768.330417
7769.558018
7769.645929
7774.074082
7778.687779
7781.104582
7781.16188
7781.373035
7781.97017
7784.073084
7785.876427
7786.543784
7789.145682
7791.476302
7793.728855
7794.371071
7796.3274
7797.418073
7799.458171
7800.355993
7803.131412
7803.142299
7803.531297
7804.189008
7804.515365
7805.245487
7805.265845
7805.374405
7805.649212
7806.976756
7807.283304
7807.329689
7811.114043
7813.680883
7816.051609
7817.44239
7818.34594
7822.628289
7823.946871
7824.292543
7825.192509
7826.241354
7827.007775
7827.826075
7828.509404
7828.672537
7829.547053
7829.785453
7831.516005
7832.397626
7832.788291
7835.363153
7835.3914
7837.710707
7838.760921
7838.837154
7838.885967
7838.923908
7844.815807
7845.501422
7845.747511
7848.52536
7850.06548
7851.490875
7854.779528
7857.34101
7859.419762
7861.235206
7862.17209
7863.024431
7865.389843
7866.713892
7867.587255
7869.280961
7869.46521
7871.453664
7871.663294
7872.916507
7873.445852
7873.795014
7874.0975
7875.15766
7876.005056
7877.02356
7878.057257
7878.559288
7879.03179
7883.303276
7883.867625
7884.708025
7886.835018
7887.220885
7888.266996
7888.426456
7891.464039
7891.896727
7893.111144
7893.151135
7893.554233
7894.258015
7895.854459
7896.233249
7896.443498
7897.040789
7897.7753
7898.121977
7899.115677
7900.328892
7901.105653
7901.876249
7901.945888
7902.230549
7902.235716
7903.186004
7903.80768
7904.416745
7905.378644
7905.495113
7905.580605
7906.519068
7907.430659
7908.092138
7908.728456
7908.821989
7909.910015
7910.078795
7910.427639
7911.021364
7912.059895
7912.349907
7913.090635
7913.116098
7913.296382
7913.535875
7913.635178
7914.755294
7914.873051
7915.998436
7916.165829
7917.013202
7917.157657
7917.413211
7918.050019
7918.180327
7918.494541
7919.028034
7919.369123
7919.909516
7920.483939
7921.346748
7921.393233
7921.718083
7922.310122
7922.410666
7924.593897
7924.673225
7926.366375
7929.49048
7930.166416
7930.863229
7931.202322
7931.836571
7932.178574
7932.299249
7932.580148
7933.617542
7935.837935
7936.46562
7937.225223
7938.184061
7939.059077
7939.456799
7939.533559
7940.073149
7940.659
7940.721355
7941.04521
7941.166658
7942.084614
7942.149306
7942.171162
7942.588472
7944.070635
7944.654122
7944.717303
7946.2407
7946.385212
7947.031218
7947.087655
7947.126066
7947.846412
7948.332655
7948.515042
7949.613933
7950.087014
7950.136934
7950.451078
7950.66929
7950.830846
7951.67502
7951.711213
7952.3414
7953.401076
7953.407644
7953.531229
7953.73512
7955.736158
7955.824925
7956.151154
7957.442452
7958.440866
7960.008847
7960.0964
7960.334747
7960.609125
7961.721598
7962.046849
7962.648405
7962.843283
7963.520059
7963.963822
7965.206504
7966.993594
7966.99694
7967.14178
7967.57522
7967.635721
7968.024082
7968.774295
7968.917826
7969.226042
7970.126389
7970.272709
7970.438682
7971.039803
7971.386638
7971.500554
7972.084222
7972.536222
7973.743775
7974.131706
7974.141216
7974.865646
7975.111422
7975.465056
7977.362092
7978.4402
7978.552347
7978.765575
7979.503456
7979.639954
7981.242715
7981.495291
7982.411916
7982.825437
7983.237348
7983.490296
7983.59517
7983.872418
7985.801811
7985.812298
7988.535082
7988.636837
7988.710952
7990.09803
7990.656231
7990.892827
7991.63485
7992.871602
7992.883503
7994.670391
7994.858582
7994.959469
7995.019652
7995.100635
7995.470561
7995.598074
7995.788075
7997.272447
7997.552629
7997.844186
8000.8085
8000.811091
8001.493338
8001.717881
8001.925399
8002.060557
8003.487467
8003.685237
8006.493662
8006.522913
8008.226948
8008.558493
8010.158222
8010.331221
8011.430424
8012.364393
8012.458166
8012.593757
8013.562972
8013.641984
8014.347876
8014.897452
8015.129893
8015.254977
8016.194257
8016.722848
8017.788132
8018.328214
8019.182682
8019.659378
8020.020306
8020.981736
8021.692397
8023.248151
8023.752279
8024.384141
8024.901727
8025.162708
8025.318835
8026.293187
8026.297381
8026.707542
8026.902748
8027.012588
8027.026927
8027.218794
8027.760806
8028.050948
8028.355145
8028.482893
8029.079902
8029.111929
8029.135693
8029.90746
8030.939242
8033.755169
8033.776
8033.936829
8034.758277
8035.447406
8036.017634
8036.027289
8036.165282
8036.981298
8037.730084
8037.967537
8038.165429
8038.299282
8039.380581
8040.393622
8041.024956
8041.538069
8042.481507
8042.773675
8042.950992
8043.360869
8043.534896
8043.952631
8044.663543
8045.816542
8045.834895
8046.526831
8046.571512
8047.031512
8047.292587
8048.510604
8048.915196
8049.812432
8051.764973
8052.980515
8053.727184
8053.780579
8054.431016
8054.674509
8055.25754
8055.421831
8055.444547
8055.629173
8055.964856
8056.073598
8056.089141
8057.184454
8057.256358
8057.348151
8057.921421
8058.03846
8058.099179
8058.662078
8059.18905
8059.845286
8059.871897
8060.438413
8061.083644
8061.980553
8061.983884
8062.214163
8062.270248
8062.393307
8062.45234
8062.669825
8063.838056
8063.854787
8064.89827
8064.961906
8065.448142
8065.820787
8065.896618
8066.410394
8066.947049
8067.468621
8067.752288
8069.139894
8069.278231
8069.650567
8069.84248
8070.022802
8070.872099
8070.989685
8071.488888
8072.545172
8072.592792
8072.877001
8073.026985
8073.517054
8073.8411
8074.04651
8075.950798
8076.259389
8076.451465
8076.681121
8077.1396
8077.694417
8077.901158
8078.022588
8078.774153
8082.068188
8082.175298
8082.321815
8082.468996
8084.083198
8084.251265
8084.822069
8085.21197
8085.28725
8085.425285
8086.071566
8086.300641
8087.446266
8087.807419
8090.21799
8090.889719
8091.917969
8092.912674
8093.281238
8093.306851
8093.327912
8093.343746
8093.624058
8094.453349
8094.648366
8095.020576
8095.517982
8096.742495
8099.331235
8099.480952
8099.766535
8100.097377
8100.15027
8100.334412
8101.13234
8102.207583
8103.731788
8104.083589
8104.246838
8104.618123
8105.137222
8105.635651
8105.637272
8105.813989
8106.144045
8107.271834
8108.349805
8108.42165
8108.960669
8109.218363
8109.604959
8110.582721
8111.045223
8111.341443
8111.621519
8111.992336
8112.074807
8112.152837
8112.519353
8112.752852
8112.930071
8113.143566
8113.40659
8113.63668
8113.886149
8114.254327
8114.851191
8115.094576
8115.24597
8115.30516
8115.379944
8117.436776
8119.608675
8119.721744
8120.540251
8120.613696
8120.695997
8121.191581
8121.561146
8121.866133
8122.227607
8122.607629
8122.69023
8122.973777
8123.775913
8123.907159
8123.95914
8123.960765
8124.018033
8124.754837
8125.628442
8125.78499
8126.140277
8126.943016
8127.557133
8127.618483
8128.224801
8128.551181
8128.617927
8128.979739
8129.142757
8129.221908
8129.755169
8130.838906
8132.64791
8133.564025
8134.322042
8134.654187
8135.230788
8136.137399
8136.816889
8137.429782
8137.781703
8137.948227
8137.994039
8138.746932
8139.125906
8139.328038
8139.896682
8141.318516
8141.608873
8142.363538
8142.726157
8143.038524
8143.118816
8143.589549
8143.62046
8144.311013
8145.807934
8146.204456
8148.43509
8149.052354
8150.163747
8150.298074
8150.393031
8150.568313
8150.641042
8151.046078
8151.57123
8153.461157
8153.721197
8154.299055
8154.50232
8154.696187
8154.765582
8154.90741
8155.230328
8156.649023
8158.463149
8158.509666
8159.710952
8160.046346
8160.866498
8160.875556
8161.425492
8161.946547
8162.475001
8163.496128
8163.64405
8164.482606
8164.759286
8165.084401
8165.098331
8165.59556
8165.659975
8165.856847
8166.878951
8167.691967
8168.388483
8168.961866
8169.034328
8170.209499
8170.960993
8171.261927
8171.469757
8171.598088
8171.778378
8171.828496
8172.103972
8172.340559
8172.59679
8173.846865
8174.012798
8174.429969
8174.861407
8175.099616
8176.040986
8179.412546
8179.595814
8179.891613
8180.34506
8181.0815
8181.625233
8182.594059
8183.467227
8183.629684
8183.822509
8184.14181
8185.069471
8185.824916
8186.046591
8186.314715
8186.484993
8186.704276
8189.79828
8190.492484
8191.006866
8191.251942
8191.477547
8191.520003
8191.583805
8194.018096
8194.740659
8194.814716
8195.663525
8196.501411
8196.732975
8196.868689
8197.131226
8197.649406
8197.691379
8198.790275
8198.936265
8199.112812
8199.952378
8200.060903
8202.035912
8202.874931
8203.132871
8203.144674
8204.321355
8205.421645
8205.8408
8206.225042
8207.281583
8207.921956
8208.575723
8208.772607
8210.643439
8211.266391
8211.387348
8212.598875
8212.680814
8212.762159
8213.13484
8213.16707
8213.193689
8213.838921
8214.11436
8214.47277
8215.395653
8217.243601
8217.864501
8218.353659
8218.868319
8219.26332
8219.470805
8220.058287
8220.123262
8220.398688
8220.479397
8220.635185
8221.010221
8221.799529
8222.815789
8222.919135
8223.1435
8223.36226
8224.55608
8224.728933
8224.780522
8224.920948
8225.095169
8225.579619
8225.611595
8226.516098
8226.580155
8227.857906
8228.042707
8229.212239
8230.030464
8231.398206
8231.404768
8232.078215
8232.305795
8232.58015
8233.474788
8233.495684
8233.496661
8234.21363
8234.46747
8234.750162
8235.379126
8235.865699
8236.768459
8237.921583
8238.167076
8238.868755
8239.013398
8239.88008
8241.967143
8242.998443
8243.62285
8243.755131
8244.070638
8244.708416
8244.910838
8244.974305
8245.688413
8246.074306
8246.548062
8248.005156
8248.175688
8249.057351
8250.004575
8250.281843
8253.207733
8253.556761
8254.560097
8255.56485
8255.863838
8257.205952
8259.399266
8259.524379
8259.780894
8260.235598
8261.787086
8262.173901
8263.698553
8264.565867
8265.723773
8267.745454
8268.130081
8269.008731
8269.430876
8269.567434
8269.763722
8269.864861
8270.24463
8270.878449
8272.011994
8272.487834
8272.978298
8273.476426
8273.998619
8274.094903
8274.862444
8274.954359
8275.323155
8277.162733
8277.29182
8277.697539
8278.943741
8279.78367
8280.440439
8280.867509
8280.886912
8281.182039
8283.248415
8283.301971
8286.003159
8286.041132
8286.31403
8287.742611
8288.480043
8288.808127
8288.889277
8289.6633
8291.075434
8291.112467
8291.526589
8293.033292
8295.011678
8296.162634
8296.665687
8296.751046
8298.779711
8298.910299
8299.709642
8299.917368
8300.052205
8300.216174
8300.628192
8301.695244
8302.052674
8306.404078
8308.413371
8308.627259
8308.707147
8310.295497
8310.611534
8310.657759
8310.871484
8311.435174
8312.317762
8312.401548
8314.703099
8315.393347
8317.500199
8318.80371
8318.890941
8321.134695
8321.632441
8323.398323
8323.665916
8323.69865
8323.915846
8324.389304
8325.025645
8325.757628
8326.849664
8327.113377
8327.651575
8328.750791
8331.040759
8334.754527
8336.925229
8337.762784
8338.865341
8340.4478
8340.535575
8341.25312
8341.35434
8343.439424
8348.885294
8349.191097
8349.639315
8349.909846
8350.046646
8350.052771
8351.670093
8352.75921
8353.046196
8354.265321
8354.317611
8357.635782
8359.213131
8360.134967
8365.237007
8366.579832
8366.938585
8368.906913
8369.076761
8371.45665
8371.471861
8372.325469
8375.172903
8376.085213
8376.680564
8379.923693
8383.025014
8386.415143
8386.521912
8387.431888
8388.099449
8389.3684
8390.381441
8391.002371
8392.871037
8392.971343
8393.332738
8394.809453
8396.395396
8397.336158
8399.558432
8402.552623
8404.056162
8405.091201
8406.171211
8406.232196
8409.550285
8412.284923
8414.523691
8414.607917
8415.126592
8415.963341
8416.550264
8416.647198
8417.086946
8418.038405
8419.162844
8419.741637
8421.608633
8422.244944
8423.854254
8431.787666
8431.914733
8432.416444
8432.555871
8436.109533
8436.159763
8439.893737
8448.041413
8448.525534
8452.016577
8452.339894
8453.55292
8455.47705
8457.388426
8457.413552
8459.55521
8459.87982
8461.251133
8464.443959
8466.310126
8466.400154
8468.493788
8469.863452
8471.013897
8471.19813
8471.3521
8478.739318
8478.854653
8481.073144
8490.330305
8490.847194
8491.144056
8491.643856
8492.732011
8492.916409
8495.467908
8497.442985
8498.146865
8498.688814
8499.438545
8500.602614
8502.598555
8502.963989
8503.337482
8506.951671
8507.511257
8511.895584
8512.783646
8515.326831
8522.219407
8523.932048
8524.191624
8525.071895
8528.810166
8529.789619
8529.969719
8530.980742
8534.937381
8536.566633
8537.822554
8538.030543
8538.240045
8539.657086
8540.408805
8540.890507
8543.076424
8543.315555
8543.482568
8543.647895
8549.240179
8549.571434
8550.400861
8551.576537
8552.666277
8553.718303
8554.394982
8557.589963
8560.046903
8561.65601
8561.883196
8562.117971
8564.962495
8566.904604
8567.941579
8568.349812
8573.673849
8578.846865
8579.629161
8579.953348
8580.979349
8581.021147
8581.148943
8581.499408
8583.674679
8583.893692
8584.347562
8585.11193
8585.555894
8586.333571
8587.07831
8591.579154
8592.652173
8596.561709
8598.284681
8599.921581
8600.027416
8602.298723
8605.229475
8609.718508
8610.305846
8613.527158
8613.923172
8614.947695
8615.077219
8615.379458
8616.70441
8618.585378
8620.868316
8621.291048
8623.519737
8624.758548
8627.849661
8627.974005
8628.145631
8629.073878
8633.08151
8635.344397
8636.230157
8638.139049
8639.463457
8641.273333
8641.532319
8642.341945
8645.464232
8646.192629
8646.539897
8649.883924
8650.319452
8652.53495
8652.836749
8652.99286
8653.600988
8655.535232
8658.950889
8662.23055
8663.099606
8665.448774
8668.61545
8668.870194
8670.016833
8671.748526
8672.734488
8674.580206
8675.911617
8677.50809
8677.64894
8678.612272
8680.05282
8682.314657
8684.880991
8686.478277
8686.907638
8687.807325
8687.812239
8688.619669
8689.589535
8690.26748
8690.527336
8691.465078
8697.174815
8700.092631
8702.158681
8702.286758
8704.450409
8705.211726
8705.592518
8705.994753
8706.250311
8708.203955
8709.752636
8712.316759
8712.403377
8712.862278
8715.05589
8715.184133
8717.028588
8717.294563
8720.200774
8725.1205
8726.176623
8726.519272
8727.358641
8727.579248
8728.11728
8728.308947
8728.511397
8729.429173
8729.634441
8730.343693
8731.20334
8731.262771
8731.709319
8731.945738
8733.611339
8735.983132
8741.443456
8743.55003
8745.713879
8746.03824
8746.465689
8747.800642
8748.281192
8751.496094
8752.889616
8757.182319
8757.951055
8759.546773
8760.85645
8761.868122
8762.541523
8762.866692
8762.91046
8763.39975
8767.31548
8770.8643
8773.127061
8774.122913
8774.267395
8779.064582
8783.097684
8783.921503
8787.38198
8787.493832
8788.100187
8791.3407
8791.538587
8793.831575
8794.314459
8795.640662
8796.492843
8796.538126
8797.259622
8798.187309
8798.422943
8798.475764
8798.984382
8799.986522
8800.492545
8800.967615
8801.313715
8801.784136
8802.019831
8803.536511
8807.112063
8807.224353
8807.656824
8808.484153
8808.542222
8809.084065
8809.422139
8810.584239
8812.213429
8812.431603
8812.610543
8812.715209
8813.151619
8813.289357
8813.400498
8815.531841
8819.641426
8822.151172
8822.156946
8822.844993
8824.075212
8825.492565
8826.172716
8826.202758
8826.564228
8827.166294
8828.041611
8828.403112
8829.044642
8831.032385
8831.631026
8833.034817
8833.516672
8834.010596
8835.508988
8835.53806
8836.982107
8838.426054
8839.455239
8840.891071
8843.136721
8843.836114
8844.606552
8844.973551
8846.198676
8846.765863
8847.966001
8848.374019
8848.756529
8848.885799
8851.935964
8854.019313
8854.77235
8855.014542
8858.189105
8858.515215
8859.391374
8859.439705
8859.57972
8859.826984
8859.854173
8861.4044
8861.687581
8862.30505
8864.468418
8865.370081
8865.642096
8866.334063
8866.467159
8867.414617
8869.96856
8872.883453
8875.628602
8875.768606
8876.158493
8876.396173
8880.89575
8884.54056
8884.549461
8885.368495
8886.254512
8887.433669
8891.305069
8893.598634
8898.993265
8899.890528
8900.965402
8901.047276
8902.238593
8903.269164
8903.952645
8907.752638
8907.838032
8910.849658
8911.495674
8913.951863
8918.158892
8925.885616
8926.69693
8927.966718
8933.06245
8933.164097
8933.165182
8933.646215
8934.110921
8934.886997
8936.372888
8938.193835
8938.519609
8941.551578
8942.09622
8943.226963
8943.745064
8947.42473
8947.680947
8947.704876
8947.835851
8948.353407
8950.573947
8951.84903
8952.62295
8957.383259
8957.423771
8960.605957
8960.662217
8961.257454
8962.233353
8964.167591
8965.545604
8967.034381
8967.550448
8968.071795
8971.318754
8972.413972
8974.268907
8980.66301
8981.518459
8984.094806
8985.544907
8986.940701
8988.699769
8989.168705
8991.984821
8994.297408
8994.384329
8999.925282
9003.059067
9004.419666
9015.861133
9016.865097
9022.920339
9024.184544
9025.766564
9028.283222
9029.632842
9029.655304
9030.113544
9030.855773
9034.640664
9037.344941
9044.437021
9044.676326
9045.818299
9047.321343
9049.551796
9053.622357
9055.729852
9059.25694
9060.012081
9063.370517
9066.016192
9069.070595
9078.187751
9081.086664
9081.623582
9082.29474
9084.395352
9086.473849
9089.887467
9094.167521
9099.468288
9105.55071
9107.294374
9113.229925
9115.262369
9116.066623
9116.147494
9117.131574
9119.171266
9120.352139
9121.077672
9123.379879
9125.003571
9125.365946
9128.136289
9140.266521
9153.21049
9156.623254
9159.626249
9160.473445
9161.025577
9163.468241
9167.466865
9168.009581
9168.281023
9171.363953
9185.094315
9185.842762
9186.430595
9186.435525
9187.068226
9193.426823
9194.031193
9198.816653
9205.472516
9205.603116
9206.52287
9207.079725
9208.378955
9211.687387
9220.983024
9221.323716
9229.613091
9244.486097
9250.523654
9252.33185
9256.188091
9256.705049
9256.860854
9257.724535
9262.787389
9263.255626
9264.648354
9267.755147
9270.613097
9275.449168
9279.597485
9291.099309
9302.859652
9308.307946
9310.11238
9314.127244
9315.116553
9316.999585
9317.223005
9319.125763
9319.577895
9322.757069
9325.897744
9332.51026
9332.672654
9337.709767
9342.309366
9342.632682
9343.834701
9348.140085
9350.962957
9351.358307
9351.418816
9357.149859
9369.405962
9371.480191
9372.023513
9372.83015
9372.911608
9377.826969
9382.819733
9385.243732
9387.569571
9389.069665
9389.71407
9389.7509
9395.376245
9398.916614
9398.957122
9399.745755
9401.635801
9403.600316
9409.465458
9410.026106
9411.227153
9414.609636
9415.217466
9416.74664
9416.939733
9426.046654
9429.79312
9430.972995
9433.075439
9442.0193
9442.718608
9448.854344
9452.283267
9458.542946
9460.99722
9461.186165
9462.62953
9463.716151
9465.64991
9482.128781
9482.263313
9486.87762
9490.555867
9490.875355
9495.584332
9495.645933
9501.863483
9502.072931
9502.174336
9502.965085
9503.511226
9506.995855
9510.191991
9513.466217
9517.84802
9517.987456
9520.086801
9522.271259
9522.713237
9524.656061
9525.087962
9525.769776
9529.094157
9529.674452
9530.103411
9530.312281
9530.868771
9531.47841
9531.587291
9533.74776
9534.833459
9535.444235
9536.518295
9537.591525
9540.950495
9545.6539
9545.77527
9546.670392
9547.591593
9548.998373
9550.771796
9552.904802
9554.197298
9556.881506
9558.225396
9560.15235
9564.262044
9564.738938
9565.530489
9569.562226
9574.22285
9579.145981
9580.132686
9584.045264
9587.464103
9589.273517
9591.32281
9592.459392
9598.204499
9600.998298
9601.982988
9602.210691
9605.1577
9606.321946
9606.937516
9608.630881
9609.816549
9610.622716
9611.230278
9612.035777
9615.15657
9619.97964
9620.700546
9622.151986
9622.616942
9622.618119
9625.295622
9627.873294
9629.422501
9630.381287
9630.71842
9631.782252
9632.341549
9637.4244
9638.608013
9639.098549
9642.031337
9644.048454
9646.68209
9648.010839
9648.08978
9649.22983
9649.34878
9649.94549
9650.155731
9650.65198
9650.995141
9651.713052
9651.991502
9654.567352
9656.881118
9659.166806
9659.334949
9659.628608
9659.628956
9660.245328
9664.48608
9667.120561
9672.34119
9672.906143
9673.399219
9673.419503
9677.250902
9677.919744
9678.441913
9681.833454
9682.138658
9682.954973
9683.857605
9686.9156
9687.468601
9687.592491
9689.401374
9689.955793
9694.183658
9696.546635
9702.011931
9702.798506
9703.123203
9703.482482
9704.287881
9706.486319
9709.82991
9710.54666
9712.690083
9712.703344
9719.993269
9721.064078
9721.765096
9722.133393
9724.072563
9726.048158
9726.563252
9727.46905
9729.878952
9732.212733
9735.786331
9739.789288
9742.074229
9743.37153
9744.995945
9748.121648
9748.861063
9750.076232
9752.408362
9753.442899
9753.487573
9753.980325
9754.183214
9754.971928
9754.978508
9756.650305
9760.66836
9763.682113
9766.6551
9766.991385
9768.15119
9771.060342
9772.335582
9772.871684
9773.687062
9774.809981
9777.641919
9778.026452
9780.729118
9782.418998
9783.510629
9791.040476
9792.545719
9792.564104
9797.805987
9798.78468
9802.698323
9805.714601
9806.068577
9811.940024
9813.362339
9813.68424
9815.052986
9817.296449
9818.306801
9819.563787
9820.236626
9820.968352
9821.266446
9821.893242
9823.185823
9823.297616
9823.322113
9824.329835
9825.135539
9825.184266
9825.470648
9825.534122
9825.861178
9829.17126
9832.70609
9833.529952
9833.867962
9834.235763
9835.015603
9835.743419
9837.138271
9837.409393
9837.863699
9838.226442
9838.449885
9843.053863
9843.49849
9844.366024
9844.894373
9846.409818
9847.450052
9852.247221
9853.894442
9854.148406
9854.690697
9856.011477
9856.693323
9859.18098
9859.220916
9860.675643
9861.019217
9861.071134
9861.1488
9861.821119
9863.28633
9863.743439
9865.397814
9867.831663
9868.74522
9868.924557
9872.071878
9872.43672
9873.405032
9875.473418
9876.290522
9878.388425
9879.402801
9880.040595
9880.762364
9880.98819
9881.281494
9882.268883
9882.38087
9882.446456
9885.169734
9887.202871
9887.868524
9889.144232
9891.102869
9891.984487
9895.333279
9895.532596
9896.626291
9899.731328
9900.076762
9900.266372
9901.135662
9901.67951
9902.674628
9902.944733
9905.168335
9905.271277
9906.192135
9908.475464
9912.706341
9915.736902
9917.043997
9917.145124
9917.340814
9918.32041
9919.277163
9919.971766
9920.28628
9921.673552
9922.705581
9924.100276
9924.283923
9925.120588
9925.165101
9925.38245
9925.414001
9928.901511
9930.400124
9931.145692
9931.254968
9931.513314
9932.278732
9935.948888
9936.730635
9938.181529
9938.300616
9938.915326
9940.686659
9942.039846
9942.113896
9943.109798
9943.197452
9945.487642
9947.057694
9947.631592
9948.976824
9952.176356
9953.6673
9954.361764
9954.880913
9956.396843
9957.443216
9957.809244
9958.252323
9959.477409
9959.812435
9961.035551
9962.099504
9962.740121
9962.829357
9962.857925
9963.179759
9963.2392
9963.890121
9965.58915
9966.213398
9966.45402
9967.005474
9968.629577
9968.87006
9970.025376
9970.299235
9973.77517
9974.795053
9976.935696
9979.459248
9980.845429
9984.727868
9985.220658
9986.199523
9987.467508
9987.673888
9988.411566
9988.793549
9989.384594
9991.583734
9994.260582
9994.430461
9995.545873
9996.343883
9998.092425
9999.740163
10000.97357
10001.550452
10001.649496
10001.702209
10002.13697
10002.275413
10002.443906
10002.449593
10003.874809
10005.186852
10006.019172
10007.001675
10007.696725
10011.06824
10012.642221
10013.165727
10013.892305
10014.341682
10014.63741
10014.931018
10017.799292
10018.624578
10018.790248
10020.064323
10020.083187
10024.836061
10025.991669
10027.738647
10030.099999
10030.58806
10030.810065
10033.026404
10035.277321
10035.984633
10036.845794
10037.070975
10037.658043
10037.782504
10039.193362
10039.454667
10039.485364
10039.766044
10039.895601
10040.411543
10041.258588
10043.951977
10045.345374
10045.433529
10046.828391
10049.655082
10050.847946
10051.60606
10052.858016
10053.787937
10054.619041
10056.33596
10056.400383
10056.511578
10059.342632
10059.605147
10060.697466
10061.426159
10061.468121
10063.010208
10063.03233
10065.297752
10065.762629
10068.407359
10069.278134
10069.531826
10069.870352
10070.142741
10070.371177
10070.376757
10071.383225
10071.997057
10073.320948
10074.557735
10075.147665
10075.949692
10076.111955
10076.497481
10077.002999
10078.162753
10078.372202
10079.314353
10081.971938
10082.547749
10082.889751
10084.202669
10084.265546
10087.142805
10087.151521
10087.476067
10088.750801
10088.784252
10089.503188
10092.160633
10092.300351
10093.322201
10093.552334
10094.153282
10094.232594
10094.621447
10094.659647
10095.580211
10095.700042
10095.722058
10097.761911
10098.122027
10098.771747
10098.834183
10099.264649
10102.125426
10102.847896
10103.22928
10103.444029
10103.926688
10104.215097
10106.631217
10106.768375
10108.397952
10108.631114
10109.089656
10109.417488
10110.729963
10111.100916
10114.016355
10114.843808
10115.878197
10117.463536
10119.000443
10119.116511
10121.48061
10125.431585
10126.404801
10128.697732
10130.943521
10133.533582
10134.585791
10134.734126
10134.851985
10135.944173
10136.053101
10137.364817
10139.430989
10140.009108
10140.841045
10142.066373
10142.208236
10142.252711
10142.348778
10143.775906
10144.125615
10144.442663
10145.41404
10146.683177
10150.726147
10151.509197
10151.895605
10153.514671
10156.333546
10156.66662
10157.017021
10159.709401
10160.882388
10161.15522
10161.81364
10163.24366
10163.414086
10164.350688
10164.991462
10167.13674
10167.50961
10168.221103
10169.689875
10170.38824
10171.825198
10171.910049
10172.302518
10175.650029
10175.901262
10178.003253
10178.187759
10178.400507
10179.617003
10179.924067
10180.904601
10181.103719
10181.432633
10181.685274
10181.818985
10181.839595
10183.100298
10184.081653
10185.139439
10185.850429
10186.039493
10188.088964
10188.848664
10189.568378
10190.459203
10191.31105
10192.008262
10192.595408
10193.362493
10193.431594
10193.554441
10194.22295
10196.202122
10198.517332
10199.615673
10200.348003
10200.829591
10201.617638
10204.935114
10205.329588
10205.564997
10205.633208
10207.381341
10208.550242
10209.013748
10209.237481
10211.112514
10212.98485
10213.886164
10213.886233
10214.854024
10215.909352
10216.924136
10217.120838
10217.363885
10218.038996
10220.596864
10221.484656
10221.631601
10223.140653
10223.637793
10224.922037
10226.629235
10226.855544
10228.724854
10235.405761
10235.671725
10235.929863
10236.244152
10237.21349
10237.246507
10237.949208
10239.520985
10244.835252
10246.259802
10246.379078
10249.009992
10249.188949
10250.278282
10253.063348
10254.083111
10254.16844
10254.935784
10255.297591
10255.335208
10257.331064
10257.851923
10259.418849
10259.516688
10260.520248
10260.540722
10262.020904
10263.126175
10263.166195
10265.285294
10267.090183
10270.73671
10271.867456
10272.687084
10273.823952
10275.995187
10276.574087
10280.534274
10284.10943
10284.918502
10286.336081
10287.471611
10287.753211
10289.026981
10291.420438
10292.487024
10293.346801
10295.331935
10297.552111
10297.564431
10298.581171
10300.119291
10300.509245
10304.560934
10308.139828
10309.204747
10311.705775
10311.890494
10313.574989
10313.895049
10314.534961
10315.936232
10316.062914
10316.634704
10317.028399
10317.031048
10317.221004
10318.761212
10322.721789
10322.996101
10325.718819
10325.760797
10327.711766
10328.361749
10328.586816
10333.779717
10333.957944
10337.861774
10339.282996
10340.172274
10342.325254
10347.307468
10347.857214
10351.056742
10354.386934
10355.703564
10360.451778
10362.292822
10363.616157
10364.522314
10367.844637
10369.015438
10371.679534
10371.981436
10374.179493
10374.576563
10376.091463
10378.914203
10378.93884
10380.52227
10388.297616
10391.40305
10392.215261
10392.283295
10393.512737
10393.751115
10397.145555
10397.281742
10397.983441
10400.114754
10400.654772
10401.239737
10408.210259
10408.623013
10410.028267
10412.566708
10413.874221
10413.998531
10415.111772
10418.077373
10418.427341
10419.771854
10420.448034
10423.178261
10425.367307
10427.979691
10428.641919
10429.986384
10430.231148
10430.526653
10445.604617
10449.878425
10453.376346
10455.76081
10456.283107
10460.710637
10460.965107
10461.148075
10464.470142
10467.182077
10476.820458
10482.586241
10485.564112
10485.867721
10491.781627
10494.19302
10503.978208
10506.077172
10510.876163
10512.434681
10518.613502
10526.031056
10538.651039
10543.86999
10548.046397
10550.25934
10573.237798
10575.370283
10593.964646
10595.346428
10605.565409
10610.001536
10619.10191
10621.177654
10629.153147
10639.458335
10643.293247
10646.582963
10648.370836
10659.77628
10660.459087
10668.382838
10669.986057
10686.8342
10700.394992
10703.420181
10706.378312
10731.788751
10731.94131
10741.758148
10758.8046
10781.848323
10782.537016
10786.011335
10788.06537
