1.481062
1.568113
1.925417
2.175925
3.414511
5.973963
5.990286
6.149277
6.322265
7.346588
7.50255
7.508403
7.796857
7.808899
8.278115
8.296518
8.300441
8.342652
8.395947
8.512496
8.64574
8.714501
8.747005
8.919856
9.068631
9.094871
9.22965
9.490629
9.733107
9.815599
9.921996
10.039773
10.090658
10.162868
10.183535
10.198768
10.339669
10.564141
10.620836
10.900038
10.94474
11.011426
11.165641
11.272028
11.403332
11.437589
11.442539
11.481944
11.537947
11.629843
11.791736
11.822382
12.088356
12.164637
12.166262
12.355101
12.391807
12.486453
12.66511
12.701228
12.71693
12.747701
12.817775
12.982043
13.029253
13.707857
13.732616
13.758831
13.80566
13.812643
13.816038
13.838233
13.896639
13.903487
13.928646
14.016042
14.047598
14.083167
14.172224
14.23868
14.268492
14.310944
14.433396
14.446365
14.55544
14.67417
14.731172
14.743392
14.787776
14.903079
15.036206
15.136135
15.197389
15.457669
15.486701
15.512876
15.861676
16.205695
16.223305
16.236011
16.307585
16.397365
16.409145
16.515592
16.656455
16.701431
16.713461
16.880458
16.902175
17.162936
17.31626
17.336409
17.359985
17.388543
17.404507
17.437123
17.47248
17.506755
17.621168
17.951048
17.976337
18.02641
18.320723
18.363717
18.537042
18.616342
18.618048
18.666446
18.669352
18.907632
18.92067
18.94996
19.070416
19.076855
19.203136
19.228254
19.466541
19.510569
19.630331
19.675133
19.819543
19.851227
20.012032
20.156962
20.353145
20.492174
20.585255
20.832243
21.134173
21.361386
21.579753
21.629462
21.797479
21.966372
21.984437
22.183423
22.225024
22.344362
22.828106
23.110388
23.158511
23.192825
23.295185
23.302566
23.49544
23.535082
23.618402
23.692279
23.7997
24.108806
24.333844
24.924951
24.953202
25.02991
25.042575
25.095605
25.378674
25.427974
25.907572
26.412305
26.714131
28.071772
28.664253
28.762331
28.808178
29.232616
29.253864
30.575585
31.393354
31.799167
31.970073
32.172805
32.31284
32.60603
32.653803
32.72075
34.821149
34.890711
35.765458
37.628082
37.77051
38.036891
39.467162
39.754041
40.755914
41.610278
43.481518
43.964735
50.322855
51.858524
53.572421
57.439664
62.758542
64.86363
66.032363
67.502722
70.898063
76.406543
89.036833
96.301215
109.256904
109.947224
112.335782
113.545188
114.014727
114.332385
115.226179
115.324432
115.904253
117.062544
118.244029
118.590577
119.300686
119.642347
119.911634
120.342908
120.497123
121.094867
121.171059
121.329024
121.384086
121.395021
121.969023
122.25455
122.27734
122.909082
123.068609
123.829231
123.846982
123.917089
124.123443
124.172968
124.722722
124.818701
125.049153
125.166685
125.269651
125.391802
125.575988
125.690078
125.714143
125.846109
125.907813
126.021416
126.038469
126.116101
126.2347
126.601867
126.605036
126.811303
127.052929
127.068897
127.156354
127.224584
127.406732
127.681604
128.067885
128.524225
128.60001
128.88635
128.906538
128.923802
129.156705
129.443149
129.626567
129.67135
129.689777
129.84161
130.111528
130.269793
130.446173
130.453356
130.712734
130.774792
130.818971
130.917664
130.965208
131.156067
131.39803
131.946111
132.002816
132.222669
132.380022
132.455582
132.563238
132.674178
132.98283
133.320541
133.428127
133.572155
134.030342
134.052753
134.182134
134.365746
134.510187
134.907393
135.261609
135.951235
136.044947
136.39755
137.218344
137.502852
137.997641
138.119759
138.336286
138.618411
138.881737
139.331051
140.520601
140.53529
140.537601
140.941794
140.976023
141.458313
141.486663
141.83562
142.190511
142.58593
143.751338
144.690178
144.925056
145.16778
146.019033
146.811185
147.286315
147.437787
148.258655
148.41251
149.03491
149.145698
149.225607
149.303911
149.576047
150.629738
150.716611
151.004478
151.394594
151.697964
151.724797
152.149179
153.276712
153.807927
154.440484
155.086346
155.969981
156.00394
156.055297
156.288049
156.760616
157.523581
157.911177
158.028537
158.397881
158.549371
158.687977
158.693028
159.142767
162.174524
162.440883
163.754299
164.442359
164.514644
165.606765
169.11724
169.805988
170.80677
176.473547
176.982417
178.826876
180.920842
180.93515
182.116706
182.507196
182.599379
182.924805
182.92779
183.345336
187.228865
195.343845
199.369647
203.372504
205.780198
206.396438
208.337507
209.131595
209.155526
209.533714
219.649853
224.995865
228.212202
234.15752
236.018298
238.482355
246.951576
248.956094
251.903621
254.742674
255.504238
256.566726
257.954494
258.234016
258.278634
260.696633
261.151155
262.017805
262.590926
262.70501
262.808418
266.485532
266.61381
266.671738
269.284208
269.720016
271.01765
273.755046
274.067782
275.305978
278.2742
281.352235
283.278046
285.135066
286.131856
292.015162
292.403452
294.743644
294.850491
296.824784
299.405514
302.813449
303.602084
304.21577
305.560006
307.426643
310.463136
311.124627
312.780512
315.420597
316.754998
317.056662
319.052188
319.136432
319.877469
321.351247
325.104154
325.825484
326.833743
327.934169
329.560042
331.349487
331.385991
332.257396
332.301158
333.082508
333.183799
339.946811
345.820578
346.846574
348.611417
348.844508
349.48902
349.994819
355.282516
359.209276
359.317781
361.334073
362.919531
363.864308
366.557871
368.431846
371.081734
372.048118
373.539782
374.876824
377.759706
378.508322
378.620346
378.796874
378.83853
381.186126
382.771539
383.819086
384.058433
384.316917
385.814298
385.879571
386.601452
388.233523
388.571894
388.812965
389.424648
390.954852
393.541195
395.52706
397.832767
404.506348
410.099961
411.517138
412.11387
416.314247
416.696809
417.417067
420.510055
420.663567
421.544292
421.684903
423.668377
423.764254
425.023709
426.11801
427.082357
428.822025
436.108078
440.795483
445.189085
449.337356
449.657978
450.564792
450.592342
451.522423
451.565373
451.840422
455.607884
459.055712
460.039046
460.753443
464.476236
466.888054
470.135308
471.16181
472.604032
473.781563
474.246452
476.474406
476.911506
478.531184
482.142297
483.303485
490.716043
491.002772
492.171165
493.109957
495.595855
498.299229
501.056737
502.972589
507.982951
511.374627
512.706603
514.18803
517.053316
517.203972
517.988304
522.168374
528.106654
528.19961
528.468934
536.596057
537.096336
537.151075
548.248123
548.31503
556.968311
557.112397
557.733579
561.200287
565.452047
567.588727
568.494971
569.231564
569.998865
580.646622
588.76131
599.104696
604.751962
612.150632
618.201939
618.812788
620.237121
626.426598
631.801498
637.628649
640.594603
648.112712
648.186233
648.221664
649.024376
658.131338
661.363159
663.888174
668.913152
674.616295
677.394719
682.786147
684.97026
692.957588
695.633505
698.898524
704.269221
706.224696
711.718179
715.174906
715.282634
718.120131
724.569343
726.599756
727.269338
730.71869
737.41901
738.129541
738.542798
743.774267
748.741659
751.612292
762.328592
762.508935
762.613092
765.095892
766.82562
771.110988
773.055331
773.309668
775.145303
775.43639
776.858193
780.900809
783.190426
786.054836
793.298844
795.483279
795.491592
797.15128
798.39895
799.080245
799.170255
801.842371
803.605692
805.191362
807.81567
810.255372
812.871194
819.993105
822.741794
826.062173
826.673367
827.993145
830.550153
832.66185
833.591644
836.159494
836.833199
838.395964
843.609617
845.275792
845.959793
852.869374
853.859354
858.629236
864.681206
865.606633
866.925948
870.656589
870.924058
871.378134
873.255479
875.322384
875.823649
878.101847
881.39549
882.311126
884.495361
889.724847
890.195608
890.497184
891.903285
893.033844
898.453754
900.815047
904.008144
905.915828
909.310018
910.677636
911.525237
912.776501
917.05327
920.111725
920.268706
929.832368
937.525976
939.69108
941.259734
941.814434
945.079086
948.360363
954.589485
957.313197
960.263311
971.603624
974.939847
974.956984
981.535666
981.983232
983.693332
987.988638
989.312544
989.619212
997.31557
998.67082
999.03123
1008.20841
1014.816941
1015.424357
1027.088245
1028.436403
1030.675348
1038.953776
1053.731905
1065.495431
1066.864262
1068.531757
1075.464873
1083.194083
1100.125484
1107.488205
1117.392043
1119.523267
1125.760739
1139.674568
1140.303986
1141.939308
1158.262079
1165.672888
1167.123052
1169.841653
1170.426976
1174.106729
1179.696986
1181.129521
1181.363725
1183.795767
1184.577911
1184.874068
1189.746239
1189.986441
1191.624116
1197.187039
1204.404613
1210.93001
1218.266694
1218.632007
1219.955017
1220.620721
1221.549027
1223.582181
1224.479148
1225.566919
1226.934093
1227.001234
1227.427943
1228.249156
1228.880029
1230.835158
1231.958272
1231.978463
1236.423037
1236.52993
1238.37566
1239.53182
1239.584687
1240.616247
1243.490357
1243.680835
1244.245239
1244.724383
1246.097396
1251.81856
1253.95811
1256.007197
1258.894162
1259.487095
1262.403076
1262.839189
1265.332492
1266.951478
1267.712324
1270.272869
1271.055679
1282.616729
1283.438727
1299.374488
1301.787103
1306.343365
1308.130912
1309.082143
1310.426709
1311.433636
1311.69096
1317.844933
1338.74655
1339.366317
1343.918459
1357.934783
1360.77209
1363.03365
1365.66825
1370.997167
1377.067884
1381.505603
1386.774218
1391.827209
1441.228545
1454.819121
1472.471619
1484.393149
1514.524715
1518.171281
1558.143397
1591.523503
1624.505568
1633.817324
1686.460984
1748.648135
1772.574293
1783.909291
1787.517809
1796.017089
1900.22192
1901.958893
1908.97567
1918.56609
1919.227259
1937.355398
1940.112437
1954.973751
1955.186315
1955.220924
1962.635297
1962.657441
1975.700712
1987.27247
1989.092785
1989.185934
1990.233103
2014.922939
2020.159011
2025.546812
2029.928551
2030.878945
2034.39925
2034.879988
2035.720248
2037.848196
2044.408383
2046.333383
2049.840024
2056.353552
2058.020267
2059.941838
2062.982164
2064.153692
2068.48013
2076.819391
2084.565665
2088.235684
2091.168777
2094.829319
2095.709156
2102.268116
2104.287637
2106.664526
2114.440927
2118.030306
2120.270445
2125.187481
2125.365742
2132.674461
2134.9089
2136.178545
2136.664109
2140.196336
2141.070685
2141.19166
2141.598349
2144.73851
2145.962112
2148.676478
2148.991701
2149.069613
2150.501965
2150.530094
2150.741588
2151.480402
2151.688594
2152.805839
2153.130174
2157.598862
2163.852878
2164.411575
2167.958964
2168.16257
2168.251135
2168.725312
2172.525862
2178.751443
2178.807019
2179.124099
2183.704856
2185.535739
2186.064511
2188.313882
2188.316789
2189.083338
2192.098961
2195.120979
2200.588653
2202.954952
2204.277195
2205.784711
2211.640996
2212.416535
2214.781855
2215.321644
2218.581508
2222.665648
2226.724184
2238.10968
2244.35719
2244.756032
2246.685302
2249.73208
2250.418744
2250.719227
2253.388474
2258.793231
2265.048246
2269.595334
2273.530138
2274.954624
2278.056048
2283.534568
2286.990161
2289.467031
2291.480001
2304.88914
2305.645983
2316.029963
2316.707556
2317.312776
2338.763167
2342.036121
2342.112205
2355.315792
2357.381123
2365.545417
2382.919301
2388.059494
2393.967625
2396.516878
2406.089273
2421.087983
2425.654303
2430.325325
2434.016679
2436.163204
2452.233868
2468.795758
2475.731693
2477.54629
2481.910341
2487.499183
2491.2351
2491.295287
2492.871953
2495.750727
2505.735361
2506.264809
2507.221043
2507.92931
2510.531409
2510.630255
2511.75838
2512.710508
2514.191611
2517.200612
2524.83741
2525.43625
2525.971893
2536.046906
2541.220055
2542.435648
2545.448738
2546.246562
2546.725679
2552.268463
2552.993938
2562.193575
2562.832893
2566.637161
2567.544346
2568.685483
2570.429657
2570.538975
2571.269341
2576.738746
2579.416217
2583.089118
2588.723401
2589.417796
2592.499212
2596.407196
2604.571917
2608.012131
2608.564218
2617.463943
2620.907595
2625.360015
2628.871646
2630.240514
2634.221846
2636.060037
2636.922483
2638.712992
2656.100642
2660.859641
2665.942591
2666.944533
2671.231594
2673.554431
2674.420582
2675.741257
2676.533261
2677.694224
2680.242533
2692.313599
2701.438937
2733.320148
2734.498236
2736.982391
2744.275867
2745.31589
2746.194345
2752.138192
2753.494391
2767.348654
2773.861246
2776.129229
2781.469272
2781.777905
2786.144013
2786.49413
2793.427352
2809.498002
2810.826731
2811.024575
2817.336393
2820.510896
2832.043406
2835.488269
2839.528552
2841.936813
2845.779225
2850.073674
2859.714983
2862.676599
2863.034301
2863.746594
2900.329927
2906.584514
2919.72954
2923.080193
2932.957985
2939.300922
2947.264058
2958.520531
2969.684138
2978.063805
2986.063264
2991.761541
2995.710227
3013.110551
3014.700675
3016.687069
3021.305896
3050.093919
3054.494776
3057.478384
3088.631843
3094.464047
3095.101103
3103.075605
3111.960652
3117.280317
3124.833135
3125.285434
3128.859178
3138.516607
3141.347034
3147.683297
3149.018788
3150.363954
3152.36639
3154.531921
3156.394409
3177.805683
3185.01225
3188.306297
3190.664984
3191.468525
3192.507492
3206.002279
3207.139871
3211.639536
3221.147989
3234.967551
3237.719114
3243.343426
3245.71786
3247.131615
3248.726709
3255.303839
3255.9801
3261.532103
3262.863652
3267.331633
3269.210349
3275.621232
3285.689907
3293.70244
3293.801586
3304.119407
3307.41042
3312.16644
3312.983714
3319.833408
3319.883604
3322.023717
3327.106443
3327.476589
3334.239618
3337.579063
3345.587398
3346.120416
3348.746167
3349.937108
3351.098112
3353.283306
3358.932823
3359.091762
3360.529813
3375.072608
3375.496916
3381.114808
3383.885301
3389.270269
3391.024853
3392.423206
3394.237049
3400.037613
3400.762308
3406.510094
3418.691039
3430.993739
3431.277449
3444.684482
3446.304028
3448.474614
3451.953362
3452.372773
3452.948687
3461.516257
3468.032983
3485.479207
3489.102168
3494.09319
3497.871712
3504.114127
3514.329996
3517.794866
3524.218926
3527.235609
3528.85704
3550.906929
3551.882866
3560.140876
3562.7809
3574.83769
3579.784623
3587.889303
3588.959173
3590.735693
3593.076957
3593.585204
3598.550162
3602.430085
3603.505524
3604.255894
3605.879379
3606.285956
3608.965791
3611.508375
3629.304019
3663.456763
3666.551299
3673.596861
3677.828865
3686.004774
3710.996542
3719.408376
3723.644811
3725.663019
3751.304368
3752.702603
3754.566499
3765.935517
3773.003093
3775.525175
3804.691573
3810.863916
3814.062896
3815.717801
3832.674255
3832.971501
3858.742638
3898.769985
3934.747965
3938.903001
3951.50575
3957.564084
3963.925555
4022.565326
4026.507423
4035.642436
4071.659966
4109.311312
4149.503183
4184.858178
4191.816947
4216.247389
4230.295334
4231.681245
4244.104735
4244.331257
4275.61159
4281.98502
4290.529453
4296.540343
4303.309076
4356.589158
4359.214521
4363.748766
4389.531069
4394.788351
4416.848101
4432.437481
4506.044985
4534.885394
4540.573017
4546.574292
4552.266842
4554.150732
4560.459007
4676.799025
4677.326178
4686.121388
4688.844478
4690.722093
4700.135296
4702.849724
4711.589214
4720.466982
4728.358477
4729.303679
4730.227574
4742.673294
4759.109616
4759.510821
4788.378872
4800.139234
4805.080193
4808.744003
4812.133209
4817.975886
4819.346535
4826.58148
4856.028338
4865.825188
4891.361417
4898.810468
4910.553484
4921.450498
4942.413763
4955.08463
4956.197852
5016.489667
5059.512213
5066.88306
5117.104416
5163.397841
5194.702297
5201.144735
5212.006569
5216.220341
5225.817986
5235.226369
5239.67674
5269.944622
5277.920834
5291.728403
5343.908626
5350.951597
5355.3287
5400.533774
5414.132015
5417.732897
5423.068229
5425.360335
5432.947654
5466.891872
5467.607665
5468.297351
5506.054085
5518.622261
5535.056258
5566.923458
5578.679057
5580.005852
5639.850803
5654.553405
5673.442815
5698.381063
5702.451973
5717.748251
5719.350176
5726.111935
5739.247554
5745.042507
5788.230374
5801.51799
5822.738759
5887.17553
5899.3025
5908.495993
5909.045597
5932.188837
5939.94529
5953.340366
5961.215398
5969.898518
6026.695312
6044.37462
6049.054822
6050.883871
6069.297902
6077.367161
6087.569871
6098.258878
6113.366204
6180.613864
6202.38879
6202.813598
6210.726605
6213.811204
6239.133639
6257.5947
6269.597404
6277.593105
6277.616889
6287.519142
6315.310776
6322.706901
6329.28971
6331.563534
6354.345062
6368.012995
6389.233336
6399.259818
6412.199445
6427.484122
6446.750536
6471.642208
6482.148712
6486.829192
6496.652252
6572.859245
6629.833823
6693.833403
6694.873468
6743.236033
6756.548247
6804.42906
6836.728944
6846.282875
6867.288783
6923.237376
6981.314411
6991.830714
7015.686885
7050.27036
7059.501712
7075.052836
7090.390926
7119.818951
7120.419017
7132.263953
7138.552638
7142.347172
7142.50054
7144.056726
7149.336463
7149.843907
7151.827658
7182.413771
7207.813408
7248.845042
7284.212053
7289.471612
7297.278921
7297.92621
7325.846302
7331.767973
7359.363162
7361.956278
7364.769798
7389.876778
7396.529208
7458.826938
7464.903825
7474.986196
7490.616503
7565.670739
7690.101329
7782.896839
7808.537278
7857.850859
7882.46737
7990.89844
7994.281071
8012.009411
8012.117197
8074.420605
8167.362644
8190.333666
8299.605288
8307.680767
8310.398644
8318.8645
8350.76535
8396.692452
8550.443326
8579.774858
8682.428637
8729.203297
8767.541095
8779.776334
8868.800755
8923.138486
9016.462478
9298.326197
9403.542614
9471.268371
9514.278684
9560.112316
9682.155961
9686.027424
9692.523064
10223.335618
10326.874735
10800.426409
10800.429622
10800.669154
10800.827394
10800.875207
10800.921376
10801.110514
10801.15861
10801.182205
10801.252923
10801.330263
10801.407086
10801.409519
10801.526967
10801.992031
10801.992494
10802.088242
10802.172254
10802.245944
10802.292582
10802.294001
10802.475296
10802.632434
10802.646261
10802.990437
10803.213657
10803.229915
10803.332876
10803.378527
10803.430678
10803.561674
10803.724461
10803.963209
10804.319962
10804.367119
10805.212508
10808.979943
10809.818346
10810.28602
10810.405033
10810.643732
10811.299798
10811.651275
10811.878939
10812.016296
10812.017687
10812.07719
10812.128237
10812.240714
10812.254827
10812.315342
10812.349091
10812.414848
10812.747979
10812.789998
10812.847331
10812.931227
10813.076055
10813.088793
10813.189674
10813.192525
10813.252266
10813.308574
10813.523548
10813.527317
10813.662628
10813.837267
10813.868276
10813.877282
10814.02266
10814.119425
10814.23232
10814.280453
10814.577149
10814.727892
10814.751837
10814.984091
10815.36043
10815.802291
10816.758545
10817.069271
10817.164568
10818.047283
10818.540708
10819.181229
10822.840225
10824.213962
10827.873879
10831.706827
10839.108639
10847.077424
10850.767907
10851.018092
10855.42639
10889.668249
10908.501002
10912.276085
10917.553656
10920.961903
10921.872603
10921.965884
10921.967863
10921.96925
10921.998926
10922.014506
10922.159768
10922.389072
10923.46906
11100.200011
11100.217249
11100.219183
11100.225345
11100.229283
11100.230663
11100.245431
11100.254079
11100.257937
11100.26355
11100.281099
11100.302679
11100.302768
11100.348904
11100.355359
11100.356405
11100.378809
11100.445649
11100.865093
11225.880407
11535.754406
12256.594163
17199.643934
17899.851172
19437.340492
21606.101238
21610.58831
22921.9844
23367.742937
24155.827868
