95.031661
100.276365
107.657312
109.348458
141.104949
156.098567
169.765554
170.227679
171.96555
176.153629
176.583335
176.678354
181.100249
181.718924
184.344189
185.381384
186.125358
187.380544
191.650493
194.435486
195.753728
196.064906
196.327023
196.394848
196.39762
196.437736
196.487952
196.531031
196.992018
197.606159
197.64061
198.027995
198.147317
198.1649
198.460941
198.947845
199.234199
199.43287
199.449463
200.2548
200.360948
200.519417
200.533634
200.826149
200.894961
200.934407
200.948509
200.983778
201.026033
201.381413
201.595133
201.610713
201.665984
201.740179
201.745817
201.973691
202.053095
202.055844
202.202029
202.205945
202.340863
202.555295
202.650425
202.698389
202.835254
202.842628
202.873063
202.895833
203.158314
203.179882
203.367042
203.455647
203.524663
203.553976
203.656616
203.775199
204.018475
204.047157
204.162473
204.287176
204.297331
204.300127
204.316552
204.324898
204.438875
204.476767
204.526876
204.555071
204.563765
204.568966
204.591608
204.87677
204.970468
205.00524
205.008177
205.16846
205.187407
205.260083
205.556939
205.604245
205.62991
205.657228
205.657998
205.70466
205.877759
205.884287
206.078873
206.09968
206.228696
206.405746
206.548549
206.574425
206.645005
206.697478
206.716657
206.764397
206.817211
207.017491
207.109105
207.118203
207.156243
207.18223
207.272928
207.544593
207.571453
207.703219
207.716751
207.769387
207.792692
207.862497
207.890419
207.897793
207.973284
208.096922
208.203726
208.220584
208.318995
208.39023
208.464929
208.514901
208.546523
208.55104
208.638212
208.677199
208.721663
208.735943
208.739398
208.791788
208.873786
208.890728
208.917858
208.949711
209.054045
209.093616
209.101167
209.128725
209.161995
209.245137
209.397849
209.423872
209.440406
209.479835
209.573851
209.609225
209.684879
209.69481
209.69544
209.703441
209.710603
209.84023
209.854595
209.891582
209.941032
209.957634
209.968505
209.972288
210.023774
210.073686
210.09633
210.10082
210.108491
210.111818
210.175534
210.186653
210.19547
210.219775
210.24612
210.257426
210.294728
210.309155
210.434526
210.436198
210.438601
210.451909
210.484362
210.495405
210.499199
210.504292
210.512488
210.52222
210.555685
210.568631
210.616278
210.662038
210.682204
210.707868
210.718865
210.753364
210.797437
210.814771
210.840051
210.842851
210.871574
210.876716
210.926371
210.936925
210.960902
210.985588
210.991468
211.107522
211.145382
211.151957
211.170285
211.239204
211.262561
211.271259
211.27701
211.328183
211.346697
211.415186
211.417393
211.480338
211.494936
211.513125
211.52439
211.525736
211.590492
211.593126
211.595576
211.621295
211.62496
211.71061
211.730155
211.749004
211.755635
211.763397
211.793753
211.826415
211.857897
211.859992
211.862398
211.906889
211.913744
211.914383
211.930138
211.938365
211.948921
211.953085
211.979737
211.988488
212.006482
212.047933
212.079608
212.085266
212.184661
212.18634
212.198973
212.234894
212.290224
212.303297
212.349409
212.350179
212.381409
212.388303
212.393133
212.430161
212.459445
212.540035
212.605879
212.629884
212.659746
212.659965
212.680524
212.700667
212.706102
212.729634
212.737761
212.740769
212.744324
212.76646
212.767649
212.804314
212.815666
212.83892
212.840829
212.889033
212.891482
212.963693
212.973692
212.977018
213.014319
213.037044
213.094194
213.123239
213.129757
213.228338
213.228449
213.248098
213.319599
213.345593
213.355005
213.395828
213.41025
213.415213
213.428161
213.478308
213.478545
213.509468
213.544415
213.564932
213.595356
213.62663
213.646165
213.64839
213.677977
213.691195
213.701132
213.713544
213.716329
213.730297
213.734433
213.746629
213.747967
213.764247
213.767778
213.800699
213.826848
213.834757
213.839713
213.934125
213.934895
213.953773
213.957413
213.974611
213.998664
214.025516
214.047832
214.048035
214.048461
214.072259
214.192344
214.206618
214.21832
214.226904
214.227581
214.229127
214.234453
214.269396
214.277149
214.31426
214.321148
214.32323
214.328648
214.34331
214.367725
214.395988
214.402291
214.403164
214.414406
214.414626
214.433309
214.474229
214.478629
214.494616
214.513022
214.536643
214.539222
214.544425
214.549355
214.552803
214.55531
214.556948
214.557323
214.563595
214.567475
214.598328
214.612165
214.622759
214.637563
214.638498
214.64148
214.650912
214.662318
214.665953
214.700725
214.71655
214.731086
214.747524
214.789745
214.800923
214.811379
214.817268
214.821201
214.835377
214.835895
214.844609
214.857421
214.861972
214.864816
214.887657
214.910298
214.957314
214.976517
214.988734
215.011508
215.013566
215.013729
215.028151
215.044753
215.047168
215.05352
215.056984
215.07019
215.097382
215.113858
215.123807
215.149315
215.165764
215.172844
215.199642
215.200865
215.248393
215.260386
215.27366
215.311268
215.361488
215.363896
215.366029
215.405439
215.406871
215.411288
215.430733
215.43176
215.487297
215.490423
215.524904
215.541387
215.58385
215.588878
215.5905
215.648945
215.661143
215.695325
215.69639
215.697002
215.71373
215.745856
215.757799
215.776046
215.782396
215.802267
215.810783
215.81766
215.857588
215.870248
215.872526
215.875421
215.883913
215.887475
215.913602
215.936185
215.957612
215.958849
215.962017
215.986366
215.988109
216.016363
216.034532
216.035941
216.036249
216.066589
216.075008
216.094803
216.096769
216.104755
216.114215
216.120809
216.127962
216.146671
216.150963
216.15233
216.153129
216.18323
216.192226
216.193293
216.212506
216.214863
216.216614
216.257134
216.31518
216.327504
216.32896
216.331017
216.341304
216.350376
216.381741
216.395817
216.405095
216.409744
216.4168
216.449016
216.45017
216.462029
216.477429
216.507107
216.50714
216.511395
216.51408
216.53164
216.534617
216.561807
216.575214
216.589228
216.596693
216.610348
216.613418
216.614482
216.618687
216.618823
216.654586
216.656751
216.661893
216.663302
216.679889
216.681255
216.692229
216.694222
216.724775
216.728839
216.740756
216.752134
216.789706
216.80315
216.817524
216.822431
216.824642
216.828787
216.836182
216.842054
216.867351
216.871398
216.891426
216.899859
216.90867
216.918774
216.933053
216.947122
216.949118
216.951893
216.984198
217.000629
217.001274
217.02111
217.024119
217.025947
217.052773
217.055992
217.089289
217.101657
217.107448
217.115962
217.137962
217.148065
217.150139
217.166735
217.174665
217.187997
217.188168
217.211908
217.214748
217.219583
217.230263
217.230719
217.234837
217.248477
217.262076
217.262661
217.294463
217.34965
217.365533
217.377914
217.395045
217.41532
217.476367
217.483045
217.489038
217.505443
217.505855
217.546344
217.585956
217.586926
217.613582
217.628336
217.642373
217.65372
217.680925
217.685048
217.701802
217.703263
217.713968
217.750928
217.763128
217.796742
217.797509
217.804157
217.82371
217.837375
217.840751
217.856039
217.873054
217.874214
217.87912
217.886062
217.901371
217.901837
217.905604
217.95922
217.962662
217.976025
217.978367
217.981572
217.985882
217.995377
218.010175
218.019721
218.020903
218.039255
218.045997
218.07614
218.096671
218.111744
218.112635
218.122589
218.12467
218.125807
218.139677
218.14138
218.191906
218.218059
218.239549
218.240745
218.243846
218.250357
218.25166
218.251991
218.261948
218.274581
218.279209
218.282727
218.286139
218.292588
218.311727
218.32182
218.343611
218.343865
218.373842
218.38361
218.384125
218.411107
218.425758
218.427681
218.441107
218.451019
218.456516
218.458221
218.467686
218.497131
218.503236
218.52321
218.529224
218.529722
218.53036
218.531567
218.54566
218.561051
218.573629
218.62274
218.626935
218.642159
218.644744
218.65187
218.654405
218.657123
218.676848
218.696916
218.718743
218.720551
218.721587
218.722719
218.729944
218.731607
218.738908
218.740214
218.759453
218.807268
218.809317
218.824347
218.826143
218.833356
218.833775
218.850462
218.85449
218.856081
218.881422
218.890652
218.894652
218.896034
218.914957
218.917401
218.919264
218.930836
218.939014
218.942641
218.949001
218.965221
218.966569
218.992079
219.02553
219.052816
219.087872
219.103911
219.122506
219.12951
219.129656
219.156291
219.182939
219.199499
219.209102
219.218017
219.232499
219.237235
219.245396
219.248934
219.252176
219.283263
219.299329
219.309864
219.338039
219.368446
219.394097
219.411321
219.414151
219.41855
219.431359
219.433652
219.481985
219.488207
219.509249
219.529786
219.552164
219.579108
219.597486
219.599019
219.615334
219.642438
219.663196
219.677245
219.687944
219.693185
219.715387
219.738084
219.74929
219.787751
219.788303
219.789965
219.820472
219.842444
219.872462
219.903971
219.930049
219.952903
219.96161
219.96408
219.986011
219.987317
220.00156
220.018633
220.039976
220.054082
220.068544
220.070877
220.090197
220.093037
220.104504
220.1388
220.139672
220.150257
220.157578
220.180192
220.20041
220.232484
220.23339
220.240785
220.256998
220.271383
220.278305
220.298763
220.300164
220.304772
220.309816
220.313034
220.323639
220.342375
220.366423
220.371436
220.373954
220.388775
220.407711
220.412485
220.448322
220.479777
220.479878
220.489718
220.50235
220.502617
220.506776
220.512854
220.524679
220.529674
220.54082
220.545636
220.552023
220.570405
220.580199
220.580707
220.594292
220.609006
220.625164
220.628939
220.632512
220.634447
220.643429
220.652796
220.656894
220.665985
220.673015
220.680134
220.697916
220.711225
220.713411
220.72189
220.72995
220.768623
220.773135
220.796393
220.79765
220.803408
220.834944
220.846813
220.862908
220.869974
220.879993
220.882067
220.887937
220.893532
220.913065
220.916735
220.931688
220.931839
220.961385
220.983107
221.024292
221.027264
221.057987
221.063203
221.064986
221.069498
221.079832
221.11512
221.116324
221.137057
221.140511
221.141134
221.169169
221.23354
221.241448
221.258795
221.283472
221.292452
221.303369
221.337051
221.350327
221.372613
221.382029
221.383625
221.390554
221.394037
221.412735
221.432634
221.440005
221.465726
221.472244
221.481774
221.487595
221.491005
221.499713
221.503932
221.51226
221.514654
221.528546
221.531814
221.532876
221.538257
221.55421
221.577072
221.585563
221.600619
221.613573
221.631993
221.669
221.681508
221.711764
221.720604
221.727237
221.734711
221.745131
221.80607
221.811274
221.837401
221.853769
221.861659
221.870849
221.899053
221.949052
221.968617
221.969552
221.977918
221.986341
221.98807
221.993262
222.019725
222.021117
222.032943
222.039929
222.040235
222.041165
222.049237
222.050477
222.053246
222.061592
222.065597
222.073955
222.09286
222.106732
222.15006
222.166898
222.175631
222.180989
222.181791
222.181908
222.195272
222.197193
222.206532
222.214511
222.242507
222.286156
222.343543
222.35143
222.353681
222.370304
222.394933
222.418304
222.425701
222.472595
222.495425
222.51139
222.511971
222.526579
222.533132
222.536099
222.544578
222.560634
222.569845
222.58776
222.617706
222.635546
222.636783
222.643322
222.663166
222.664248
222.671268
222.680163
222.681821
222.712826
222.721889
222.723496
222.725064
222.74275
222.744442
222.778055
222.780595
222.781475
222.795225
222.803245
222.813222
222.820862
222.844344
222.873385
222.879232
222.906974
222.934667
222.94281
222.96817
222.973942
223.001369
223.016451
223.019908
223.026818
223.034111
223.065441
223.071428
223.110895
223.115868
223.156316
223.173952
223.191027
223.192569
223.219276
223.235966
223.236448
223.238053
223.2891
223.301762
223.316925
223.320736
223.349554
223.3539
223.3617
223.367754
223.371586
223.389131
223.398286
223.409068
223.469183
223.472158
223.472999
223.490066
223.508604
223.531271
223.55036
223.587388
223.632926
223.635236
223.646641
223.65744
223.666996
223.673404
223.68367
223.695577
223.701457
223.706211
223.710505
223.724793
223.7351
223.736533
223.749377
223.74995
223.750933
223.752423
223.770382
223.772987
223.797865
223.823305
223.828274
223.832603
223.854698
223.859742
223.899152
223.90807
223.916415
223.949229
223.956371
223.956634
223.96157
223.968203
223.981688
223.984292
224.005869
224.025212
224.030692
224.033752
224.039318
224.051931
224.05895
224.063455
224.079137
224.081222
224.087792
224.089102
224.102546
224.102548
224.113667
224.116959
224.134415
224.151901
224.165463
224.181203
224.254636
224.255583
224.265601
224.302459
224.315382
224.354493
224.366862
224.375701
224.380244
224.381041
224.386404
224.392856
224.405117
224.429391
224.466432
224.474945
224.487626
224.490299
224.506461
224.50868
224.508922
224.514654
224.558922
224.563383
224.569806
224.573314
224.586509
224.593603
224.606394
224.643189
224.65641
224.657152
224.658592
224.682717
224.69111
224.692147
224.700843
224.703951
224.711553
224.722013
224.724031
224.731551
224.739437
224.753878
224.756444
224.794195
224.82052
224.831317
224.83898
224.847496
224.872937
224.876137
224.943122
224.94586
224.958329
224.963394
224.966028
224.978429
224.992269
224.995158
224.995534
225.009606
225.018857
225.087254
225.095768
225.121991
225.14348
225.179901
225.187042
225.195099
225.198392
225.221683
225.235888
225.244062
225.244264
225.274833
225.322741
225.342717
225.368927
225.397066
225.401264
225.407576
225.408168
225.433075
225.437279
225.441857
225.450498
225.45502
225.466715
225.477029
225.482934
225.500145
225.50106
225.5256
225.535977
225.568016
225.573323
225.579689
225.58088
225.590648
225.605988
225.630891
225.636916
225.642614
225.644044
225.661218
225.661911
225.669478
225.703051
225.721188
225.744972
225.762254
225.781202
225.829394
225.830823
225.834269
225.834408
225.837747
225.85142
225.855879
225.870549
225.88486
225.886164
225.891156
225.918078
225.922073
225.934448
225.940251
225.966697
225.96793
225.968327
225.970385
225.977493
225.982541
225.987042
225.98725
226.009629
226.029625
226.032088
226.063051
226.072713
226.074
226.07671
226.079979
226.101697
226.101832
226.109131
226.121693
226.125663
226.134067
226.145116
226.154333
226.161036
226.173459
226.188275
226.201051
226.201739
226.2028
226.212595
226.235388
226.238826
226.246026
226.255943
226.261968
226.264004
226.264477
226.266147
226.267307
226.267557
226.290087
226.290879
226.30833
226.330842
226.333277
226.333824
226.338307
226.380166
226.428015
226.42956
226.458976
226.473366
226.481287
226.485463
226.485857
226.502215
226.506632
226.515049
226.549448
226.588009
226.620748
226.630673
226.637315
226.647988
226.650494
226.656991
226.662144
226.665434
226.690702
226.698709
226.708008
226.738194
226.744246
226.746918
226.751269
226.75334
226.772855
226.77548
226.779486
226.782748
226.793442
226.803637
226.834878
226.836094
226.858434
226.866397
226.873834
226.886267
226.909307
226.918965
226.941794
226.953023
226.957701
226.958512
226.973333
226.980444
226.984753
227.001382
227.00418
227.014255
227.023069
227.024255
227.03029
227.035169
227.046492
227.069064
227.081705
227.082827
227.095638
227.095767
227.100598
227.110384
227.112516
227.12208
227.123548
227.129773
227.13331
227.135692
227.175268
227.186808
227.186898
227.192015
227.225215
227.226224
227.231486
227.232554
227.240421
227.243339
227.243778
227.245984
227.254788
227.259238
227.26607
227.284596
227.30054
227.301092
227.306776
227.325186
227.341867
227.352049
227.354229
227.356834
227.357199
227.378553
227.412049
227.422311
227.426274
227.444796
227.448023
227.449976
227.473257
227.484429
227.500283
227.514237
227.516711
227.517101
227.527938
227.561646
227.570386
227.575321
227.588347
227.609527
227.610163
227.630094
227.63881
227.643899
227.666561
227.688314
227.698541
227.700202
227.726423
227.733292
227.734111
227.755261
227.75619
227.767015
227.779664
227.795362
227.808926
227.826608
227.853278
227.853635
227.873649
227.877807
227.904813
227.909966
227.912559
227.916829
227.930336
227.944134
227.961229
228.010242
228.015733
228.039794
228.05287
228.057255
228.071192
228.075558
228.091656
228.101988
228.104182
228.122937
228.128339
228.12908
228.130701
228.136848
228.145901
228.148942
228.155787
228.193275
228.217909
228.220983
228.222122
228.264511
228.292026
228.298814
228.300122
228.321347
228.351949
228.353697
228.371764
228.380335
228.383235
228.390206
228.397352
228.397614
228.402073
228.403464
228.404381
228.4173
228.419009
228.427674
228.441581
228.444743
228.45289
228.458733
228.477012
228.489703
228.505
228.514256
228.517225
228.538088
228.542924
228.543622
228.547012
228.563428
228.567065
228.576248
228.595157
228.621194
228.626675
228.638107
228.648688
228.651574
228.652264
228.665049
228.669355
228.695001
228.709807
228.717936
228.720734
228.75474
228.757557
228.764752
228.766027
228.766419
228.783789
228.78687
228.787028
228.787815
228.80123
228.816454
228.831674
228.832335
228.836987
228.839738
228.891672
228.90445
228.927867
228.931492
228.949219
228.951531
228.983063
228.990272
229.000062
229.001553
229.014542
229.019518
229.028135
229.042971
229.048585
229.065228
229.074397
229.074985
229.078836
229.09278
229.106944
229.13043
229.14381
229.149125
229.149499
229.154465
229.157578
229.167899
229.169087
229.169609
229.172961
229.17452
229.198232
229.219781
229.237155
229.245991
229.251671
229.255433
229.270858
229.299156
229.301254
229.317892
229.331964
229.347865
229.373433
229.374621
229.395199
229.395719
229.399414
229.399446
229.40932
229.42074
229.432771
229.442252
229.443749
229.453407
229.474673
229.484927
229.49661
229.49968
229.517873
229.529774
229.529809
229.529926
229.530504
229.56392
229.569975
229.58837
229.60293
229.605488
229.60934
229.625713
229.633443
229.637548
229.643838
229.646887
229.647574
229.655794
229.66848
229.671657
229.685276
229.688075
229.699847
229.717674
229.733467
229.734636
229.747557
229.757939
229.765056
229.769764
229.804582
229.815329
229.820591
229.83004
229.846066
229.85914
229.866105
229.866718
229.872569
229.876055
229.882909
229.900936
229.909483
229.910584
229.917759
229.923717
229.941196
229.944462
229.964748
229.994721
230.004639
230.012666
230.019361
230.020696
230.02546
230.030018
230.0622
230.066096
230.075734
230.090961
230.096796
230.09908
230.099111
230.102567
230.12474
230.125317
230.165929
230.178133
230.208734
230.235282
230.270633
230.274869
230.293185
230.304181
230.308298
230.320379
230.335061
230.33542
230.337014
230.339727
230.341052
230.363117
230.367071
230.370005
230.381647
230.386007
230.39352
230.43031
230.432045
230.457957
230.466634
230.476133
230.483621
230.491265
230.492338
230.542081
230.543443
230.552224
230.556822
230.55907
230.56225
230.564963
230.569964
230.573874
230.584372
230.614499
230.641325
230.647161
230.667547
230.671235
230.676474
230.678244
230.690012
230.698041
230.715635
230.748529
230.759082
230.790755
230.793363
230.807112
230.830571
230.832559
230.841453
230.852067
230.879292
230.898929
230.914508
230.926178
230.942056
230.949896
230.971783
230.97666
231.01246
231.027443
231.045283
231.047144
231.058577
231.06049
231.07908
231.089188
231.102859
231.108705
231.128538
231.128855
231.136619
231.152944
231.155116
231.17052
231.194533
231.202383
231.227398
231.257229
231.29214
231.300564
231.311516
231.329249
231.348137
231.3523
231.372188
231.394551
231.411876
231.421622
231.448177
231.450236
231.462641
231.474849
231.486225
231.488456
231.506361
231.516366
231.530622
231.532509
231.539396
231.542523
231.545382
231.548558
231.548561
231.557222
231.562326
231.572918
231.575334
231.610051
231.617089
231.634052
231.647388
231.648193
231.648978
231.675426
231.703599
231.708855
231.712792
231.734902
231.745023
231.748002
231.773515
231.786805
231.805789
231.828213
231.832109
231.837738
231.839724
231.842499
231.844737
231.846509
231.854239
231.856594
231.87113
231.892445
231.895193
231.913572
231.938939
231.946209
231.948589
231.96168
231.968783
231.97887
232.014011
232.017322
232.048077
232.065084
232.085959
232.089655
232.112144
232.135122
232.138082
232.140073
232.146265
232.159889
232.16218
232.163285
232.165371
232.188687
232.206245
232.3446
232.362108
232.365577
232.366729
232.38296
232.393639
232.393769
232.402556
232.416066
232.429458
232.435424
232.437969
232.4388
232.439608
232.44233
232.442594
232.454418
232.459079
232.465402
232.467639
232.47409
232.474824
232.48468
232.492102
232.495282
232.515981
232.524227
232.535469
232.551871
232.566766
232.567163
232.579859
232.587576
232.608973
232.62112
232.640977
232.676546
232.682418
232.686305
232.702953
232.712509
232.737312
232.756285
232.772195
232.781387
232.78744
232.788636
232.800372
232.811673
232.821954
232.825808
232.836727
232.864635
232.870715
232.886352
232.886653
232.90433
232.91215
232.913956
232.968168
232.992872
233.006507
233.024174
233.024178
233.035817
233.051497
233.053163
233.079449
233.098504
233.100007
233.112151
233.113877
233.12573
233.139706
233.167353
233.167477
233.181151
233.182157
233.214698
233.216564
233.220487
233.253322
233.266355
233.275754
233.29191
233.291997
233.294516
233.305507
233.309838
233.314142
233.331008
233.333165
233.376602
233.377531
233.382846
233.389269
233.393044
233.431634
233.435582
233.442256
233.455793
233.476696
233.485985
233.507243
233.513845
233.515591
233.540076
233.554137
233.564061
233.575647
233.577374
233.602204
233.608301
233.623649
233.628208
233.629697
233.654376
233.684707
233.693063
233.693787
233.719655
233.7198
233.720131
233.721683
233.729092
233.736012
233.750236
233.750907
233.752745
233.765341
233.7786
233.795514
233.827009
233.840667
233.841639
233.842916
233.847005
233.884393
233.907046
233.922743
233.92433
233.928221
233.94497
233.965822
233.967894
233.974077
233.988355
234.026628
234.033319
234.036915
234.079588
234.08116
234.081486
234.08507
234.116498
234.118827
234.126666
234.126866
234.15066
234.162884
234.169535
234.174687
234.204431
234.22483
234.261714
234.292267
234.33085
234.332201
234.370728
234.404861
234.43617
234.436978
234.457104
234.459335
234.459353
234.483556
234.49697
234.509255
234.512548
234.543778
234.552924
234.553298
234.568489
234.572994
234.584861
234.59701
234.603341
234.604011
234.609978
234.612369
234.630044
234.636534
234.670101
234.671298
234.673402
234.674663
234.67754
234.693292
234.700258
234.702316
234.703843
234.720137
234.739141
234.759134
234.771938
234.788075
234.804864
234.811846
234.819121
234.821433
234.834215
234.845481
234.856341
234.868839
234.877786
234.889618
234.898128
234.904006
234.90623
234.962881
234.973
234.977326
235.004874
235.010674
235.0157
235.030716
235.046598
235.050918
235.053611
235.083396
235.084737
235.110664
235.115747
235.129974
235.133725
235.135327
235.143054
235.146243
235.146312
235.153467
235.174138
235.189327
235.198696
235.261363
235.264343
235.268835
235.313185
235.330971
235.352024
235.37505
235.388196
235.388661
235.399023
235.41095
235.457726
235.469864
235.48131
235.510977
235.520209
235.521655
235.523476
235.553783
235.570628
235.597011
235.642031
235.720615
235.721502
235.775312
235.865025
235.869513
235.894569
235.894748
235.899955
235.910421
235.911243
235.921615
235.929249
235.948574
235.950504
235.956898
235.961142
235.963419
236.014291
236.044975
236.050811
236.078539
236.102576
236.102632
236.121127
236.134485
236.150487
236.176127
236.187324
236.195443
236.21678
236.247985
236.262372
236.267619
236.271525
236.298951
236.30765
236.325722
236.333986
236.358789
236.363964
236.438295
236.459395
236.481634
236.488167
236.501434
236.523305
236.532742
236.53767
236.549825
236.553094
236.56834
236.570665
236.571328
236.617487
236.617771
236.629455
236.632638
236.636791
236.655312
236.709138
236.714085
236.714795
236.728245
236.768804
236.77691
236.787663
236.792705
236.80521
236.82498
236.841369
236.841603
236.848292
236.88561
236.893097
236.905405
236.922801
237.143457
237.191688
237.214067
237.227834
237.241595
237.251427
237.255642
237.269084
237.323623
237.338141
237.338305
237.345352
237.348381
237.370089
237.448548
237.455603
237.471753
237.507618
237.530325
237.54517
237.569521
237.57537
237.638175
237.66571
237.678779
237.688063
237.693825
237.712697
237.740546
237.805579
237.863349
237.870185
237.87367
237.897581
237.980659
238.069409
238.10204
238.119571
238.125657
238.227996
238.26107
238.295246
238.318266
238.325377
238.367806
238.368187
238.383842
238.391265
238.423692
238.455245
238.516653
238.561867
238.57082
238.591198
238.624325
238.657893
238.689034
238.698158
238.72298
238.760297
238.83382
238.838681
238.887663
238.890356
238.926112
238.971343
238.998736
239.036762
239.050442
239.072824
239.130499
239.14135
239.167789
239.202154
239.213508
239.286376
239.311776
239.340671
239.395244
239.461449
239.492884
239.49391
239.606697
239.650589
239.668608
239.719117
239.778494
239.795839
239.809602
239.869334
239.872475
239.966742
239.971788
240.01964
240.054941
240.056631
240.077465
240.096072
240.227877
240.335512
240.347952
240.364554
240.374913
240.393057
240.395429
240.440004
240.465133
240.499374
240.565687
240.575955
240.580811
240.777982
240.793283
240.810593
240.812067
240.879813
240.929887
240.961655
240.98438
241.056773
241.084062
241.145194
241.194884
241.376406
241.437174
241.459237
241.537025
241.544579
241.555392
241.628789
241.657152
241.740295
241.755751
241.864768
241.879637
242.029745
242.08422
242.133188
242.313408
242.325136
242.329268
242.357243
242.43061
242.518315
242.531449
242.705218
242.731491
242.731561
243.010806
243.054047
243.059394
243.151582
243.222349
243.430211
243.537756
243.55549
243.634061
243.713963
243.78498
243.884064
244.02353
244.05871
244.192926
244.243036
244.259481
244.274133
244.359768
244.388089
244.636005
244.646603
244.672576
244.719614
244.720793
244.785632
244.944611
245.050742
245.244057
245.41168
245.442337
245.544187
245.599173
245.618057
245.634599
245.644015
245.934608
246.092822
246.104777
246.375314
246.625688
246.790528
247.139128
247.153426
247.333618
247.342835
247.554843
247.642966
247.828762
248.279969
248.512679
248.5536
248.59675
248.675197
248.818564
249.584369
249.709261
249.775965
250.021318
250.369286
250.385247
250.637435
250.651946
250.799626
251.202198
251.247809
251.741185
252.088857
252.330731
252.500722
252.806758
252.842271
253.198427
253.657926
253.924209
254.460287
256.429922
256.637482
257.463258
261.391932
263.127514
263.526402
263.884235
266.480924
267.92316
268.93048
271.675171
274.587547
275.625457
278.741885
281.813999
282.30155
286.642848
293.762174
297.273707
298.336649
306.85494
311.462219
319.386068
326.01077
327.133245
333.52099
334.98282
335.594524
338.361685
340.531135
347.219195
347.632143
349.456681
354.146013
381.424034
491.081802
491.814323
504.206165
508.915813
515.300598
847.589965
