21.160448
140.492712
147.141373
147.554909
148.091908
148.657755
148.837593
149.276974
149.440671
150.934281
150.962559
151.179471
152.079754
152.123389
152.176507
152.410337
152.823966
153.651068
156.537374
157.568831
169.771988
170.501421
178.698776
187.370628
187.907607
188.66827
188.719643
188.948497
189.249162
189.912052
190.456044
191.180531
192.035518
194.58341
194.985248
196.969797
198.249473
199.246583
199.824045
199.824438
200.199545
202.242348
204.220756
212.564101
214.015601
222.289071
228.71398
253.292655
266.784973
271.126126
276.045971
276.493929
289.62903
332.306881
342.600191
353.301646
