244.805816
249.717138
259.172263
266.724788
270.864227
274.701863
276.555764
276.640343
286.912544
300.141367
303.936389
319.385144
323.101353
323.944379
324.612852
327.135355
327.361383
328.244794
328.97808
329.519621
330.065896
330.189537
330.376671
331.008526
332.219652
332.396651
332.41761
333.046614
333.69217
333.944502
334.88606
334.891303
335.150163
335.996705
336.037931
336.445423
336.634625
336.955049
337.059226
337.310161
338.113041
338.214277
338.287474
338.502658
338.801064
339.013607
339.749631
340.002464
340.114312
340.116902
340.13318
340.253323
340.432578
340.542952
340.548394
341.158584
341.174286
341.299807
341.427932
341.446797
341.56595
341.568948
341.921125
341.986565
342.03649
342.334301
342.453099
342.467094
342.650334
342.79761
342.800973
342.913209
342.938383
343.290143
343.291997
343.31086
343.747503
343.801265
343.955954
343.990208
344.141313
344.201333
344.300596
344.41537
344.663974
344.709291
344.799734
345.022328
345.17682
345.258891
345.305896
345.345893
345.35916
345.433445
345.462332
345.622196
345.740544
345.747112
345.806447
345.955768
346.017064
346.052869
346.06413
346.108919
346.158639
346.167974
346.261926
346.416363
346.439677
346.473755
346.516545
346.538108
346.538596
346.543731
346.559585
346.562369
346.596445
346.70436
346.714836
346.729605
346.868257
346.912553
346.92292
347.000681
347.042157
347.101465
347.55679
347.596621
347.674577
347.747524
347.800158
347.865833
347.880064
347.881405
347.955844
347.976369
348.02182
348.130232
348.148022
348.177603
348.240576
348.248236
348.323614
348.42024
348.576232
348.614434
348.71085
348.756346
348.904358
348.985852
349.067403
349.112714
349.137021
349.168203
349.189939
349.266623
349.288244
349.344718
349.388998
349.39369
349.425784
349.520953
349.547559
349.550821
349.562977
349.622904
349.647669
349.687741
349.700617
349.724155
349.772954
349.792996
349.798579
349.838509
349.84176
350.020045
350.027374
350.13688
350.162672
350.206553
350.236772
350.257702
350.261565
350.293692
350.329005
350.33574
350.354009
350.444389
350.487405
350.499847
350.502622
350.505396
350.51393
350.516
350.645969
350.657604
350.673445
350.692004
350.722507
350.944141
350.979782
351.192693
351.208392
351.213655
351.32542
351.464831
351.464892
351.48362
351.508684
351.511443
351.527189
351.531276
351.545824
351.598341
351.601873
351.611047
351.622436
351.68928
351.726489
351.807203
351.836597
351.841782
351.897283
351.933878
352.054909
352.063134
352.073701
352.156749
352.161147
352.187789
352.265397
352.307672
352.367417
352.442762
352.4633
352.503707
352.583848
352.591068
352.615109
352.652818
352.657779
352.67413
352.677039
352.700479
352.707816
352.757335
352.778029
352.917874
352.973924
353.021738
353.023461
353.02753
353.032431
353.086408
353.094182
353.264607
353.269307
353.26944
353.269705
353.269837
353.272574
353.272807
353.296975
353.326262
353.328333
353.360187
353.410913
353.481854
353.506451
353.531632
353.55082
353.55453
353.686421
353.700993
353.727496
353.731487
353.767962
353.786785
353.8385
353.883369
353.8941
353.920045
353.922062
353.961983
353.968341
353.973673
353.991013
353.991824
354.004786
354.024791
354.057106
354.098094
354.188398
354.188577
354.271583
354.293933
354.32031
354.353125
354.406827
354.469168
354.482003
354.557457
354.59657
354.633583
354.660594
354.705747
354.766402
354.77164
354.793113
354.793828
354.806456
354.821895
354.948958
355.016057
355.017016
355.061353
355.083311
355.111017
355.117435
355.191587
355.1955
355.228391
355.257922
355.294452
355.303005
355.335142
355.395866
355.479212
355.541743
355.585662
355.587681
355.601384
355.623831
355.639706
355.6844
355.692396
355.692609
355.704112
355.716844
355.73431
355.749948
355.769328
355.812615
355.819263
355.910142
355.925315
355.964048
355.988924
355.989366
356.005265
356.032213
356.096599
356.115387
356.13446
356.26285
356.278885
356.309386
356.339653
356.342166
356.349433
356.35119
356.370197
356.39465
356.409998
356.506403
356.513613
356.516854
356.550432
356.582142
356.598171
356.600864
356.605608
356.626211
356.626272
356.705248
356.711732
356.71796
356.751933
356.762366
356.82329
356.848293
356.861454
356.890549
356.898745
356.946435
356.950094
356.963151
357.082497
357.084572
357.115307
357.115399
357.141555
357.166524
357.196519
357.202912
357.217387
357.222358
357.230791
357.314678
357.331078
357.36701
357.372862
357.430045
357.432207
357.441219
357.4714
357.477112
357.478399
357.479303
357.51466
357.523846
357.553843
357.574804
357.576383
357.60431
357.604832
357.6116
357.616729
357.622584
357.629029
357.629682
357.647872
357.676519
357.72822
357.808428
357.808735
357.848654
357.858745
357.875995
357.892454
357.908948
357.942795
357.94396
357.962787
357.962905
357.96479
357.973717
357.990221
358.048737
358.052221
358.076906
358.078874
358.08101
358.096211
358.098497
358.110631
358.125203
358.144694
358.168796
358.2105
358.227238
358.264927
358.267289
358.275108
358.345675
358.377946
358.383533
358.389148
358.38918
358.396658
358.409372
358.422861
358.425168
358.469432
358.475234
358.478111
358.514079
358.529517
358.538022
358.53833
358.539473
358.550862
358.575051
358.624721
358.632433
358.635227
358.643848
358.666679
358.668258
358.673989
358.691258
358.714107
358.761511
358.777423
358.780556
358.805631
358.813985
358.826344
358.836706
358.847108
358.890211
358.906708
358.919437
358.926388
358.934044
358.936774
358.94171
359.01549
359.015583
359.036455
359.066
359.066094
359.074642
359.089673
359.095237
359.10226
359.118029
359.161198
359.16601
359.214622
359.216134
359.231656
359.232058
359.234499
359.236419
359.25379
359.289063
359.301547
359.313982
359.390829
359.393361
359.408677
359.413124
359.463593
359.46838
359.472167
359.485568
359.488488
359.538326
359.553654
359.562037
359.640579
359.681642
359.681885
359.687386
359.694927
359.697265
359.698179
359.73539
359.769328
359.770481
359.774427
359.80007
359.806664
359.811869
359.844503
359.851601
359.936784
359.991189
359.997135
359.997725
360.006147
360.009539
360.045497
360.059588
360.107726
360.140655
360.141583
360.197243
360.244809
360.245422
360.25765
360.272294
360.276623
360.297081
360.304417
360.423521
360.440574
360.477907
360.505194
360.517596
360.536381
360.554074
360.554901
360.565226
360.578535
360.612589
360.637887
360.638787
360.641284
360.643349
360.647816
360.65001
360.662069
360.687402
360.717851
360.72526
360.741063
360.744099
360.749658
360.790422
360.825416
360.834152
360.846727
360.922833
360.92619
360.930211
360.931581
360.933706
360.968863
360.986624
360.991798
361.012529
361.014637
361.022147
361.031058
361.039339
361.042739
361.043591
361.069968
361.084502
361.153026
361.154321
361.178084
361.203184
361.218122
361.25384
361.264881
361.276396
361.302609
361.347341
361.368593
361.383808
361.403614
361.425231
361.426949
361.470136
361.477414
361.486629
361.48898
361.4918
361.501051
361.51153
361.513477
361.515513
361.517405
361.5339
361.540142
361.543361
361.54866
361.553871
361.558351
361.559862
361.560185
361.569341
361.588959
361.589519
361.59686
361.61146
361.617809
361.620794
361.638308
361.645779
361.664725
361.671175
361.677993
361.683712
361.69058
361.69455
361.716202
361.723616
361.723874
361.725866
361.732143
361.733958
361.744648
361.773639
361.774962
361.802177
361.826814
361.827603
361.859864
361.886989
361.887675
361.915808
361.919087
361.945503
361.970101
362.004825
362.005421
362.031693
362.034142
362.041737
362.054388
362.056038
362.088764
362.102603
362.11787
362.158069
362.190842
362.216239
362.229542
362.238881
362.24161
362.259716
362.281531
362.299193
362.300612
362.309918
362.311828
362.313295
362.331714
362.3384
362.376083
362.384911
362.403593
362.406569
362.416895
362.432964
362.434837
362.443778
362.446834
362.451954
362.452815
362.456138
362.456859
362.476122
362.494346
362.499857
362.505929
362.509119
362.530665
362.531933
362.535827
362.541897
362.546908
362.587078
362.595073
362.62568
362.639046
362.649604
362.650278
362.680075
362.699672
362.708182
362.708897
362.719055
362.723909
362.731744
362.749903
362.761939
362.767248
362.771785
362.774188
362.780118
362.791105
362.829372
362.833733
362.836674
362.860214
362.902959
362.926461
362.95214
362.952785
362.953762
362.959996
362.983014
362.983664
363.013985
363.026042
363.041023
363.087806
363.109745
363.109994
363.117023
363.215993
363.228798
363.233585
363.252313
363.253176
363.293457
363.307961
363.310311
363.35173
363.355241
363.362884
363.410165
363.423353
363.429813
363.435856
363.456522
363.471035
363.474219
363.478354
363.524385
363.532753
363.536001
363.563137
363.572926
363.584233
363.586192
363.594924
363.612156
363.625082
363.631655
363.638298
363.641705
363.678114
363.686075
363.686709
363.710501
363.71443
363.721457
363.723218
363.724253
363.738027
363.741254
363.748172
363.753674
363.774467
363.77878
363.781323
363.803646
363.826298
363.856946
363.858127
363.863208
363.86486
363.870786
363.893818
363.91594
363.919804
363.937401
363.946318
363.952524
363.956881
363.963046
363.965159
363.977744
363.989628
363.996478
364.014034
364.024143
364.045182
364.045622
364.049938
364.068678
364.074675
364.085425
364.109228
364.121013
364.130544
364.131208
364.147537
364.14899
364.182036
364.228688
364.251971
364.261915
364.297587
364.326805
364.335126
364.335173
364.336148
364.350285
364.375429
364.376373
364.382479
364.432256
364.433291
364.437686
364.445589
364.447684
364.476826
364.486238
364.492352
364.511847
364.515459
364.536397
364.555684
364.556388
364.558056
364.575981
364.590301
364.609282
364.665896
364.684018
364.689761
364.699918
364.718774
364.724309
364.730728
364.734059
364.746277
364.754806
364.760963
364.76208
364.768478
364.78589
364.788949
364.804701
364.814993
364.846123
364.859747
364.877017
364.902332
364.903102
364.913892
364.927853
364.955584
364.969068
364.98316
364.987381
365.013186
365.030196
365.0514
365.082327
365.107345
365.12164
365.122196
365.125578
365.134133
365.140959
365.158993
365.166035
365.171311
365.179157
365.227189
365.231775
365.238032
365.241024
365.24647
365.251348
365.264762
365.309527
365.310615
365.31319
365.313876
365.33656
365.337262
365.34152
365.343681
365.360363
365.386183
365.410481
365.428442
365.443299
365.472678
365.485368
365.488774
365.512155
365.535509
365.539199
365.547023
365.549456
365.566848
365.585984
365.586629
365.588858
365.5963
365.608099
365.676112
365.677818
365.678624
365.690349
365.691343
365.691736
365.700967
365.708032
365.710304
365.715983
365.731529
365.738308
365.750505
365.771124
365.78241
365.783098
365.788653
365.793067
365.80386
365.804029
365.815374
365.853994
365.86981
365.87563
365.878011
365.882363
365.89214
365.90696
365.916906
365.917391
365.919631
365.926068
365.95032
365.960278
365.967134
365.971484
365.976702
365.98404
365.995323
365.998974
366.027993
366.048104
366.052784
366.067253
366.102708
366.104056
366.123309
366.138953
366.145457
366.147855
366.201188
366.219196
366.24851
366.258457
366.288074
366.290567
366.298465
366.327714
366.333684
366.335811
366.349077
366.374585
366.379021
366.40698
366.422466
366.427391
366.437343
366.449005
366.454027
366.455086
366.461267
366.480284
366.485857
366.489691
366.527793
366.536462
366.541005
366.554532
366.562839
366.601511
366.602875
366.61229
366.621289
366.62311
366.623284
366.643965
366.646397
366.658954
366.675214
366.686931
366.694436
366.704631
366.710158
366.713429
366.71991
366.719995
366.72808
366.745603
366.753098
366.753611
366.762871
366.769999
366.780515
366.788538
366.797987
366.798629
366.802532
366.802942
366.820289
366.82115
366.827856
366.829824
366.853613
366.855542
366.86849
366.879854
366.882863
366.883843
366.885057
366.893802
366.898514
366.912359
366.916851
366.924708
366.935003
366.939046
366.941909
366.955946
366.970287
366.971091
366.989001
367.003615
367.00684
367.015217
367.042032
367.043186
367.043392
367.044097
367.053194
367.059769
367.076453
367.082083
367.092375
367.094069
367.118699
367.123397
367.123903
367.125601
367.14563
367.167463
367.186353
367.192645
367.214656
367.233144
367.24427
367.302177
367.342873
367.359931
367.370763
367.372116
367.376346
367.384409
367.402589
367.410014
367.419043
367.431927
367.443925
367.475377
367.47899
367.496048
367.525117
367.528586
367.532424
367.532459
367.567591
367.583331
367.590518
367.591429
367.599717
367.643471
367.667675
367.691068
367.700765
367.711324
367.729816
367.737036
367.74217
367.751618
367.761397
367.783775
367.785914
367.809608
367.809888
367.818181
367.825162
367.830038
367.836264
367.851925
367.902645
367.914736
367.921652
367.932247
367.93421
367.936901
367.962345
367.973667
367.993174
368.013792
368.015392
368.019503
368.024761
368.027046
368.030201
368.042394
368.0802
368.098512
368.100683
368.101387
368.104618
368.12104
368.124301
368.127047
368.134366
368.14274
368.156866
368.171116
368.174632
368.176953
368.186161
368.218252
368.221637
368.227812
368.246597
368.257121
368.266554
368.266944
368.275616
368.277872
368.278538
368.27857
368.291469
368.29641
368.306627
368.30838
368.312613
368.313251
368.317421
368.340805
368.353839
368.360412
368.40812
368.417892
368.418666
368.441995
368.455565
368.470311
368.471768
368.47697
368.491484
368.531626
368.532025
368.56077
368.571263
368.576757
368.578494
368.601955
368.604388
368.615352
368.618406
368.620232
368.666131
368.707658
368.714593
368.72652
368.732623
368.754058
368.759223
368.765993
368.769688
368.779177
368.794834
368.814335
368.815456
368.854633
368.861604
368.86412
368.869583
368.870844
368.886862
368.900196
368.906555
368.906968
368.916935
368.917129
368.917469
368.926232
368.948961
368.949536
368.963852
368.978012
368.982957
368.98801
368.989915
368.995273
369.004629
369.022169
369.024537
369.032861
369.035415
369.104762
369.127617
369.132917
369.148421
369.148771
369.18511
369.186845
369.201567
369.210294
369.231202
369.231497
369.24169
369.254289
369.257775
369.258527
369.264151
369.266109
369.267774
369.267885
369.280275
369.29883
369.323896
369.363186
369.400638
369.451089
369.464383
369.469214
369.471605
369.478763
369.487007
369.498544
369.505179
369.520555
369.521122
369.525864
369.568004
369.578641
369.597719
369.598268
369.626836
369.635315
369.636986
369.654631
369.667205
369.679323
369.683403
369.69046
369.694008
369.706826
369.718067
369.718177
369.738476
369.748105
369.758852
369.774648
369.77829
369.781697
369.801583
369.81711
369.848812
369.850283
369.85216
369.867971
369.869495
369.880542
369.89626
369.900392
369.901728
369.905567
369.912404
369.926076
369.926435
369.940401
369.940502
369.950232
369.955839
369.957986
369.967008
369.975434
370.004908
370.059545
370.06708
370.07894
370.087614
370.089891
370.093373
370.114531
370.134304
370.134525
370.136208
370.144097
370.146694
370.151155
370.171062
370.171696
370.198258
370.203562
370.244201
370.246584
370.249059
370.278551
370.282823
370.295271
370.297591
370.300218
370.304081
370.304534
370.313081
370.32296
370.356633
370.366425
370.372795
370.397689
370.403316
370.413719
370.446843
370.447045
370.449191
370.471315
370.49742
370.498453
370.500336
370.51042
370.544269
370.547891
370.591898
370.599939
370.602546
370.611072
370.61479
370.622268
370.64651
370.647088
370.672419
370.68575
370.688089
370.691445
370.697291
370.702876
370.70656
370.710881
370.726784
370.764521
370.785832
370.790693
370.796998
370.801769
370.823186
370.823268
370.845974
370.857999
370.861963
370.862749
370.864806
370.872035
370.881628
370.901683
370.904742
370.906404
370.909966
370.933444
370.951043
370.955525
370.967247
370.970201
370.985563
370.987717
370.990174
371.00003
371.038021
371.038811
371.046771
371.060573
371.098251
371.126896
371.128408
371.155797
371.157817
371.16687
371.182836
371.184192
371.216816
371.237814
371.250845
371.271006
371.276192
371.298499
371.3148
371.316285
371.338634
371.339154
371.341872
371.341901
371.344039
371.354372
371.371536
371.375929
371.399732
371.412215
371.427144
371.439658
371.441885
371.450782
371.452358
371.463174
371.472369
371.475078
371.493175
371.521109
371.544392
371.544964
371.546092
371.569149
371.571339
371.575402
371.587321
371.597941
371.604263
371.604973
371.612338
371.614309
371.614893
371.663875
371.672763
371.675652
371.680836
371.685884
371.690666
371.709117
371.733349
371.739621
371.774405
371.774479
371.794971
371.823632
371.831176
371.846745
371.853384
371.865384
371.8754
371.879497
371.921829
371.924481
371.928633
371.948413
371.964764
371.981002
371.984422
371.997876
371.999975
372.012434
372.023035
372.075609
372.083046
372.093117
372.097683
372.101677
372.113763
372.119129
372.120924
372.122316
372.128302
372.166123
372.204737
372.208432
372.215655
372.218492
372.221682
372.234136
372.236999
372.239138
372.256299
372.300602
372.335248
372.368994
372.398294
372.431988
372.45723
372.477227
372.478164
372.479415
372.487255
372.498854
372.508693
372.537958
372.539542
372.548774
372.557618
372.625675
372.638068
372.63886
372.639622
372.643098
372.644545
372.64683
372.652024
372.685322
372.687529
372.707401
372.735182
372.739154
372.742123
372.790324
372.797808
372.815371
372.815888
372.82301
372.827303
372.838191
372.847598
372.850368
372.854835
372.86875
372.871927
372.884716
372.88668
372.940532
372.941122
372.971662
372.972723
372.976859
373.012278
373.012522
373.028495
373.041757
373.06408
373.06477
373.070997
373.072457
373.073708
373.077714
373.077827
373.081659
373.08336
373.086049
373.117727
373.12252
373.133735
373.152989
373.162411
373.177459
373.183199
373.188665
373.190666
373.191225
373.197958
373.217743
373.224067
373.224972
373.227509
373.237614
373.258589
373.270786
373.334877
373.373735
373.376232
373.377682
373.382509
373.384032
373.388957
373.392911
373.394805
373.417747
373.438436
373.443916
373.466165
373.479076
373.48003
373.495562
373.511428
373.514209
373.520588
373.52237
373.523429
373.572811
373.584813
373.586384
373.592952
373.613044
373.617856
373.630174
373.639245
373.685578
373.685878
373.70744
373.740315
373.769012
373.772567
373.805732
373.822613
373.843248
373.852307
373.857746
373.858299
373.909999
373.977955
373.983413
373.991638
374.017194
374.03008
374.032439
374.037648
374.06122
374.069754
374.074954
374.082496
374.093044
374.101375
374.124163
374.127
374.13293
374.133758
374.148032
374.156949
374.169118
374.184853
374.191458
374.203524
374.205734
374.21059
374.216787
374.236456
374.2411
374.244016
374.244415
374.262069
374.294696
374.301623
374.308511
374.309272
374.31766
374.320588
374.330833
374.340152
374.340783
374.343697
374.356563
374.366843
374.368793
374.375502
374.378986
374.379046
374.385568
374.388381
374.398356
374.406934
374.414774
374.418435
374.424349
374.426251
374.438854
374.476757
374.491281
374.500544
374.509813
374.520446
374.52678
374.558867
374.563979
374.578811
374.587017
374.638175
374.639013
374.641457
374.646303
374.670451
374.679318
374.724773
374.733556
374.760181
374.765158
374.770035
374.774466
374.783644
374.817348
374.820907
374.829906
374.846315
374.853736
374.862227
374.88314
374.890658
374.907976
374.909339
374.919112
374.921724
374.925297
374.942095
374.943379
374.965626
374.970977
375.001426
375.025322
375.033061
375.054079
375.057343
375.085488
375.089655
375.130358
375.132721
375.135295
375.143496
375.148601
375.226619
375.227828
375.243237
375.248792
375.261085
375.269521
375.274444
375.291902
375.299132
375.302595
375.315401
375.329294
375.347598
375.365371
375.368621
375.379144
375.381105
375.386652
375.421943
375.427727
375.429494
375.447146
375.460718
375.480664
375.481066
375.488406
375.497993
375.515486
375.517529
375.519201
375.528309
375.54451
375.5468
375.548717
375.552104
375.575338
375.577477
375.593055
375.601295
375.607704
375.613071
375.632058
375.640563
375.649016
375.651487
375.656777
375.670825
375.693909
375.711128
375.722802
375.751533
375.753984
375.770957
375.777067
375.801682
375.806955
375.831402
375.834584
375.861333
375.867212
375.870813
375.875013
375.88427
375.887633
375.898229
375.899748
375.900528
375.906309
375.915974
375.930692
375.940684
375.964116
375.979257
375.986478
376.023776
376.033976
376.047039
376.049776
376.056612
376.057051
376.058622
376.06802
376.076397
376.087131
376.097266
376.099735
376.115957
376.118467
376.151201
376.153412
376.180242
376.18059
376.184583
376.195099
376.197122
376.221445
376.224876
376.235877
376.265915
376.268566
376.26898
376.274293
376.278697
376.302956
376.316084
376.326026
376.33359
376.342517
376.356276
376.369303
376.405039
376.405143
376.418976
376.451057
376.474102
376.482972
376.541242
376.550178
376.570703
376.57193
376.579728
376.609804
376.635381
376.649179
376.65522
376.672007
376.677282
376.683583
376.692639
376.721186
376.727989
376.742833
376.772418
376.784587
376.806195
376.8226
376.843726
376.848698
376.850006
376.852707
376.877079
376.879122
376.940959
376.946409
376.98407
376.989375
377.011405
377.015619
377.02777
377.030046
377.030596
377.033432
377.043636
377.045968
377.053204
377.059976
377.070201
377.073827
377.121109
377.13051
377.186358
377.188801
377.191347
377.210307
377.265187
377.266706
377.287468
377.309617
377.317152
377.326624
377.353167
377.369303
377.372581
377.378165
377.383036
377.391754
377.399785
377.418624
377.418773
377.429318
377.430793
377.442735
377.490912
377.500876
377.509968
377.513367
377.530799
377.542995
377.583769
377.596481
377.597038
377.612392
377.643122
377.665459
377.668286
377.669272
377.692765
377.708432
377.7264
377.73962
377.743162
377.755317
377.78034
377.804854
377.842684
377.859089
377.865015
377.884318
377.896838
377.943616
377.945096
377.973545
377.981873
377.987351
378.020948
378.11
378.150928
378.162032
378.19098
378.208041
378.244354
378.264065
378.26914
378.287987
378.307219
378.320811
378.32399
378.340544
378.341424
378.367794
378.378103
378.37881
378.399711
378.403085
378.40502
378.421033
378.434545
378.436044
378.467573
378.46963
378.469737
378.498359
378.513985
378.529546
378.539358
378.550684
378.561093
378.572203
378.59654
378.62341
378.687739
378.689882
378.725296
378.728076
378.767626
378.782411
378.787046
378.829967
378.850517
378.872018
378.877625
378.913521
378.915424
378.918399
378.938728
378.941748
378.950065
379.007321
379.020078
379.059397
379.081833
379.089065
379.100422
379.109134
379.14592
379.17124
379.192278
379.226366
379.229416
379.238362
379.255335
379.272507
379.299734
379.30219
379.317045
379.323473
379.352939
379.354692
379.362034
379.373776
379.396803
379.404112
379.418086
379.495833
379.49996
379.509775
379.570515
379.587951
379.605628
379.694042
379.720405
379.738592
379.738787
379.741765
379.751016
379.766331
379.788658
379.807861
379.809704
379.847669
379.84976
379.850599
379.884834
379.925971
379.931302
379.945052
379.955424
379.972341
380.012296
380.023329
380.045993
380.052637
380.05363
380.067767
380.084036
380.08977
380.101602
380.101717
380.10293
380.112878
380.122347
380.127925
380.141237
380.146588
380.161206
380.178624
380.184232
380.185368
380.219824
380.221927
380.235409
380.245905
380.285155
380.288352
380.2909
380.296073
380.315431
380.350214
380.350971
380.355617
380.373382
380.375959
380.41105
380.413466
380.474703
380.476028
380.491439
380.494134
380.5018
380.503549
380.552127
380.560063
380.563774
380.581195
380.656812
380.689907
380.711572
380.780971
380.783528
380.805214
380.810373
380.811005
380.820789
380.883102
380.895647
380.907265
380.911737
380.91959
380.930854
380.931437
380.937228
380.941906
380.955626
380.96377
380.988889
380.989528
380.997712
381.002698
381.027878
381.032481
381.047964
381.131423
381.178102
381.200157
381.209668
381.210374
381.228518
381.28827
381.321331
381.322535
381.333043
381.342981
381.349021
381.367542
381.398361
381.409477
381.437207
381.49101
381.492303
381.499099
381.509231
381.532569
381.532731
381.540499
381.575634
381.614698
381.622583
381.629638
381.651096
381.672761
381.673731
381.678253
381.679276
381.679301
381.685092
381.711054
381.741417
381.748651
381.788901
381.79066
381.801221
381.816249
381.85141
381.852252
381.855059
381.894268
381.900805
381.907538
381.931231
381.941153
381.946474
381.967764
381.981916
381.982547
381.984562
381.996302
382.102468
382.10661
382.115943
382.121035
382.134929
382.14826
382.158659
382.179802
382.18959
382.193233
382.207779
382.278114
382.279107
382.282854
382.332605
382.337953
382.455582
382.461093
382.472852
382.477669
382.529194
382.568931
382.59551
382.601826
382.604655
382.606336
382.630413
382.655951
382.688337
382.690148
382.761349
382.815243
382.834529
382.842108
382.861609
382.866054
382.881908
382.884212
382.918826
382.930325
382.941176
382.945564
382.971539
383.007078
383.024585
383.033747
383.071015
383.118818
383.129512
383.14566
383.152589
383.177826
383.226154
383.235286
383.257123
383.357695
383.359678
383.379023
383.465973
383.470852
383.479297
383.497004
383.524602
383.527459
383.539109
383.539961
383.559278
383.579893
383.580239
383.600482
383.61888
383.677846
383.694596
383.702194
383.708562
383.731954
383.772679
383.841086
383.901185
383.920106
383.997725
384.0118
384.028143
384.049755
384.091699
384.109981
384.11564
384.137098
384.159842
384.179433
384.180087
384.192563
384.213436
384.265414
384.272339
384.31023
384.312886
384.365654
384.388399
384.474617
384.521396
384.553929
384.645562
384.675614
384.718318
384.741801
384.745874
384.782137
384.882165
384.895654
384.954312
384.995487
384.998947
385.09893
385.148451
385.193155
385.197203
385.220985
385.229341
385.280498
385.290668
385.299994
385.342445
385.349178
385.386091
385.417852
385.448426
385.45364
385.466551
385.470336
385.484672
385.511527
385.516818
385.523255
385.523421
385.541988
385.544098
385.545139
385.549092
385.552123
385.558818
385.71091
385.715052
385.764429
385.770016
385.812949
385.824418
385.82474
385.892909
385.90583
385.97055
385.971581
386.039262
386.08105
386.094575
386.095794
386.0993
386.101937
386.155886
386.182365
386.192547
386.249934
386.288896
386.379848
386.418695
386.427966
386.502326
386.525207
386.573543
386.631508
386.67105
386.672449
386.673039
386.784121
386.810002
386.822032
386.83031
386.892754
386.90162
386.910133
386.9971
387.058729
387.126182
387.136985
387.170791
387.187057
387.21023
387.223395
387.231999
387.237321
387.359988
387.360782
387.370573
387.371167
387.391312
387.424102
387.44061
387.456572
387.477805
387.483123
387.50557
387.516735
387.56067
387.671476
387.676101
387.701937
387.712376
387.717633
387.759447
387.809296
387.839174
387.849356
387.915716
387.922261
388.100978
388.103696
388.159678
388.182812
388.220425
388.251317
388.320139
388.32486
388.335768
388.358017
388.557424
388.562826
388.565092
388.580404
388.593794
388.595362
388.618846
388.750193
388.760075
388.862828
388.870577
388.9467
388.95911
388.980104
389.000834
389.086246
389.129573
389.156387
389.217268
389.255151
389.261356
389.286087
389.356048
389.428639
389.501272
389.641607
389.654279
389.700662
389.777938
389.888345
389.97609
389.986744
389.994951
390.004037
390.104175
390.122564
390.187236
390.226161
390.276972
390.377547
390.390561
390.394617
390.396405
390.407486
390.423081
390.622717
390.635125
390.780889
390.795995
390.841149
390.977978
391.204649
391.362852
391.454924
391.464213
391.49933
391.512383
391.631461
391.64218
391.70105
391.757768
391.785259
391.844368
391.884402
391.928857
391.937935
391.955412
392.057213
392.333589
392.453214
392.511819
392.525871
392.555634
392.962692
393.092419
393.123926
393.343914
393.361754
393.427316
393.440405
393.456087
393.529666
393.589247
393.610548
393.629434
393.772041
393.820803
393.872834
393.937269
393.974381
394.160061
394.200309
394.282961
394.375422
394.440436
394.46501
394.516698
394.549516
394.613025
394.773079
394.954264
394.964729
394.981784
395.149736
395.1914
395.25217
395.302817
395.38032
395.402555
395.430235
395.485399
395.502274
395.524498
395.525678
395.533479
395.627777
395.662343
395.696283
395.708488
395.785504
395.856846
395.865235
395.882592
395.936975
395.937828
395.977925
396.038217
396.058062
396.119084
396.160529
396.170865
396.318649
396.362909
396.449821
396.474849
396.485664
396.487153
396.537617
396.59279
396.604752
396.722096
396.771327
396.847396
396.895032
396.98729
397.012154
397.018424
397.111227
397.210694
397.295573
397.3162
397.522722
397.666184
397.698988
397.798713
398.045678
398.269614
398.400927
398.413717
398.743559
398.768088
398.783881
398.805353
398.826532
398.830213
399.046523
399.387443
399.436862
399.520838
399.556071
399.630521
399.638072
399.654856
399.660004
399.684146
399.875516
399.938238
399.95703
399.994853
400.051414
400.136975
400.237122
400.405848
400.480201
400.507988
400.513763
400.596651
401.194561
401.311272
401.430627
401.469659
401.492327
401.510653
401.741127
401.788495
401.797141
402.005777
402.194303
402.20094
402.242237
402.244821
402.642996
402.684964
402.689671
402.836256
402.956597
402.99057
403.083586
403.414596
403.442607
403.521059
403.587639
403.791794
403.84781
403.886054
403.917989
404.048996
404.067812
404.134908
404.374627
404.523036
404.57413
404.902339
404.924681
405.043404
405.34446
405.597993
405.742587
405.901614
405.927305
405.933954
405.995538
406.420401
406.648009
407.205589
407.271221
407.282278
407.462854
407.508688
407.570995
407.980776
408.043903
408.069011
408.27828
408.39951
408.430545
408.549473
409.140793
409.263929
409.910928
410.07645
410.88919
410.901341
411.200999
411.215615
411.491458
412.098674
412.227081
412.425332
412.589408
412.878661
412.994717
413.179322
413.498945
413.530916
413.609014
413.699932
413.78761
413.862399
414.143691
414.159817
414.281939
414.534453
414.620771
414.747709
414.748378
415.269341
415.685067
415.801138
416.247615
416.40294
416.658324
417.046693
417.340114
417.42564
417.645153
417.666085
417.684841
417.99117
418.601257
418.645427
418.855719
419.116581
419.173735
419.558996
420.190924
421.131045
421.462637
422.383724
422.812259
424.018742
424.195006
424.345164
424.382194
424.484231
425.014635
425.491086
425.590496
425.669107
426.099432
426.542183
427.406699
427.447834
427.9976
428.041214
428.856638
429.275798
430.668627
431.341519
431.424608
431.452236
431.780421
432.779755
438.037498
441.883479
443.866378
446.370399
446.50351
448.267275
448.286707
448.390326
454.495058
455.296385
458.529421
475.226712
476.009639
479.537063
485.419465
487.266442
487.721416
505.701286
522.163236
538.323923
571.43987
578.422705
606.648027
642.644743
659.617121
661.070043
708.366793
716.623679
732.495295
740.941403
798.159301
831.652353
934.679081
1224.931533
1599.52992
