1.501091
1.530704
1.563246
1.705983
6.729806
7.233397
7.398876
7.468155
7.48393
7.498348
7.604431
7.931625
7.954676
8.112224
8.136242
8.412004
8.568978
8.866211
8.866987
8.893495
8.979034
9.003174
9.422658
9.452286
9.581513
9.687363
9.935951
9.990555
10.05268
10.112396
10.743157
10.900654
11.143881
11.168968
11.204913
11.208951
11.264921
11.459247
11.483832
11.588721
11.615525
11.628931
11.736726
11.759051
11.776201
11.889405
11.974863
11.991667
12.072303
12.182649
12.235237
12.248967
12.261095
12.276752
12.337955
12.402454
12.456231
12.721134
12.876909
12.905352
13.096432
13.138523
13.362615
13.37373
13.654877
13.739751
13.779198
13.80654
13.808643
13.847585
13.866216
13.886992
13.891376
13.937338
14.032166
14.087387
14.133867
14.218567
14.307438
14.326941
14.410662
14.529022
14.625825
14.631196
14.73639
14.738741
14.770604
14.771601
14.78429
14.862922
14.946074
14.968392
15.087932
15.102113
15.170778
15.299254
15.30253
15.33137
15.439701
15.505595
15.869329
15.905415
15.918412
16.066541
16.067071
16.096236
16.1581
16.173993
16.222959
16.336707
16.585548
16.649388
16.657858
16.706807
16.799775
16.829509
16.987452
17.050709
17.055668
17.078279
17.403677
17.566135
17.684532
17.925091
18.153397
18.167233
18.283423
18.606317
19.021899
19.099375
19.102039
19.113847
19.151166
19.170806
19.234245
19.236918
19.289765
19.451989
19.520636
19.581153
19.825914
19.848067
20.016582
20.252081
20.446041
20.558654
20.581159
20.630004
20.66365
20.677882
21.095264
21.160448
21.403396
21.508564
21.780099
21.812857
22.244431
22.327761
23.012231
23.023069
23.136474
23.922909
24.074252
24.422583
24.891218
25.003764
25.402842
25.466147
25.960614
26.084021
26.24053
26.337117
26.5813
27.132391
28.964363
29.159445
29.498045
30.333172
31.330966
31.478242
31.81615
31.974721
32.159797
32.446655
32.81994
33.078262
34.874206
36.762769
37.048807
37.115245
37.7809
39.909759
39.967263
40.062796
41.667875
42.093945
43.767235
47.245168
50.177179
51.276452
52.892465
55.382096
58.845175
63.177311
63.343986
65.007106
69.204783
92.048324
98.052897
104.53506
110.827405
113.386324
113.678858
115.983842
117.175337
117.696919
117.817512
118.145091
118.161041
120.58153
120.704061
121.030672
121.722093
122.674482
122.758648
123.127785
123.35388
123.40227
123.442078
123.73118
124.095465
124.719748
125.001616
125.018171
125.095429
125.196564
125.385072
125.523787
125.714812
126.212593
126.769043
126.796397
126.92044
127.057357
127.101384
127.183374
127.247068
127.45154
127.590235
127.637653
127.700618
127.918352
128.014286
128.43583
128.684908
128.860989
128.905625
128.959683
129.097609
129.214371
129.250984
129.513537
129.575627
129.722206
129.956484
130.010589
130.19718
130.784369
131.085484
131.169363
131.226993
131.31979
131.331475
131.637997
131.882249
132.10853
132.190187
132.393704
132.622414
132.689299
132.700815
132.727808
133.278568
133.320538
133.414498
133.533333
133.719385
133.761024
133.932508
134.057878
134.144545
134.246779
134.497924
134.548513
134.602608
134.68664
134.749133
134.986352
135.068715
135.456858
135.532314
135.562367
135.797139
135.862323
136.289899
136.550308
136.990484
137.093152
137.179124
137.403755
137.495897
137.985871
138.002456
138.076206
138.850119
139.247068
139.298795
139.393025
139.853933
140.077403
140.492712
140.598282
140.835342
140.977213
141.143538
141.227054
141.469498
142.271446
142.41587
143.203831
143.220864
143.840641
143.993774
144.209414
145.007876
145.366467
145.761343
146.025598
146.750968
146.788767
146.815299
147.141373
147.191596
147.554909
147.610039
147.81817
148.091908
148.191078
148.260058
148.551734
148.657755
148.666468
148.837593
148.952928
149.276974
149.440671
149.487326
149.633435
150.159447
150.838013
150.934281
150.962559
151.179471
151.558634
151.689569
151.700335
151.719466
151.764969
151.903542
152.079754
152.123389
152.176507
152.410337
152.653683
152.823966
152.867822
153.217778
153.237398
153.630242
153.651068
153.890876
154.029663
154.476441
154.534296
154.755533
154.987033
156.386788
156.537374
156.878214
157.007403
157.310741
157.568831
158.43169
158.77368
159.302084
159.999445
160.477774
160.507061
163.664107
166.244922
166.943705
168.445647
168.63229
168.841895
169.11489
169.22384
169.310183
169.771988
170.501421
172.903699
175.067962
177.425491
178.698776
179.399379
179.822469
180.233708
181.75509
181.872487
182.377495
184.885552
186.077006
187.005904
187.113914
187.133757
187.265283
187.370628
187.547595
187.685248
187.907607
188.084844
188.66827
188.719643
188.948497
189.249162
189.647526
189.912052
190.016025
190.456044
190.648117
191.029566
191.143155
191.180531
191.905894
191.943791
192.035518
192.379166
192.401432
192.596237
194.243458
194.422278
194.58341
194.664185
194.985248
195.049593
195.196849
195.558456
196.969797
197.060889
198.249473
198.253587
199.246583
199.297294
199.316271
199.824045
199.824438
200.183458
200.199545
200.439025
200.766079
201.218337
201.907355
202.242348
202.361146
203.977034
204.220756
204.485857
205.041715
205.228298
206.641432
208.350761
209.38167
212.564101
212.982344
213.561973
213.586265
214.015601
214.976259
217.893437
221.702059
222.289071
224.328161
224.660044
226.407631
227.492548
228.71398
229.449098
233.578762
236.236364
238.476267
238.587971
241.949152
244.87606
245.85736
246.922614
247.736822
252.024665
252.477582
253.167009
253.292655
255.040089
256.236914
257.032566
257.484055
260.363876
260.981454
263.058907
264.958489
265.001485
265.370248
266.531528
266.784973
266.91168
267.129942
267.212364
267.336202
267.611273
268.638618
268.788298
270.126278
270.241934
271.095381
271.126126
273.520602
273.646758
273.843959
274.292289
274.936935
275.317555
275.492703
275.885454
276.045971
276.493929
276.946531
279.145361
281.351978
283.557965
287.189377
287.363453
289.62903
290.032155
290.19991
290.572846
290.599064
291.121098
294.035852
295.230782
295.861827
295.975626
298.063318
298.140681
298.712026
298.77003
298.835561
301.389974
304.027844
304.409166
304.516663
304.742258
308.006606
309.269461
309.273816
311.716315
311.814077
313.395319
313.629733
314.308347
314.337493
314.702656
314.780871
315.331963
315.623944
316.997417
317.052526
317.111672
317.429003
317.979728
318.203812
318.771823
318.872034
319.698648
320.379796
320.526991
320.624249
321.529436
321.84566
321.991884
323.127995
323.879088
324.062535
324.870864
324.877671
324.954669
326.414591
327.0858
327.885531
327.93024
328.221998
328.358094
329.58977
329.715576
330.215841
330.494072
330.619667
330.625609
331.659343
332.306881
332.588099
333.173409
334.009272
334.681497
334.80382
335.621105
336.118583
336.198183
337.083802
339.6808
340.146704
340.173637
342.600191
344.670655
345.05229
345.261919
346.461497
349.324387
351.815841
352.841047
353.301646
355.773862
360.079268
360.082875
360.480295
369.849642
371.745196
374.273702
376.237657
377.133649
379.180957
379.685441
380.778518
382.315845
383.021314
385.765793
390.619126
392.036287
393.851117
396.070029
396.379339
399.106663
399.649364
405.087695
405.421533
412.655338
414.065362
417.273491
421.882062
423.308328
423.58322
430.272065
430.368237
430.617468
435.164594
445.605021
446.957604
474.111525
483.585818
495.022841
505.012936
559.456642
691.262975
712.883819
749.287049
880.093028
923.290966
928.657915
10800.47382
10800.775208
10803.834317
