314.625777
318.936919
321.278857
324.335291
324.368493
326.882029
329.923763
331.789233
333.742374
340.845392
341.567384
343.172964
343.180868
343.242359
343.48205
343.719442
344.0152
344.384812
344.585831
345.048098
345.069114
345.171744
345.189136
346.286306
346.450057
346.481797
346.778339
346.978211
346.98797
347.165056
347.200139
347.301954
347.338003
347.564733
347.684367
347.91196
347.964106
348.115512
348.229248
348.254868
348.42174
348.469194
348.849131
348.913935
348.986734
349.024457
349.096791
349.27769
349.304124
349.361595
349.651072
349.740994
349.88687
349.923975
350.019047
350.063716
350.21348
350.409442
350.431768
350.465563
350.699863
350.717947
350.951889
350.967613
350.9716
351.039781
351.071405
351.178822
351.189364
351.207125
351.282238
351.495338
351.709632
351.734243
351.843032
351.921304
352.056721
352.244424
352.338216
352.383929
352.527879
352.698833
352.791082
352.998807
353.010628
353.030742
353.222911
353.424118
353.46203
353.491805
353.598918
353.783968
353.878479
354.001474
354.016811
354.065805
354.193539
354.197908
354.260565
354.315326
354.401696
354.419208
354.437698
354.455742
354.494023
354.717827
354.733891
354.794496
354.811566
354.965113
355.016263
355.184101
355.213349
355.239453
355.254483
355.334439
355.350222
355.419225
355.509842
355.554081
355.60689
355.689246
355.710701
355.726705
355.73667
355.739023
355.743023
355.768334
355.975694
356.130955
356.139131
356.143561
356.18842
356.239484
356.253041
356.356025
356.363303
356.546513
356.609287
356.663466
356.776791
356.785326
356.792264
356.853694
356.905295
356.954962
357.029703
357.113914
357.186579
357.198291
357.217036
357.368307
357.374476
357.412002
357.434067
357.484004
357.518783
357.576266
357.587668
357.61878
357.632012
357.642041
357.657494
357.726362
357.728457
357.754796
357.861582
357.862575
357.879133
357.923187
357.924048
357.956138
358.06286
358.094106
358.199547
358.324912
358.353426
358.405013
358.440529
358.459908
358.471191
358.473764
358.479449
358.492589
358.504684
358.518401
358.573949
358.583355
358.592453
358.615263
358.63402
358.640133
358.649988
358.713981
358.726592
358.739637
358.746402
358.805543
358.9736
359.030392
359.04802
359.070793
359.076462
359.087986
359.161255
359.18287
359.219127
359.223247
359.226212
359.261265
359.298377
359.32883
359.339456
359.387928
359.433297
359.454599
359.473765
359.480456
359.484469
359.493798
359.543466
359.544235
359.564272
359.590377
359.595667
359.761792
359.762579
359.840652
359.941857
359.9426
359.96625
360.165798
360.187385
360.305963
360.326088
360.367695
360.417111
360.419528
360.530658
360.638792
360.659392
360.752933
360.88803
360.891929
360.939384
360.950067
360.991347
361.077157
361.123023
361.160627
361.176952
361.18788
361.195949
361.204323
361.2155
361.244827
361.294019
361.301191
361.301551
361.35376
361.415944
361.436052
361.443128
361.494554
361.59472
361.632623
361.665083
361.723824
361.759406
361.830935
361.905505
361.941229
362.038117
362.075403
362.129195
362.169768
362.183403
362.235891
362.278331
362.279202
362.29725
362.307847
362.376651
362.440876
362.522446
362.530329
362.532942
362.612022
362.627352
362.644837
362.655481
362.685693
362.73848
362.761086
362.856579
362.875969
362.881006
362.908811
362.943267
362.997089
363.005723
363.011137
363.024822
363.112358
363.113254
363.125098
363.211537
363.256111
363.386483
363.397958
363.400154
363.447079
363.484803
363.488762
363.587441
363.623571
363.626613
363.636806
363.666561
363.697579
363.744162
363.755272
363.78934
363.797533
363.875365
363.886549
363.928431
363.931835
363.997898
364.044738
364.045126
364.087156
364.098865
364.119039
364.128027
364.169089
364.182234
364.222077
364.233527
364.253692
364.276335
364.318512
364.357184
364.388047
364.502414
364.51566
364.546335
364.558435
364.56526
364.581723
364.604724
364.677565
364.76617
364.810273
364.829135
364.861313
364.892512
364.932583
364.949922
364.953757
364.954713
365.133154
365.187242
365.282676
365.286351
365.293349
365.334997
365.423518
365.433467
365.48935
365.539154
365.541957
365.550175
365.55639
365.570093
365.571862
365.586572
365.589794
365.628556
365.663343
365.677446
365.679863
365.690035
365.710133
365.718893
365.720029
365.729457
365.736155
365.738345
365.799694
365.808586
365.823444
365.852233
365.870195
366.154119
366.159168
366.180327
366.274082
366.281396
366.34541
366.360888
366.393904
366.402603
366.421142
366.49263
366.494804
366.499814
366.501249
366.512174
366.57431
366.577623
366.664935
366.675871
366.712438
366.719736
366.802313
366.958948
366.963692
366.976188
366.994912
366.997795
367.067346
367.078248
367.102084
367.115996
367.158532
367.17758
367.206969
367.221256
367.224778
367.235796
367.247638
367.308546
367.494729
367.510419
367.531695
367.540084
367.564795
367.642687
367.652595
367.664677
367.72211
367.727138
367.738082
367.749041
367.781883
367.876874
367.920405
367.943761
367.996668
368.076125
368.076883
368.092735
368.098817
368.149592
368.162822
368.172294
368.299075
368.334718
368.368916
368.39799
368.471563
368.532706
368.687786
368.784886
368.867828
368.897071
368.923425
368.927552
368.928976
368.951709
368.970953
368.980347
369.000231
369.009727
369.010635
369.011485
369.134205
369.145713
369.146744
369.156343
369.162775
369.193155
369.205996
369.220124
369.220541
369.236885
369.291652
369.303937
369.30888
369.371624
369.395575
369.441566
369.47232
369.49589
369.521088
369.554314
369.667622
369.712428
369.726144
369.754004
369.823313
369.85994
369.941262
369.992267
370.031083
370.038497
370.065473
370.095762
370.106147
370.133841
370.183732
370.207051
370.25961
370.336895
370.337625
370.340128
370.384014
370.441995
370.452377
370.460473
370.50528
370.549732
370.564178
370.5698
370.610901
370.623845
370.732639
370.747591
370.766994
370.859963
370.900921
370.981242
370.988678
371.015218
371.070474
371.071749
371.076908
371.150383
371.242755
371.250059
371.268022
371.302741
371.308696
371.350024
371.372441
371.426088
371.490252
371.524306
371.595969
371.60798
371.616558
371.637908
371.714558
371.724259
371.760366
371.760476
371.791827
371.849174
371.914106
371.969824
372.019647
372.027532
372.037851
372.089987
372.096705
372.101469
372.117444
372.167006
372.172975
372.202872
372.229671
372.251904
372.272589
372.294113
372.302003
372.304837
372.322986
372.342747
372.343215
372.3617
372.379734
372.382766
372.402747
372.460664
372.466814
372.681005
372.730035
372.757582
372.778883
372.792265
372.821689
372.822279
373.067248
373.189584
373.194061
373.300613
373.336649
373.354139
373.396822
373.422531
373.452598
373.547553
373.598339
373.606412
373.61856
373.714223
373.801624
373.889144
373.919555
374.005884
374.235959
374.365892
374.390044
374.393119
374.406939
374.68095
374.697229
374.715898
374.753158
374.780962
374.793546
374.826502
374.852317
374.904286
374.952477
374.961371
374.962343
375.054997
375.059362
375.213136
375.261505
375.42721
375.446203
375.484459
375.59829
375.772694
375.798042
375.799615
375.802924
375.897408
375.957712
375.969928
376.090441
376.133254
376.170632
376.195462
376.203027
376.208257
376.326974
376.387831
376.403795
376.507902
376.568779
376.685074
376.856727
376.879013
376.889479
376.958792
376.967064
376.995599
377.002619
377.108906
377.12218
377.155511
377.222471
377.267461
377.305288
377.36985
377.402866
377.456866
377.523334
377.668397
377.700938
377.735254
377.788102
377.878875
377.95363
378.087702
378.094864
378.161349
378.216518
378.227759
378.391047
378.506486
378.627395
378.714358
378.751405
378.782689
378.828213
378.854161
378.975337
379.011083
379.012871
379.032641
379.066369
379.122522
379.231762
379.795496
379.899022
379.910939
379.990094
380.00625
380.062733
380.107232
380.115325
380.206786
380.276746
380.369883
380.387835
380.519684
380.652765
380.722543
380.742695
380.811432
380.818692
380.98026
381.00311
381.088695
381.091023
381.149201
381.202766
381.288457
381.317423
381.385925
381.429631
381.53455
381.582753
382.101413
382.12249
382.174098
382.284913
382.30148
382.324073
382.423407
382.423729
382.507336
382.526087
382.805065
382.9358
382.93991
383.002154
383.037416
383.040764
383.105593
383.17494
383.370149
383.430403
383.464098
383.621322
383.746379
383.753826
384.139806
384.169135
384.40714
384.434582
384.488605
384.599934
384.612834
384.619219
384.627109
384.66632
384.668424
384.669023
384.838506
384.873137
385.125625
385.152435
385.841686
385.927099
385.94659
385.990732
386.054542
386.257089
386.791871
386.911608
387.041347
387.126392
387.256372
387.419271
387.440937
387.780088
387.893694
387.905183
388.021497
388.096365
388.295644
388.448432
388.527088
388.698316
388.936344
389.122749
389.381494
389.401812
389.439469
389.504109
389.50663
389.640189
389.916321
390.055696
390.088266
390.124913
390.187053
390.353491
390.376183
390.949766
391.059571
391.131803
391.157461
391.356308
391.388368
391.40724
391.866356
392.207704
392.411756
392.489793
392.526602
392.893685
392.93398
393.013516
393.144263
393.686212
393.817502
393.998411
394.09912
394.231254
394.362663
394.426999
394.871625
394.904779
395.004771
395.092481
395.097421
395.496709
395.73253
395.804827
396.028698
396.157849
396.168792
396.558146
396.839906
396.954405
397.128003
397.178263
397.406169
397.514886
397.681354
397.793688
398.316291
398.448453
398.572848
399.017283
399.022938
399.242306
400.509644
400.902805
401.531793
401.641895
401.750971
401.939232
402.394884
402.441239
403.374401
403.489895
404.188715
404.217573
404.949488
406.191753
406.382169
406.479076
407.572245
407.940924
409.63768
409.863885
410.363861
411.364273
411.50116
412.370511
412.560055
413.171334
413.862405
414.087196
414.21659
414.456676
414.503063
414.686559
415.436378
416.210548
416.949002
417.304111
417.684797
418.130862
418.456666
419.640237
419.805493
420.479625
420.757553
421.226347
421.315112
422.312251
422.847396
423.587779
424.017224
424.658286
426.162606
430.281746
431.342111
431.587652
433.979981
436.134055
440.807404
456.828293
469.65089
502.796467
549.263766
611.22662
619.533932
695.447018
1594.792016
