1854.202597
1888.968153
1943.319166
1958.948497
2039.360276
2049.804628
2057.231117
2087.802778
2162.432756
2180.818442
2199.017021
2202.98067
2228.78581
2229.580284
2282.752544
2283.355448
2297.812766
2298.042285
2304.150525
2309.277621
2313.490218
2313.856756
2329.799805
2330.226395
2334.189863
2353.653002
2365.82822
2372.822677
2384.635779
2388.282716
2392.449018
2393.480501
2396.343329
2400.217681
2400.271441
2403.492569
2404.371183
2420.186943
2426.622935
2433.006337
2433.740591
2436.674051
2438.976467
2445.344832
2454.040978
2454.526643
2466.633274
2474.879828
2477.416282
2497.480306
2530.118727
2561.935995
2668.42555
2857.69903
