7.673005
9.198903
9.980647
10.829301
13.351626
13.66594
16.006133
16.405603
17.332392
17.629289
18.581173
18.743607
18.927514
19.105379
19.484523
19.97849
19.987395
20.017529
21.355997
21.373204
21.722903
22.444317
22.986265
24.131735
25.250619
26.398635
27.538851
33.49287
37.986907
38.482734
51.049014
53.764396
85.138566
115.579966
142.557733
142.885304
143.822017
144.063634
145.278385
146.959009
147.189014
147.352993
148.180295
149.613092
149.893774
150.122784
150.171203
150.467743
151.746829
153.125434
153.695575
154.74973
155.420133
157.293485
157.645405
159.528623
160.054108
162.327579
165.359875
167.219746
169.535169
170.79162
175.904402
178.441682
200.176292
225.38711
274.329767
304.841899
352.947602
355.105246
358.171873
433.616746
446.31415
512.935179
535.288599
543.610851
5544.050071
