155.333011
1621.66309
1626.798304
1633.661735
1634.397098
1639.750283
1640.168935
1642.868739
1642.934738
1643.073996
1649.185759
1678.573044
1679.217801
1685.715624
1695.51675
1703.463938
1705.928274
1718.200628
1719.654664
1721.401132
1729.342439
1737.938168
1778.819377
1811.539366
1839.628122
1859.643116
2055.69646
2112.822981
2134.8893
2158.986802
2160.04415
2166.117619
2178.436964
2178.484938
2195.894937
2200.711837
2201.235324
2203.382475
2205.676445
2206.525935
2208.216853
2216.909956
2219.723501
2223.736651
2224.39633
2226.737262
2228.003436
2228.059982
2231.171129
2231.206155
2233.351751
2233.964506
2235.477433
2238.229127
2239.103442
2241.179885
2243.474051
2250.637437
2252.770931
2257.064215
2261.067094
2265.253459
2271.885238
2272.074776
2272.970198
2275.264539
2281.774964
2286.467113
2287.574369
2292.539106
2293.219762
2294.036594
2296.791406
2301.112252
2302.494572
2302.88896
2303.417734
2303.73192
2305.257533
2308.947233
2309.463765
2309.478562
2313.670174
2316.046599
2316.125888
2318.957244
2319.294899
2324.191008
2324.921874
2326.399822
2327.656907
2328.629865
2332.644194
2332.840147
2337.36404
2337.750539
2338.733362
2338.916656
2340.278067
2340.778557
2340.999655
2341.502425
2347.889913
2348.187985
2351.514319
2351.817838
2352.916919
2354.100137
2355.305964
2358.95926
2359.589465
2362.988387
2363.143468
2363.438876
2363.837068
2364.84884
2367.598981
2368.744095
2369.077474
2371.470636
2371.889186
2371.912635
2373.263051
2373.508245
2376.432865
2377.124995
2378.540017
2378.541863
2380.6741
2380.878316
2381.017231
2383.509006
2384.235405
2384.33333
2387.437051
2388.012695
2388.085947
2388.478754
2391.358309
2391.550025
2392.479001
2392.649316
2392.995375
2394.34159
2396.278618
2398.425532
2399.007896
2399.612401
2400.956348
2401.352327
2401.542013
2401.903057
2403.111404
2403.287457
2405.506151
2407.817075
2408.054718
2408.450953
2408.725057
2410.773169
2416.050044
2422.402465
2422.537875
2423.263784
2423.404638
2424.697974
2424.830962
2425.138137
2425.715172
2426.148147
2428.408776
2428.890133
2429.667224
2431.766143
2432.253388
2433.125627
2434.080967
2436.876566
2436.992222
2438.368127
2439.320213
2439.812412
2440.11728
2440.320851
2440.659032
2441.77825
2443.328916
2443.998687
2444.369513
2444.575534
2445.515073
2445.527928
2446.591974
2447.527803
2448.140757
2448.343337
2449.006166
2451.76579
2452.267962
2452.561394
2454.217628
2455.221898
2455.717957
2456.534562
2456.779035
2456.861059
2457.016041
2457.973187
2459.571004
2461.574978
2462.252247
2463.016139
2466.435493
2469.026767
2469.158968
2471.284551
2472.435113
2472.944109
2473.471191
2474.174551
2476.260996
2478.092184
2483.422625
2483.51191
2484.767992
2486.305746
2489.413823
2489.548537
2490.125392
2495.580646
2498.701566
2500.212213
2505.02984
2508.294305
2510.062566
2513.933429
2515.14306
2517.820043
2518.084302
2519.28176
2521.486346
2521.814731
2522.084841
2524.31122
2524.447744
2525.362322
2526.068249
2526.568722
2526.757558
2526.980001
2529.140462
2529.495676
2529.620295
2530.538426
2533.503646
2534.887222
2535.336501
2536.846181
2537.519913
2537.876171
2538.084776
2542.524686
2544.038796
2544.998849
2545.194942
2545.280311
2548.058076
2548.910291
2549.849695
2550.152662
2551.186934
2551.76764
2552.675528
2552.919693
2553.000653
2555.152757
2555.470678
2558.45166
2558.668095
2559.31356
2559.527608
2559.565827
2562.338216
2562.629478
2563.279435
2565.402832
2565.718795
2566.432041
2568.273312
2568.934881
2569.057184
2570.051598
2570.736143
2572.017256
2572.664933
2573.143199
2573.859823
2575.839537
2576.685395
2576.761901
2576.925651
2577.333162
2577.720618
2577.82882
2582.179311
2582.5941
2582.647731
2584.815507
2585.171328
2585.316391
2585.469662
2587.459407
2588.604882
2589.160065
2589.303644
2589.540537
2589.994789
2592.46773
2592.663515
2592.873777
2594.221662
2595.488304
2595.973402
2596.060754
2596.30269
2596.718981
2597.472162
2598.365126
2598.884472
2600.245988
2601.58388
2601.644088
2602.299389
2604.227462
2605.232337
2607.38266
2608.876937
2610.029471
2612.517572
2615.5086
2616.303976
2618.028709
2618.71906
2619.7496
2620.250272
2620.808956
2621.362787
2623.277392
2623.285935
2624.045517
2624.35315
2625.893329
2626.850229
2627.220818
2627.287875
2628.0878
2629.134379
2629.735925
2630.182591
2630.780828
2631.607084
2631.710131
2631.873763
2633.623284
2635.329406
2635.56372
2635.612586
2636.399911
2637.168112
2637.627409
2638.574345
2639.175886
2639.858354
2640.517995
2640.518721
2640.562166
2641.713685
2641.759516
2641.827926
2642.962128
2643.339897
2643.733328
2644.993354
2645.048172
2645.713247
2646.194848
2647.173985
2647.363672
2647.675863
2648.110244
2648.129703
2648.559777
2650.448845
2650.923515
2651.49965
2651.511614
2651.551519
2652.884295
2653.111747
2654.464567
2654.695345
2655.626939
2656.064406
2656.311211
2656.745342
2656.829649
2657.659089
2658.086123
2658.947418
2659.665759
2660.19611
2661.277121
2661.602733
2661.822628
2662.337248
2662.828576
2663.479464
2663.882666
2665.985364
2665.996404
2666.95273
2667.03558
2667.142445
2668.645822
2668.793772
2668.873316
2669.320663
2669.35221
2670.115645
2670.471919
2670.643465
2670.7803
2671.001798
2671.545985
2672.37267
2672.527076
2672.657436
2673.349452
2673.581216
2673.825851
2674.012245
2674.68233
2675.683646
2677.073615
2677.567909
2677.986486
2678.23853
2678.695604
2680.206102
2680.458246
2680.877846
2681.304767
2682.137352
2682.204723
2682.240503
2682.300202
2682.382029
2684.480386
2685.50233
2686.449456
2686.482144
2686.99365
2687.081405
2687.084472
2687.458044
2687.604756
2688.384088
2688.566887
2688.814024
2689.118811
2689.62296
2689.707747
2690.383943
2690.426182
2691.71244
2691.742311
2691.746865
2691.92341
2692.384078
2693.184468
2693.68323
2693.993182
2694.311199
2694.629587
2695.202389
2695.286115
2695.836881
2696.530521
2696.593062
2696.59948
2697.600411
2697.864784
2698.471754
2698.779779
2699.267486
2699.660961
2700.141187
2701.071554
2701.084009
2701.947927
2702.143378
2702.191978
2702.210891
2702.266207
2703.010783
2703.497822
2704.240687
2704.331266
2704.448753
2704.573813
2704.767247
2704.780795
2705.058182
2705.23213
2705.418364
2705.757442
2706.193851
2707.312545
2707.479674
2707.666803
2707.998339
2708.384949
2708.396375
2708.49029
2708.793157
2708.840814
2709.21315
2709.377311
2709.545382
2709.619038
2710.208931
2710.81868
2710.987354
2712.194608
2712.230721
2712.340847
2712.604912
2712.614985
2712.903574
2713.570719
2713.735875
2714.216324
2714.22174
2714.358369
2714.446269
2714.743155
2715.654595
2715.772261
2716.383228
2716.443248
2716.731822
2716.801723
2716.859814
2717.09988
2717.515323
2717.878145
2718.915248
2719.044326
2719.195968
2719.406143
2719.484118
2719.839639
2720.486479
2721.166833
2721.391384
2721.531748
2722.177664
2722.464665
2722.666092
2722.906283
2723.070762
2723.335777
2723.388855
2723.430741
2723.463256
2723.783944
2723.918855
2724.541685
2724.702706
2725.314545
2725.570873
2725.628756
2725.639983
2725.969162
2727.11167
2727.490576
2727.508126
2727.60006
2727.83135
2728.240249
2728.410267
2728.63043
2728.806438
2728.872364
2729.142479
2729.287027
2729.444819
2729.662804
2730.020329
2730.41499
2730.422678
2730.950459
2731.366556
2731.593822
2731.96839
2732.201647
2732.669543
2733.014501
2733.103668
2733.167317
2733.332763
2733.369197
2733.678346
2733.826272
2734.368511
2734.383208
2734.397584
2734.611287
2734.820291
2735.23938
2735.500122
2735.543279
2736.043971
2736.061956
2736.48736
2736.500726
2736.941767
2737.237065
2737.351759
2737.385759
2738.644868
2738.75432
2739.040584
2739.093915
2739.579786
2739.606721
2739.697228
2739.849211
2739.976649
2740.113588
2740.407076
2740.472727
2740.719085
2740.733465
2740.809543
2741.000926
2741.112311
2741.746977
2742.312028
2742.388509
2742.686213
2742.725206
2743.853539
2743.967492
2743.969469
2744.019306
2744.092315
2744.10942
2744.177775
2744.35527
2744.668783
2744.767025
2744.985516
2745.280792
2745.39165
2746.208255
2746.293344
2746.297275
2746.449653
2746.714352
2746.725011
2747.05351
2747.13708
2747.237479
2747.384884
2747.539807
2747.65529
2747.849622
2747.900845
2748.147319
2748.284214
2748.376743
2748.921038
2749.070498
2749.1115
2749.268736
2749.419911
2750.090771
2750.215648
2750.253387
2750.740486
2750.748794
2750.943717
2751.04587
2751.210311
2751.395947
2752.018383
2752.285812
2752.375396
2752.576798
2752.751519
2752.768363
2752.912401
2752.916015
2753.128592
2753.182314
2753.822778
2754.036896
2754.161587
2754.560982
2754.678755
2754.834407
2754.861854
2754.888288
2755.835867
2755.92909
2756.125365
2756.7164
2756.719025
2756.897651
2757.220078
2757.365868
2757.45263
2757.474987
2757.642218
2757.702315
2757.757328
2757.957975
2757.991413
2758.128796
2758.156148
2758.3064
2758.328703
2758.343388
2758.495795
2758.57622
2758.635253
2758.651786
2759.213245
2759.514983
2759.635736
2759.941767
2759.942518
2760.143378
2760.189206
2760.500817
2760.955737
2760.981019
2761.336281
2761.639513
2761.890491
2762.245534
2762.262477
2762.578086
2762.579155
2762.708859
2762.741979
2762.85122
2763.084357
2763.262039
2763.26368
2763.425777
2763.507869
2763.547476
2763.907675
2763.997054
2764.023985
2764.628283
2764.721692
2764.735548
2764.786384
2765.105126
2765.190565
2765.191648
2765.389388
2765.957076
2766.151159
2766.219729
2766.666635
2767.075292
2767.271219
2767.283099
2767.33507
2767.695778
2767.867758
2767.936055
2768.103605
2768.389088
2768.416023
2768.620755
2768.700471
2768.764012
2768.92361
2769.072523
2769.223922
2769.296933
2769.312858
2769.315679
2769.509335
2769.7136
2769.879282
2770.146125
2770.16141
2770.187575
2770.678086
2770.731449
2770.781208
2770.971181
2771.145025
2771.422521
2771.525527
2771.56776
2772.028684
2772.118978
2772.201525
2772.230799
2772.469772
2772.944037
2773.168369
2773.416233
2773.69317
2773.757366
2773.935158
2774.091884
2774.202985
2774.367864
2774.415747
2774.515694
2774.734084
2774.798795
2774.807502
2774.927765
2774.967054
2775.064093
2775.17227
2775.191746
2775.362863
2775.53662
2776.196543
2776.358077
2776.696504
2776.777649
2776.915932
2777.041275
2777.153427
2777.340239
2777.3458
2777.362062
2777.729884
2778.282996
2778.28471
2778.516986
2778.604918
2778.676338
2778.82981
2778.937906
2779.143937
2779.16851
2779.212821
2779.350484
2779.411746
2779.495051
2779.501397
2779.624123
2780.28609
2780.316442
2780.529025
2780.570806
2780.570872
2780.606975
2780.947753
2781.231069
2781.339112
2781.394001
2781.655684
2781.858553
2781.983847
2782.103374
2782.189614
2782.306486
2782.392781
2782.624862
2782.716094
2783.1734
2783.193986
2783.300605
2783.310345
2783.339633
2783.34303
2783.644464
2783.681289
2783.943309
2784.008925
2784.302306
2784.348607
2784.443914
2784.470467
2784.580178
2784.608253
2784.655911
2784.941018
2785.051284
2785.573246
2785.611266
2785.739977
2785.855955
2785.965274
2786.031672
2786.090712
2786.206398
2786.291537
2786.30039
2786.305064
2786.452732
2786.53658
2786.580703
2786.641205
2786.772454
2786.773233
2787.021977
2787.135315
2787.300598
2787.343067
2787.626392
2787.721991
2787.764931
2787.817189
2787.971384
2788.030531
2788.034185
2788.094114
2788.125627
2788.684795
2788.789027
2788.823595
2788.905156
2788.948874
2788.988205
2789.012935
2789.087735
2789.177324
2789.349705
2789.569233
2789.679605
2789.911815
2790.029152
2790.110628
2790.294601
2790.383941
2790.387782
2790.461116
2790.502605
2791.135481
2791.496032
2791.510812
2791.585591
2791.700744
2791.71007
2791.74062
2791.779328
2792.289386
2792.321843
2792.45444
2792.457144
2792.54264
2792.605083
2792.630348
2792.662329
2792.822439
2792.903896
2792.975189
2793.028948
2793.188947
2793.214843
2793.401218
2793.459313
2793.45933
2793.462087
2793.478495
2793.644532
2793.652396
2793.673352
2793.822271
2793.852407
2793.887827
2793.890441
2794.200716
2794.301165
2794.30997
2794.344333
2794.490727
2794.506129
2794.614519
2794.627859
2794.870446
2795.309539
2795.368447
2795.436637
2795.53666
2795.911064
2796.342123
2796.716582
2796.845555
2797.171319
2797.184963
2797.412768
2797.488234
2797.497516
2797.69271
2797.702375
2797.724925
2797.850092
2797.875794
2797.926132
2798.097089
2798.178091
2798.450919
2798.47498
2798.49205
2798.612801
2798.67617
2798.729872
2798.81147
2798.832001
2798.884879
2798.901263
2799.164348
2799.194921
2799.240915
2799.317317
2799.375651
2799.444943
2799.717862
2799.753099
2799.962817
2800.014243
2800.121323
2800.219227
2800.298778
2800.804856
2800.859332
2800.966205
2801.064337
2801.117669
2801.144894
2801.146807
2801.215142
2801.39111
2801.423761
2801.436899
2801.47221
2801.566962
2801.668651
2801.740142
2801.853177
2801.872435
2801.949189
2802.017627
2802.142206
2802.319004
2802.398423
2802.453506
2802.756112
2802.7668
2802.917513
2802.934634
2803.114546
2803.218872
2803.432051
2803.465509
2804.124938
2804.320671
2804.599869
2804.712373
2804.888167
2804.978097
2805.040283
2805.087424
2805.432801
2805.545527
2805.58997
2805.673542
2805.684159
2805.733522
2805.834539
2805.934706
2805.972996
2805.979651
2806.181625
2806.181961
2806.421357
2806.699858
2806.793234
2806.831387
2806.86904
2807.076376
2807.14864
2807.463601
2807.49388
2807.72774
2807.7306
2807.893973
2808.136061
2808.141822
2808.183377
2808.488348
2808.606597
2808.633615
2808.899958
2808.906508
2809.023886
2809.141721
2809.544082
2809.617824
2809.66084
2809.708112
2809.734299
2809.734428
2809.759527
2809.812044
2810.007337
2810.132226
2810.189627
2810.192707
2810.216465
2810.262415
2810.388855
2810.420442
2810.432774
2810.579011
2810.858072
2810.930342
2810.940391
2810.966951
2811.156212
2811.196244
2811.2632
2811.314071
2811.494237
2811.508895
2811.528829
2811.534037
2811.545537
2811.589286
2811.69585
2811.760724
2811.837905
2812.178351
2812.190859
2812.195995
2812.278574
2812.313484
2812.409257
2812.413842
2812.53729
2812.541315
2812.578364
2812.778664
2813.245055
2813.743135
2813.853075
2813.854216
2813.977271
2813.987324
2814.06433
2814.090446
2814.121999
2814.25529
2814.260457
2814.354902
2814.628047
2814.638221
2815.066486
2815.269826
2815.297139
2815.311816
2815.594714
2815.608676
2815.63725
2815.653135
2815.677868
2815.780981
2815.809877
2815.875782
2815.89589
2815.896815
2815.917335
2815.982741
2816.044462
2816.131899
2816.134286
2816.157127
2816.211592
2816.302278
2816.316595
2816.427771
2816.511677
2816.537608
2816.569253
2816.574079
2816.587016
2816.668948
2816.715024
2816.805917
2816.980948
2817.11033
2817.260179
2817.304047
2817.330364
2817.532692
2817.601174
2817.912088
2817.997591
2818.005182
2818.112412
2818.186724
2818.257856
2818.371517
2818.397343
2818.569025
2818.700586
2818.737318
2818.828081
2818.903957
2819.014957
2819.057045
2819.100719
2819.111974
2819.283084
2819.447902
2819.476189
2819.50534
2819.772196
2819.776425
2819.776543
2819.808987
2819.939672
2819.968317
2820.008398
2820.102944
2820.15946
2820.207898
2820.379306
2820.498973
2820.79758
2820.881505
2820.973602
2821.116804
2821.180176
2821.35144
2821.549604
2821.647126
2821.719603
2821.729227
2821.780338
2821.785066
2821.798982
2821.82194
2821.898687
2822.122635
2822.142003
2822.169609
2822.172165
2822.19812
2822.234924
2822.317353
2822.436708
2822.464993
2822.493618
2822.522712
2822.529552
2822.572056
2822.57253
2822.59215
2822.716683
2822.93022
2822.965156
2823.073428
2823.105012
2823.106919
2823.247857
2823.260151
2823.364393
2823.399967
2823.864247
2823.893399
2823.89427
2823.905961
2824.047258
2824.245633
2824.29521
2824.308841
2824.333503
2824.504132
2824.577653
2824.578838
2824.663684
2824.678774
2824.700823
2824.747858
2824.801251
2824.897684
2824.924103
2824.930804
2824.969819
2825.028382
2825.050961
2825.157277
2825.223782
2825.266146
2825.563477
2825.606224
2825.660779
2825.775899
2825.834119
2825.892788
2826.007698
2826.036223
2826.091281
2826.24931
2826.309479
2826.348353
2826.47305
2826.571014
2826.668877
2826.693917
2826.740163
2826.75271
2826.776131
2826.84328
2826.899807
2826.945836
2826.992962
2827.170623
2827.184718
2827.190903
2827.220936
2827.301494
2827.30757
2827.320492
2827.531946
2827.543866
2827.545649
2827.547743
2827.571051
2827.631369
2827.722371
2827.773193
2827.806408
2827.881856
2827.917849
2827.977426
2828.003734
2828.006207
2828.054696
2828.094693
2828.280722
2828.390434
2828.395377
2828.613222
2828.718343
2828.748319
2828.786342
2829.002539
2829.090242
2829.111412
2829.11195
2829.195707
2829.225335
2829.292146
2829.337162
2829.337773
2829.493634
2829.511514
2829.552297
2829.593944
2829.78731
2830.087406
2830.098523
2830.270977
2830.345286
2830.411285
2830.508761
2830.534041
2830.670491
2830.680983
2830.7472
2830.892499
2830.908482
2831.074608
2831.109442
2831.145588
2831.215615
2831.281431
2831.3012
2831.341015
2831.352053
2831.364947
2831.41226
2831.414162
2831.445031
2831.464922
2831.524822
2831.573749
2831.599009
2831.695057
2831.770173
2831.881099
2831.892806
2831.977707
2832.016296
2832.026583
2832.096243
2832.195893
2832.197402
2832.248792
2832.270606
2832.271415
2832.287906
2832.434393
2832.508728
2832.586364
2832.656392
2832.735283
2832.802784
2832.872835
2832.941374
2832.943761
2832.963793
2833.069695
2833.088212
2833.108798
2833.157228
2833.428885
2833.461421
2833.463767
2833.468618
2833.609315
2833.629625
2833.711059
2833.734575
2833.785372
2833.985103
2833.99916
2834.046723
2834.059241
2834.101697
2834.105842
2834.107184
2834.13236
2834.137339
2834.235736
2834.308413
2834.359259
2834.430959
2834.472175
2834.472806
2834.519416
2834.534298
2834.639023
2834.652069
2834.697947
2834.824269
2834.888152
2834.918367
2834.922391
2834.999836
2835.049258
2835.116907
2835.214552
2835.298611
2835.324728
2835.425434
2835.425904
2835.429522
2835.474112
2835.495541
2835.773218
2835.820555
2835.859866
2835.971026
2835.985983
2836.07134
2836.073847
2836.07797
2836.131406
2836.134162
2836.151788
2836.636637
2836.660089
2836.694828
2836.77194
2836.812074
2836.964893
2837.039354
2837.082791
2837.310023
2837.40369
2837.440404
2837.449003
2837.499185
2837.550799
2837.634656
2837.739956
2837.916677
2838.069385
2838.134991
2838.14574
2838.152529
2838.254454
2838.281451
2838.288415
2838.321838
2838.321929
2838.345742
2838.354215
2838.398401
2838.455648
2838.515178
2838.685875
2838.696098
2838.718404
2838.819244
2838.901871
2838.961185
2839.136545
2839.184985
2839.256273
2839.434616
2839.466581
2839.473854
2839.512778
2839.546215
2839.589149
2839.832564
2839.975489
2840.057178
2840.062383
2840.306075
2840.566362
2840.584504
2840.606423
2840.711615
2840.722059
2840.855583
2840.939006
2840.969348
2840.982089
2841.099616
2841.31634
2841.35961
2841.405411
2841.413305
2841.424547
2841.441757
2841.474132
2841.590985
2841.603596
2841.705849
2841.787643
2841.791279
2841.795827
2841.836513
2841.839682
2841.893517
2841.980082
2842.002872
2842.251668
2842.393189
2842.411998
2842.419079
2842.473168
2842.559629
2842.568287
2842.617357
2842.634627
2842.664524
2842.739485
2842.819254
2842.832712
2842.867389
2842.867395
2842.876465
2842.988468
2842.99443
2843.163332
2843.280452
2843.330655
2843.351267
2843.382524
2843.481824
2843.511774
2843.713656
2843.749272
2843.767857
2843.806305
2843.820955
2843.837003
2843.944969
2843.947723
2844.019168
2844.043706
2844.059478
2844.075856
2844.12732
2844.131962
2844.153866
2844.178488
2844.35636
2844.358014
2844.39601
2844.399168
2844.454552
2844.637105
2844.649547
2844.662007
2844.705325
2844.808358
2844.924374
2844.932346
2844.936768
2845.007589
2845.022584
2845.128864
2845.270555
2845.424152
2845.468809
2845.486209
2845.48746
2845.582708
2845.719864
2845.748611
2845.748828
2845.768086
2845.841344
2845.924587
2846.163058
2846.200708
2846.323943
2846.478778
2846.550199
2846.581764
2846.592381
2846.596863
2846.613812
2846.651514
2846.688164
2846.800733
2846.817615
2846.849297
2846.902437
2846.9264
2846.990209
2847.00608
2847.111769
2847.39277
2847.549082
2847.596117
2847.653365
2847.6549
2847.684138
2847.704776
2847.756679
2847.771138
2847.784259
2847.825161
2847.844223
2847.943489
2848.110134
2848.143465
2848.152093
2848.187214
2848.210669
2848.262611
2848.281385
2848.330643
2848.568146
2848.697554
2848.754933
2848.786758
2848.872626
2848.89917
2848.926833
2848.967806
2849.019057
2849.172714
2849.219361
2849.383563
2849.509318
2849.564406
2849.657287
2849.721859
2849.724272
2849.753186
2849.765918
2849.890775
2849.965356
2849.969026
2849.999281
2850.035277
2850.037542
2850.091677
2850.107453
2850.155594
2850.169074
2850.207836
2850.228121
2850.238346
2850.290372
2850.32657
2850.341607
2850.361795
2850.43373
2850.497455
2850.517063
2850.523465
2850.53602
2850.626036
2850.792741
2850.880666
2851.035718
2851.052758
2851.087747
2851.103998
2851.132728
2851.237617
2851.246751
2851.275934
2851.424989
2851.454683
2851.516931
2851.590234
2851.864565
2851.973424
2852.040182
2852.049319
2852.102259
2852.226775
2852.272509
2852.293835
2852.333244
2852.364623
2852.40892
2852.413431
2852.465383
2852.494425
2852.515091
2852.644078
2852.688449
2852.703759
2852.70412
2852.747051
2852.750737
2852.825686
2853.022184
2853.025849
2853.058875
2853.093181
2853.150799
2853.213095
2853.226196
2853.290343
2853.398315
2853.465366
2853.486122
2853.521106
2853.575706
2853.577598
2853.639767
2853.661995
2853.688001
2853.73825
2853.776989
2853.812033
2853.822281
2853.963457
2853.9693
2854.04566
2854.066364
2854.098021
2854.113383
2854.182958
2854.289467
2854.29941
2854.450237
2854.580014
2854.590938
2854.595974
2854.720054
2854.756627
2854.865298
2854.954134
2854.961918
2854.973036
2855.013517
2855.07326
2855.275142
2855.275347
2855.367239
2855.434255
2855.457256
2855.495778
2855.516507
2855.600952
2855.686161
2855.688075
2855.720136
2855.75151
2855.770437
2855.789201
2855.839454
2855.87599
2855.907086
2855.935784
2855.952025
2855.975061
2855.998375
2856.039052
2856.099296
2856.182506
2856.203742
2856.214583
2856.226055
2856.251692
2856.280857
2856.375232
2856.40626
2856.483829
2856.622916
2856.626547
2856.636102
2856.651958
2856.694413
2856.747065
2856.820404
2856.85374
2856.898006
2856.916229
2856.989144
2857.01036
2857.039248
2857.076932
2857.083167
2857.151258
2857.237784
2857.335765
2857.365433
2857.404185
2857.406443
2857.508845
2857.538693
2857.652446
2857.659599
2857.684575
2857.800273
2857.961164
2857.979132
2858.054617
2858.160149
2858.162394
2858.184378
2858.361188
2858.46219
2858.532831
2858.682714
2858.825625
2858.841121
2858.923381
2859.128468
2859.185501
2859.213601
2859.246456
2859.285773
2859.380126
2859.402827
2859.414459
2859.486404
2859.489612
2859.504478
2859.535936
2859.570662
2859.582848
2859.631712
2859.727673
2859.759369
2859.761509
2859.861445
2859.927515
2860.012115
2860.013472
2860.12638
2860.141944
2860.188886
2860.233819
2860.257026
2860.35349
2860.363992
2860.45566
2860.489962
2860.502999
2860.515155
2860.597844
2860.599573
2860.617137
2860.621664
2860.623177
2860.689415
2860.762355
2860.923248
2861.051791
2861.282118
2861.300269
2861.346704
2861.403749
2861.408242
2861.430052
2861.436476
2861.504222
2861.521034
2861.695723
2861.706958
2861.719736
2861.84503
2861.901273
2861.942294
2861.965344
2861.98958
2862.009656
2862.014708
2862.164498
2862.166965
2862.190325
2862.194424
2862.20415
2862.335147
2862.583606
2862.670925
2862.696999
2862.788885
2862.817662
2862.819548
2862.843606
2862.920438
2862.92989
2862.962278
2862.977244
2863.016039
2863.072302
2863.123746
2863.171964
2863.24881
2863.27985
2863.352479
2863.384549
2863.39229
2863.496322
2863.498213
2863.591747
2863.673423
2863.693385
2863.795242
2863.79699
2863.80324
2863.849549
2863.878657
2863.883257
2863.890949
2863.897647
2863.956535
2863.984621
2864.043037
2864.079744
2864.103715
2864.122513
2864.142849
2864.217461
2864.252283
2864.27935
2864.279854
2864.362675
2864.441612
2864.449519
2864.471324
2864.485419
2864.500781
2864.522063
2864.538542
2864.5475
2864.566685
2864.572554
2864.661523
2864.680083
2864.757493
2864.763813
2864.849478
2864.929062
2864.997997
2865.068008
2865.08956
2865.186549
2865.215748
2865.259768
2865.262774
2865.34227
2865.386953
2865.404152
2865.409225
2865.427809
2865.447296
2865.448854
2865.514899
2865.545497
2865.652109
2865.680381
2865.705117
2865.759558
2865.879265
2865.916246
2865.919012
2865.920412
2865.957412
2865.973274
2865.975466
2866.041136
2866.052029
2866.086044
2866.146794
2866.182138
2866.20784
2866.263608
2866.276763
2866.330935
2866.435192
2866.452084
2866.467016
2866.480943
2866.534011
2866.582612
2866.642865
2866.653995
2866.677486
2866.715045
2866.834373
2866.834957
2866.876988
2866.964709
2867.038941
2867.112958
2867.129341
2867.148525
2867.164202
2867.199462
2867.206167
2867.210851
2867.325744
2867.330848
2867.331747
2867.353608
2867.446114
2867.447076
2867.519202
2867.56194
2867.738331
2867.788205
2867.822895
2867.964702
2868.018586
2868.04886
2868.176605
2868.178713
2868.191952
2868.195543
2868.236093
2868.248435
2868.280414
2868.28199
2868.290997
2868.548647
2868.575662
2868.854387
2868.882143
2868.890079
2868.900139
2868.947351
2868.94786
2868.979449
2869.000485
2869.04122
2869.066992
2869.146995
2869.194583
2869.21598
2869.238217
2869.261378
2869.456833
2869.494194
2869.56813
2869.579288
2869.622059
2869.627675
2869.700073
2869.714673
2869.725938
2869.731329
2869.868326
2869.901626
2869.926774
2869.951765
2870.013851
2870.025282
2870.040099
2870.132729
2870.167339
2870.169141
2870.227802
2870.245996
2870.246802
2870.282033
2870.301748
2870.314203
2870.317885
2870.429272
2870.453894
2870.514775
2870.520963
2870.536437
2870.542259
2870.598248
2870.61303
2870.614046
2870.639824
2870.657015
2870.691603
2870.88209
2870.889041
2870.988392
2871.010499
2871.027751
2871.080235
2871.085673
2871.115652
2871.179198
2871.200336
2871.20192
2871.26708
2871.405736
2871.458753
2871.550717
2871.572098
2871.624885
2871.715941
2871.73373
2871.789348
2871.831232
2871.832948
2871.841143
2871.92898
2872.057709
2872.138165
2872.328275
2872.355833
2872.41264
2872.417209
2872.482102
2872.54421
2872.568501
2872.569997
2872.657473
2872.657491
2872.663496
2872.74087
2872.801823
2872.840332
2872.878276
2872.961601
2873.038259
2873.079355
2873.109794
2873.137958
2873.198618
2873.266302
2873.272318
2873.28594
2873.354937
2873.373765
2873.374697
2873.410834
2873.41653
2873.474626
2873.521957
2873.542394
2873.560131
2873.582678
2873.602891
2873.676047
2873.706246
2873.719486
2873.819216
2873.823915
2873.843316
2873.875008
2873.903919
2873.950625
2874.042369
2874.046063
2874.060719
2874.076486
2874.104371
2874.114728
2874.115688
2874.212244
2874.228813
2874.24635
2874.269567
2874.281664
2874.283002
2874.306353
2874.393271
2874.442884
2874.459389
2874.652422
2874.721912
2874.797106
2874.808428
2874.842933
2875.044534
2875.148603
2875.181401
2875.213425
2875.234831
2875.238234
2875.333064
2875.355982
2875.372413
2875.379985
2875.392998
2875.398666
2875.409525
2875.419252
2875.445062
2875.523798
2875.562833
2875.582339
2875.591648
2875.600202
2875.742003
2875.744573
2875.766458
2875.835726
2875.909943
2875.925926
2875.989211
2875.998965
2876.087761
2876.155002
2876.221603
2876.264312
2876.302242
2876.336623
2876.34287
2876.369452
2876.411602
2876.414633
2876.594415
2876.611393
2876.650796
2876.727954
2876.767174
2876.838613
2876.84161
2876.911311
2876.940638
2876.950474
2876.994828
2877.027243
2877.090969
2877.094414
2877.117249
2877.156562
2877.174929
2877.247812
2877.266
2877.297104
2877.300672
2877.366827
2877.426604
2877.432943
2877.462676
2877.486549
2877.487494
2877.523045
2877.542517
2877.76438
2877.773646
2877.886611
2877.915407
2877.92401
2877.924736
2877.924975
2878.000825
2878.002324
2878.050269
2878.084563
2878.228247
2878.251996
2878.294744
2878.296001
2878.320375
2878.379277
2878.409243
2878.45865
2878.496271
2878.550884
2878.569504
2878.705145
2878.768593
2878.868781
2878.887075
2878.943195
2879.058128
2879.06668
2879.099022
2879.105561
2879.158263
2879.174144
2879.174279
2879.185352
2879.229041
2879.311723
2879.339359
2879.478252
2879.490228
2879.547098
2879.626767
2879.633561
2879.639928
2879.641168
2879.660166
2879.672467
2879.695164
2879.695626
2879.720837
2879.726701
2879.763211
2879.815912
2879.849282
2879.85994
2879.86371
2879.963939
2879.984985
2880.009002
2880.020903
2880.021174
2880.021639
2880.038225
2880.094203
2880.120822
2880.141799
2880.161044
2880.190966
2880.215369
2880.217675
2880.226837
2880.258298
2880.330573
2880.372925
2880.375549
2880.382062
2880.39409
2880.471351
2880.481317
2880.538186
2880.573467
2880.573958
2880.575301
2880.600694
2880.717935
2880.718051
2880.785686
2880.807133
2880.823491
2880.831381
2880.843754
2880.847327
2880.947209
2881.100725
2881.179749
2881.200665
2881.201299
2881.211881
2881.219962
2881.278685
2881.323787
2881.449388
2881.450519
2881.471328
2881.49871
2881.503815
2881.533991
2881.564851
2881.571538
2881.598295
2881.641747
2881.709161
2881.71285
2881.735738
2881.741739
2881.86037
2881.884781
2881.925278
2882.027088
2882.04192
2882.050257
2882.050726
2882.091436
2882.115258
2882.183576
2882.18666
2882.27438
2882.295023
2882.340071
2882.391155
2882.472779
2882.528662
2882.559287
2882.652795
2882.664158
2882.665389
2882.716639
2882.82251
2882.849392
2882.875792
2882.892597
2882.946703
2882.957355
2882.982944
2882.997145
2883.001102
2883.003548
2883.028121
2883.045692
2883.132692
2883.142505
2883.176601
2883.247563
2883.286327
2883.355964
2883.382964
2883.39469
2883.414042
2883.444528
2883.478307
2883.487671
2883.518918
2883.581524
2883.5868
2883.655007
2883.659628
2883.673316
2883.725
2883.754132
2883.811086
2883.831695
2883.836877
2883.862852
2883.941886
2883.963612
2884.107181
2884.162158
2884.188547
2884.202623
2884.215355
2884.217569
2884.23397
2884.247189
2884.311891
2884.403732
2884.50201
2884.509422
2884.517126
2884.528536
2884.531769
2884.531901
2884.542189
2884.58479
2884.622625
2884.631646
2884.662007
2884.695717
2884.729017
2884.733774
2884.774686
2884.780724
2884.827581
2884.885714
2884.924174
2884.93
2884.933897
2884.937519
2885.060996
2885.105266
2885.116855
2885.135223
2885.241999
2885.264042
2885.309431
2885.348892
2885.39414
2885.404037
2885.424763
2885.501491
2885.575535
2885.57613
2885.59095
2885.59358
2885.599844
2885.67866
2885.68219
2885.692795
2885.709622
2885.780038
2885.782856
2885.876048
2885.894548
2885.895888
2885.954873
2885.956483
2885.965322
2885.984556
2885.993788
2886.029564
2886.03255
2886.03279
2886.033393
2886.033861
2886.061788
2886.062505
2886.128172
2886.153321
2886.158373
2886.175102
2886.223142
2886.22466
2886.234452
2886.240979
2886.24472
2886.257147
2886.268662
2886.275988
2886.308372
2886.359633
2886.392658
2886.407914
2886.436676
2886.45657
2886.458315
2886.51385
2886.575521
2886.578036
2886.593382
2886.66324
2886.66931
2886.702149
2886.70971
2886.756258
2886.758605
2886.769144
2886.769889
2886.794352
2886.797138
2886.838111
2886.871831
2886.925359
2886.958113
2886.988883
2887.095672
2887.205235
2887.228902
2887.254585
2887.416992
2887.426193
2887.431472
2887.502823
2887.5029
2887.5045
2887.522388
2887.52995
2887.54552
2887.553263
2887.562098
2887.567231
2887.570876
2887.658024
2887.663354
2887.725453
2887.760472
2887.786183
2887.810389
2887.839549
2887.908556
2887.909285
2887.921987
2887.929563
2887.93356
2887.942547
2887.976849
2887.981236
2888.054152
2888.07044
2888.104973
2888.144401
2888.16285
2888.175605
2888.177372
2888.211504
2888.225595
2888.234644
2888.253002
2888.292274
2888.300458
2888.320716
2888.331917
2888.373899
2888.392002
2888.468233
2888.47668
2888.48479
2888.500955
2888.585372
2888.615165
2888.625312
2888.635796
2888.712147
2888.72859
2888.730609
2888.761067
2888.766717
2888.826227
2888.883139
2888.901452
2888.909175
2888.940095
2888.942758
2888.944399
2889.035962
2889.061901
2889.098918
2889.119123
2889.162453
2889.186603
2889.198589
2889.210125
2889.212842
2889.236737
2889.296536
2889.348526
2889.372229
2889.380881
2889.453549
2889.455867
2889.519304
2889.563057
2889.56909
2889.603555
2889.617293
2889.628507
2889.632191
2889.641247
2889.729292
2889.755206
2889.767767
2889.767842
2889.813495
2889.891117
2889.898853
2890.024076
2890.056371
2890.169395
2890.170791
2890.202994
2890.255239
2890.259501
2890.282065
2890.287861
2890.423312
2890.432001
2890.437792
2890.438514
2890.455262
2890.456699
2890.459175
2890.482984
2890.580517
2890.592454
2890.619952
2890.642698
2890.652211
2890.683965
2890.696785
2890.802564
2890.853042
2890.861445
2890.867203
2890.905208
2890.94895
2890.955061
2891.064878
2891.070297
2891.159048
2891.19341
2891.259718
2891.262725
2891.270193
2891.410233
2891.441724
2891.482889
2891.545487
2891.548278
2891.620502
2891.624857
2891.630859
2891.656244
2891.659245
2891.702275
2891.757576
2891.81731
2891.822066
2891.837003
2891.849881
2891.879381
2891.921617
2891.929822
2892.00047
2892.014516
2892.029897
2892.030448
2892.033486
2892.035205
2892.060538
2892.066347
2892.084171
2892.175816
2892.209598
2892.234411
2892.253184
2892.284579
2892.314835
2892.321723
2892.332211
2892.407848
2892.545857
2892.584235
2892.616817
2892.627572
2892.637765
2892.662764
2892.714988
2892.747942
2892.753529
2892.78845
2892.799582
2892.809262
2892.822469
2892.826761
2892.833836
2892.851694
2892.876052
2892.883127
2892.895479
2892.997096
2893.023853
2893.059085
2893.065809
2893.158181
2893.211971
2893.229717
2893.238517
2893.239225
2893.257584
2893.318454
2893.363957
2893.36565
2893.395852
2893.40452
2893.442207
2893.460275
2893.506157
2893.516915
2893.546471
2893.556958
2893.557384
2893.557531
2893.559165
2893.587124
2893.615703
2893.638182
2893.697033
2893.816039
2893.816781
2893.847914
2893.93936
2893.963122
2893.973051
2894.016902
2894.024065
2894.055596
2894.060593
2894.061246
2894.063889
2894.065381
2894.175497
2894.22656
2894.28063
2894.418815
2894.453224
2894.501604
2894.550979
2894.600195
2894.605846
2894.632013
2894.645508
2894.798314
2894.821939
2894.825769
2894.826121
2894.883692
2894.889751
2894.92137
2894.927675
2894.934676
2894.960886
2894.98627
2895.024865
2895.083576
2895.1289
2895.161148
2895.190439
2895.195037
2895.196724
2895.299932
2895.304371
2895.32022
2895.354995
2895.393099
2895.402895
2895.407496
2895.459523
2895.540374
2895.551717
2895.582002
2895.629428
2895.676479
2895.680598
2895.703027
2895.705376
2895.733684
2895.746057
2895.751021
2895.762504
2895.837656
2895.846234
2895.876138
2895.876676
2895.893862
2895.925954
2895.949408
2896.00976
2896.043211
2896.053546
2896.085271
2896.154881
2896.196533
2896.247123
2896.272651
2896.334266
2896.358229
2896.363952
2896.370704
2896.375223
2896.386131
2896.399639
2896.41745
2896.417723
2896.481727
2896.4883
2896.550396
2896.577099
2896.602089
2896.636148
2896.644546
2896.644641
2896.645158
2896.728355
2896.790101
2896.932076
2896.935647
2896.955983
2896.976214
2896.989937
2897.001063
2897.022879
2897.040177
2897.051174
2897.069632
2897.111813
2897.118789
2897.157818
2897.220679
2897.227093
2897.228073
2897.23832
2897.250821
2897.274563
2897.307828
2897.320333
2897.364227
2897.379848
2897.38094
2897.423291
2897.438498
2897.454365
2897.48988
2897.496043
2897.525477
2897.577298
2897.603654
2897.611025
2897.616829
2897.668567
2897.694029
2897.722676
2897.771858
2897.778927
2897.781044
2897.790418
2897.834488
2897.872404
2897.902567
2897.961553
2897.962274
2898.000734
2898.005938
2898.041807
2898.151818
2898.220063
2898.228456
2898.230814
2898.232986
2898.233437
2898.236449
2898.358072
2898.369178
2898.374829
2898.418083
2898.432413
2898.432716
2898.501838
2898.528674
2898.569588
2898.577355
2898.578103
2898.598682
2898.642332
2898.645216
2898.661529
2898.672803
2898.691428
2898.751866
2898.759963
2898.920762
2899.011985
2899.043299
2899.044208
2899.070083
2899.193239
2899.195212
2899.240794
2899.28176
2899.287232
2899.376248
2899.376249
2899.407428
2899.416011
2899.469558
2899.476606
2899.482057
2899.507786
2899.594063
2899.625506
2899.659221
2899.68196
2899.703444
2899.733393
2899.745132
2899.749593
2899.798736
2899.815613
2899.840773
2899.86926
2899.888995
2899.905541
2899.949457
2899.952308
2899.95728
2899.962753
2899.984511
2900.010975
2900.053314
2900.092094
2900.118511
2900.130746
2900.17697
2900.223303
2900.412599
2900.449601
2900.471594
2900.518396
2900.554962
2900.577706
2900.579878
2900.670872
2900.692473
2900.72352
2900.813074
2900.867981
2900.884967
2900.923484
2900.965792
2900.980791
2900.990061
2901.080469
2901.092451
2901.096108
2901.1821
2901.1971
2901.220692
2901.233342
2901.239934
2901.242756
2901.255311
2901.268361
2901.268446
2901.310368
2901.311611
2901.355024
2901.391491
2901.409036
2901.410246
2901.457479
2901.474953
2901.487993
2901.506359
2901.537548
2901.546104
2901.547573
2901.548078
2901.558379
2901.608222
2901.629192
2901.655611
2901.659786
2901.682709
2901.695583
2901.715983
2901.754225
2901.794027
2901.865378
2901.886324
2901.894767
2901.904889
2901.940421
2901.940818
2901.96539
2901.982931
2902.020078
2902.030634
2902.033395
2902.058304
2902.071908
2902.118721
2902.12613
2902.130511
2902.151974
2902.153765
2902.158709
2902.176335
2902.216895
2902.225708
2902.243042
2902.249823
2902.253776
2902.308174
2902.348308
2902.398938
2902.400404
2902.40773
2902.449518
2902.45228
2902.464899
2902.485034
2902.507642
2902.624619
2902.676309
2902.702312
2902.711947
2902.748944
2902.816631
2902.839906
2902.856391
2902.863918
2902.864187
2902.88908
2902.907901
2902.909691
2902.920162
2902.924291
2902.948279
2902.974067
2903.084103
2903.140661
2903.187845
2903.252979
2903.26788
2903.347537
2903.389145
2903.405635
2903.421737
2903.429902
2903.439525
2903.449501
2903.455585
2903.511598
2903.519235
2903.525777
2903.578982
2903.590187
2903.642617
2903.700321
2903.764067
2903.774939
2903.787413
2903.840772
2903.844704
2903.936169
2903.938695
2904.00383
2904.0559
2904.105073
2904.135359
2904.14001
2904.198237
2904.208097
2904.255469
2904.304804
2904.341676
2904.370805
2904.395971
2904.408295
2904.433951
2904.448217
2904.45961
2904.481521
2904.485413
2904.496634
2904.547205
2904.549102
2904.563479
2904.566968
2904.581731
2904.614656
2904.63968
2904.740576
2904.74156
2904.744649
2904.846424
2904.864474
2904.872899
2904.913079
2904.934311
2904.935857
2904.978812
2904.979716
2905.01126
2905.027042
2905.029499
2905.044064
2905.05846
2905.070807
2905.088029
2905.201335
2905.216782
2905.235526
2905.249152
2905.270861
2905.333165
2905.380922
2905.434646
2905.460386
2905.475104
2905.481517
2905.509158
2905.54984
2905.574808
2905.634998
2905.65319
2905.705352
2905.728064
2905.740237
2905.754329
2905.760033
2905.806994
2905.85122
2905.864378
2905.921484
2905.936032
2905.950147
2905.975102
2905.984774
2905.992612
2906.041938
2906.078479
2906.116457
2906.129087
2906.175236
2906.208245
2906.220626
2906.221828
2906.22352
2906.241294
2906.242718
2906.249844
2906.27374
2906.303746
2906.353611
2906.361148
2906.374899
2906.485505
2906.519438
2906.537248
2906.603669
2906.605088
2906.643509
2906.707094
2906.74957
2906.756738
2906.791429
2906.83293
2906.9412
2906.964505
2907.017107
2907.020294
2907.069534
2907.076731
2907.101396
2907.127241
2907.205576
2907.232666
2907.236098
2907.274189
2907.296258
2907.301702
2907.30868
2907.309602
2907.35291
2907.355774
2907.376784
2907.37991
2907.411974
2907.412944
2907.42
2907.425602
2907.437352
2907.482025
2907.515474
2907.518583
2907.518705
2907.585989
2907.595944
2907.622379
2907.643081
2907.657205
2907.669214
2907.696412
2907.73731
2907.755527
2907.766776
2907.809995
2907.880224
2907.899228
2907.917194
2907.924481
2908.007772
2908.014047
2908.020115
2908.023949
2908.04382
2908.0615
2908.071074
2908.112084
2908.15232
2908.16529
2908.171367
2908.249884
2908.254963
2908.277204
2908.300512
2908.328713
2908.368803
2908.381162
2908.416666
2908.425712
2908.52066
2908.531971
2908.543528
2908.612378
2908.640053
2908.688101
2908.732651
2908.751453
2908.782586
2908.793726
2908.799146
2908.854984
2908.876795
2908.902775
2909.074818
2909.180797
2909.188949
2909.19419
2909.266747
2909.280208
2909.3216
2909.331164
2909.337593
2909.358565
2909.362762
2909.368049
2909.37571
2909.391431
2909.439798
2909.461972
2909.560231
2909.569677
2909.585892
2909.596885
2909.61474
2909.667908
2909.669152
2909.688981
2909.698525
2909.746757
2909.794031
2909.820541
2909.87378
2909.958581
2909.978243
2909.98468
2909.992471
2910.054424
2910.064941
2910.082724
2910.129696
2910.153918
2910.177874
2910.178197
2910.233272
2910.333865
2910.363738
2910.367123
2910.39475
2910.396784
2910.397163
2910.416523
2910.439072
2910.447746
2910.448579
2910.448909
2910.485482
2910.530734
2910.580105
2910.631944
2910.681087
2910.710502
2910.719934
2910.725601
2910.730343
2910.76264
2910.770262
2910.774299
2910.794378
2910.823596
2910.832491
2910.875803
2910.886474
2910.910918
2910.923793
2910.931628
2910.943004
2910.959186
2910.986071
2910.988444
2911.000621
2911.016125
2911.017629
2911.02499
2911.044995
2911.062765
2911.066592
2911.074106
2911.112339
2911.123163
2911.123575
2911.145671
2911.224383
2911.224686
2911.226964
2911.232481
2911.244377
2911.284124
2911.313849
2911.390938
2911.432124
2911.451576
2911.462278
2911.489391
2911.538072
2911.543744
2911.544103
2911.587851
2911.611209
2911.638235
2911.644329
2911.665347
2911.686642
2911.695644
2911.773507
2911.793857
2911.801127
2911.848864
2911.967541
2911.968895
2911.975662
2912.016681
2912.025929
2912.035332
2912.060697
2912.0662
2912.091926
2912.099983
2912.10597
2912.132372
2912.205152
2912.251221
2912.312155
2912.32301
2912.378107
2912.384899
2912.396941
2912.45957
2912.470256
2912.516072
2912.537175
2912.537702
2912.544861
2912.59788
2912.614269
2912.615026
2912.639076
2912.639361
2912.688395
2912.690789
2912.706377
2912.722785
2912.731429
2912.767357
2912.767956
2912.771343
2912.828733
2912.840698
2912.862538
2912.866492
2912.933235
2912.974734
2913.002419
2913.02582
2913.035196
2913.038802
2913.071116
2913.119425
2913.15333
2913.168288
2913.171904
2913.194333
2913.2176
2913.242509
2913.247857
2913.25401
2913.275096
2913.285859
2913.289164
2913.302524
2913.324009
2913.34354
2913.345799
2913.348788
2913.362092
2913.393696
2913.39997
2913.403138
2913.416976
2913.467266
2913.540125
2913.563539
2913.583689
2913.648315
2913.676164
2913.68616
2913.7532
2913.757132
2913.770895
2913.796083
2913.855439
2913.864455
2913.887507
2913.902106
2913.905137
2913.91811
2913.932263
2913.945261
2913.950845
2913.968721
2913.974289
2913.989461
2913.992017
2914.018864
2914.020576
2914.033322
2914.062535
2914.108277
2914.123323
2914.124175
2914.203716
2914.208447
2914.222731
2914.22335
2914.271441
2914.31351
2914.320131
2914.343163
2914.347308
2914.355325
2914.357809
2914.380456
2914.38179
2914.433921
2914.442187
2914.510171
2914.542015
2914.580399
2914.590583
2914.591464
2914.605725
2914.624198
2914.648532
2914.667471
2914.672143
2914.713744
2914.734952
2914.74578
2914.748781
2914.749257
2914.795234
2914.798887
2914.808751
2914.82359
2914.835549
2914.862243
2914.867802
2914.958362
2914.966436
2915.015532
2915.048678
2915.10692
2915.127078
2915.162097
2915.1974
2915.298498
2915.308103
2915.319897
2915.323366
2915.363145
2915.37034
2915.386762
2915.407357
2915.440092
2915.446511
2915.458261
2915.487518
2915.504369
2915.595916
2915.612515
2915.617531
2915.716003
2915.732927
2915.777943
2915.786542
2915.816815
2915.847892
2915.893197
2915.914586
2915.917496
2915.923674
2915.92564
2915.9534
2915.998956
2916.02893
2916.119049
2916.135627
2916.170391
2916.192537
2916.234605
2916.250038
2916.257164
2916.290393
2916.340793
2916.358835
2916.376918
2916.394996
2916.399483
2916.407254
2916.422531
2916.443456
2916.469038
2916.47501
2916.514688
2916.555152
2916.564958
2916.573816
2916.593418
2916.596341
2916.600362
2916.635461
2916.747587
2916.842994
2916.887542
2916.890306
2916.899235
2916.910652
2916.916813
2916.945421
2916.9769
2917.001467
2917.011753
2917.044869
2917.067894
2917.078398
2917.159204
2917.173151
2917.175821
2917.327063
2917.381051
2917.392365
2917.395462
2917.42564
2917.440758
2917.473731
2917.476131
2917.520051
2917.564118
2917.574953
2917.596222
2917.608948
2917.613782
2917.614853
2917.642327
2917.653355
2917.663644
2917.663936
2917.669831
2917.778556
2917.783387
2917.787422
2917.811535
2917.849992
2917.871297
2917.925647
2917.929718
2917.934552
2917.954077
2918.028863
2918.048279
2918.071836
2918.099075
2918.100197
2918.17445
2918.273429
2918.284339
2918.286646
2918.306801
2918.312506
2918.360082
2918.403204
2918.481503
2918.482062
2918.582777
2918.623396
2918.644456
2918.72389
2918.741568
2918.763187
2918.784918
2918.808764
2918.826396
2918.848533
2918.869545
2918.879209
2918.885816
2918.919773
2918.919863
2918.933253
2918.948408
2918.957099
2918.963014
2918.997865
2919.046069
2919.068717
2919.094783
2919.110845
2919.129539
2919.2855
2919.295082
2919.295722
2919.320284
2919.333258
2919.347548
2919.423678
2919.424484
2919.430203
2919.486903
2919.498034
2919.514703
2919.529505
2919.588312
2919.600125
2919.601816
2919.602316
2919.617474
2919.630635
2919.638088
2919.649867
2919.682032
2919.710474
2919.714198
2919.726962
2919.761312
2919.783706
2919.78629
2919.79325
2919.852666
2919.855782
2919.922538
2919.96363
2919.971959
2919.973766
2919.983078
2920.1139
2920.1158
2920.207425
2920.217569
2920.226417
2920.231863
2920.25195
2920.254496
2920.281952
2920.312705
2920.321815
2920.329039
2920.33371
2920.342695
2920.375555
2920.401698
2920.413355
2920.432523
2920.435176
2920.459515
2920.49159
2920.523572
2920.610369
2920.612288
2920.633416
2920.639471
2920.660003
2920.684987
2920.746126
2920.767113
2920.773192
2920.7804
2920.821737
2920.832866
2920.844735
2920.853213
2920.87287
2920.894149
2920.907269
2920.924107
2920.928854
2920.956882
2920.958102
2921.014123
2921.035727
2921.097951
2921.121221
2921.143038
2921.171618
2921.231632
2921.265499
2921.303104
2921.327335
2921.331054
2921.381113
2921.392663
2921.393288
2921.39605
2921.407944
2921.424341
2921.427808
2921.428543
2921.467383
2921.484666
2921.503135
2921.557172
2921.647387
2921.715285
2921.76458
2921.770046
2921.815092
2921.826295
2921.833388
2921.838052
2921.86354
2921.985001
2921.991412
2922.015944
2922.037661
2922.044
2922.047406
2922.055581
2922.072554
2922.100782
2922.128769
2922.205926
2922.211836
2922.239064
2922.273709
2922.275258
2922.287197
2922.294339
2922.330282
2922.332215
2922.366404
2922.378504
2922.390685
2922.418844
2922.446527
2922.455403
2922.48497
2922.499361
2922.513918
2922.519292
2922.564552
2922.579305
2922.601497
2922.619711
2922.650076
2922.724906
2922.743597
2922.783385
2922.854337
2922.858556
2922.938251
2922.949617
2922.956156
2922.996309
2923.008092
2923.008289
2923.022431
2923.026392
2923.046736
2923.08323
2923.126715
2923.133454
2923.148082
2923.154815
2923.161979
2923.172231
2923.204483
2923.209871
2923.227965
2923.25244
2923.265719
2923.268046
2923.292092
2923.330702
2923.387919
2923.398795
2923.45191
2923.45777
2923.521015
2923.526334
2923.541731
2923.557353
2923.570393
2923.652144
2923.674818
2923.689266
2923.739342
2923.742123
2923.767856
2923.799978
2923.805457
2923.81356
2923.916652
2923.940186
2923.977942
2923.996348
2924.038781
2924.178939
2924.252623
2924.330626
2924.334279
2924.336327
2924.348179
2924.386633
2924.444835
2924.562669
2924.644516
2924.662397
2924.729024
2924.786337
2924.810135
2924.860633
2924.939995
2924.964587
2925.006699
2925.07239
2925.101682
2925.130739
2925.140364
2925.155802
2925.159257
2925.214078
2925.258054
2925.26537
2925.281262
2925.289866
2925.300235
2925.354219
2925.358252
2925.358406
2925.370648
2925.386633
2925.41538
2925.417509
2925.419895
2925.484467
2925.510117
2925.522988
2925.562546
2925.563956
2925.568496
2925.572995
2925.591013
2925.634716
2925.652557
2925.692702
2925.698215
2925.709431
2925.723824
2925.735965
2925.741534
2925.753391
2925.755112
2925.760046
2925.785736
2925.808838
2925.919224
2925.942929
2925.968216
2925.974583
2926.018149
2926.038013
2926.057856
2926.059535
2926.086727
2926.099381
2926.109554
2926.124888
2926.143946
2926.15119
2926.162318
2926.163429
2926.181499
2926.27527
2926.294362
2926.307864
2926.331773
2926.337854
2926.342814
2926.373792
2926.378543
2926.383347
2926.383923
2926.388052
2926.434686
2926.463483
2926.475265
2926.487938
2926.50184
2926.509912
2926.510792
2926.529107
2926.53565
2926.558869
2926.566739
2926.595093
2926.633257
2926.659178
2926.669139
2926.717384
2926.741089
2926.783328
2926.800122
2926.851506
2926.866939
2926.87923
2926.905004
2926.956455
2926.971227
2926.980804
2927.000631
2927.067769
2927.081181
2927.098686
2927.128326
2927.142099
2927.143711
2927.152896
2927.177539
2927.232458
2927.243112
2927.248885
2927.278086
2927.309473
2927.324618
2927.372197
2927.408679
2927.419787
2927.42646
2927.450408
2927.491568
2927.508934
2927.553011
2927.589786
2927.597245
2927.660561
2927.681631
2927.710626
2927.732861
2927.747046
2927.748608
2927.760002
2927.795705
2927.887866
2927.889899
2927.916684
2927.922489
2927.977743
2928.002055
2928.011805
2928.081871
2928.089018
2928.102601
2928.117094
2928.125022
2928.172935
2928.201101
2928.254249
2928.284072
2928.335553
2928.368135
2928.463225
2928.467101
2928.530605
2928.553168
2928.605931
2928.625806
2928.629366
2928.632664
2928.662922
2928.693509
2928.75038
2928.75899
2928.783434
2928.791411
2928.812875
2928.82248
2928.833884
2928.87011
2928.888754
2928.889811
2928.903379
2928.969246
2929.011459
2929.028178
2929.079158
2929.085094
2929.090414
2929.133907
2929.137426
2929.167336
2929.181027
2929.195697
2929.196591
2929.213336
2929.214908
2929.255345
2929.257523
2929.263747
2929.270069
2929.292079
2929.295349
2929.298113
2929.305776
2929.42209
2929.422329
2929.424067
2929.425309
2929.478481
2929.480331
2929.517457
2929.546538
2929.55657
2929.635923
2929.636039
2929.707559
2929.73676
2929.737316
2929.813387
2929.827598
2929.85687
2929.864875
2929.923407
2929.93891
2929.951631
2929.966312
2929.975301
2929.985089
2930.029838
2930.081658
2930.1419
2930.16979
2930.197958
2930.243428
2930.244986
2930.254838
2930.262748
2930.34092
2930.370636
2930.398678
2930.399839
2930.409495
2930.489782
2930.513833
2930.538038
2930.549536
2930.567899
2930.57127
2930.586251
2930.602702
2930.646202
2930.721454
2930.726607
2930.762903
2930.771052
2930.849575
2930.904478
2930.944129
2930.958719
2930.971986
2931.023345
2931.036497
2931.051792
2931.104106
2931.132696
2931.143784
2931.288308
2931.319832
2931.352352
2931.358146
2931.365481
2931.368496
2931.398908
2931.48302
2931.514195
2931.515252
2931.524473
2931.536501
2931.540816
2931.555423
2931.642898
2931.670412
2931.676157
2931.680384
2931.698764
2931.710001
2931.720918
2931.740629
2931.792698
2931.806662
2931.836125
2931.837192
2931.839179
2931.844516
2932.016132
2932.054114
2932.071039
2932.114432
2932.153121
2932.155019
2932.159828
2932.162503
2932.186747
2932.190247
2932.215412
2932.267424
2932.268295
2932.268932
2932.287223
2932.303102
2932.339298
2932.377081
2932.42295
2932.431473
2932.436048
2932.462107
2932.481118
2932.541173
2932.551352
2932.560125
2932.560661
2932.597754
2932.65169
2932.651982
2932.691586
2932.692991
2932.698721
2932.723913
2932.79209
2932.825707
2932.883203
2932.953454
2932.971223
2932.994419
2933.006868
2933.029407
2933.032167
2933.062268
2933.10573
2933.110522
2933.134001
2933.14632
2933.165708
2933.172666
2933.219463
2933.224279
2933.226423
2933.235481
2933.25447
2933.282127
2933.316251
2933.319411
2933.319718
2933.334184
2933.348069
2933.375221
2933.387204
2933.429343
2933.485084
2933.518813
2933.581208
2933.700756
2933.706957
2933.71778
2933.758996
2933.772211
2933.842152
2933.866549
2933.88989
2933.890567
2933.918241
2933.94803
2933.953269
2933.963675
2933.979372
2933.994995
2934.002065
2934.01494
2934.090725
2934.097956
2934.101344
2934.117375
2934.148273
2934.161894
2934.168125
2934.188669
2934.213275
2934.232638
2934.23559
2934.289325
2934.329437
2934.339286
2934.381184
2934.384905
2934.400729
2934.408342
2934.501767
2934.553499
2934.580045
2934.594153
2934.599667
2934.621898
2934.624076
2934.629839
2934.704407
2934.8099
2934.869093
2934.904337
2934.964494
2934.968665
2935.009884
2935.02631
2935.043474
2935.079364
2935.12238
2935.163975
2935.179841
2935.20891
2935.257189
2935.264472
2935.297002
2935.304361
2935.326005
2935.433157
2935.463725
2935.483454
2935.492711
2935.509775
2935.53817
2935.567812
2935.600186
2935.63013
2935.657108
2935.675248
2935.679825
2935.683082
2935.68636
2935.719014
2935.731312
2935.769012
2935.807689
2935.807716
2935.851103
2935.881526
2935.889469
2935.896454
2935.919154
2935.91983
2935.945303
2935.964964
2936.038926
2936.042188
2936.04763
2936.05863
2936.144134
2936.226255
2936.229729
2936.235043
2936.278121
2936.29188
2936.298284
2936.346362
2936.360724
2936.402025
2936.450136
2936.463152
2936.490954
2936.569637
2936.671066
2936.691398
2936.70985
2936.71235
2936.745173
2936.786577
2936.792047
2936.854166
2936.872709
2936.88022
2936.895741
2936.939898
2936.948371
2936.96409
2936.993156
2937.104216
2937.116386
2937.119322
2937.130846
2937.151172
2937.185555
2937.192963
2937.228997
2937.239595
2937.276473
2937.288651
2937.296981
2937.34181
2937.391148
2937.441927
2937.449801
2937.497517
2937.541107
2937.618386
2937.627853
2937.661643
2937.667484
2937.678269
2937.719246
2937.722493
2937.759861
2937.764573
2937.79774
2937.812528
2937.818747
2937.85534
2937.92064
2937.962547
2937.968775
2937.975329
2937.975358
2937.993201
2938.010981
2938.032577
2938.041729
2938.054717
2938.055057
2938.056756
2938.067614
2938.087063
2938.10997
2938.116886
2938.186836
2938.187592
2938.222323
2938.227587
2938.241981
2938.24712
2938.288129
2938.294175
2938.301798
2938.346884
2938.402414
2938.422536
2938.451204
2938.484087
2938.528077
2938.551139
2938.551889
2938.619523
2938.620346
2938.727127
2938.737126
2938.778355
2938.80932
2938.813963
2938.829233
2938.839302
2938.951659
2938.96006
2938.971711
2939.003323
2939.016118
2939.018994
2939.084709
2939.102441
2939.114965
2939.150783
2939.164861
2939.165347
2939.167293
2939.235178
2939.253731
2939.266856
2939.324276
2939.338193
2939.353877
2939.406605
2939.431814
2939.481427
2939.529483
2939.533047
2939.537621
2939.539585
2939.584215
2939.623955
2939.646267
2939.659669
2939.659821
2939.695333
2939.699597
2939.777413
2939.779862
2939.781973
2939.791211
2939.809545
2939.874796
2939.903638
2939.927135
2939.929716
2939.938662
2939.949416
2939.97036
2939.979809
2939.995312
2940.07351
2940.137806
2940.177273
2940.179798
2940.190769
2940.244186
2940.255581
2940.26278
2940.305189
2940.308466
2940.320091
2940.325399
2940.334227
2940.341265
2940.379871
2940.4001
2940.41482
2940.4513
2940.53345
2940.549088
2940.632141
2940.657167
2940.685471
2940.704287
2940.704485
2940.742444
2940.782571
2940.79882
2940.799475
2940.821696
2940.862994
2940.906807
2940.909419
2940.913103
2940.917757
2940.975071
2941.008745
2941.036437
2941.041532
2941.053714
2941.06643
2941.068546
2941.091696
2941.125259
2941.137421
2941.144437
2941.154243
2941.232934
2941.243964
2941.247149
2941.282205
2941.289577
2941.294349
2941.330084
2941.338821
2941.495431
2941.509199
2941.512775
2941.521408
2941.534346
2941.549809
2941.571239
2941.576167
2941.597753
2941.612495
2941.638229
2941.657773
2941.718706
2941.753516
2941.767925
2941.776291
2941.813707
2941.855551
2941.888909
2941.928378
2941.93917
2941.949611
2941.951017
2941.975269
2942.005247
2942.051604
2942.108314
2942.124601
2942.124698
2942.166604
2942.186016
2942.191389
2942.265317
2942.292561
2942.298244
2942.303938
2942.368732
2942.428338
2942.451322
2942.466998
2942.476192
2942.614573
2942.640803
2942.770761
2942.794295
2942.808562
2942.828258
2942.91191
2942.938066
2942.951111
2942.95504
2942.979334
2942.9918
2943.051362
2943.061421
2943.102345
2943.10415
2943.105668
2943.118887
2943.139192
2943.140137
2943.169743
2943.199676
2943.231041
2943.245866
2943.265865
2943.278762
2943.280871
2943.302866
2943.383326
2943.386921
2943.395396
2943.445203
2943.500943
2943.526758
2943.528928
2943.535445
2943.540032
2943.561752
2943.617899
2943.649722
2943.659869
2943.68859
2943.699104
2943.71403
2943.724016
2943.728232
2943.768828
2943.788905
2943.817652
2943.841551
2943.895786
2943.911365
2943.916747
2943.949486
2943.950711
2943.951041
2944.001548
2944.017384
2944.026086
2944.044442
2944.050061
2944.113022
2944.141508
2944.160392
2944.194408
2944.195434
2944.263212
2944.264281
2944.280169
2944.319105
2944.320896
2944.323002
2944.346763
2944.384192
2944.401414
2944.411891
2944.422053
2944.425974
2944.441818
2944.456082
2944.465243
2944.496416
2944.505683
2944.510998
2944.551212
2944.558436
2944.567113
2944.602152
2944.615576
2944.664311
2944.686631
2944.762725
2944.788184
2944.801373
2944.827243
2944.887198
2944.898818
2944.950751
2944.961622
2944.963831
2944.999897
2945.058244
2945.111376
2945.151999
2945.152547
2945.159284
2945.16214
2945.213987
2945.312862
2945.318006
2945.319488
2945.32319
2945.373567
2945.379024
2945.410305
2945.456343
2945.50797
2945.527931
2945.534122
2945.569095
2945.606359
2945.62256
2945.757296
2945.882365
2945.924932
2945.958081
2945.966555
2946.012761
2946.020833
2946.025011
2946.053783
2946.057958
2946.125865
2946.145948
2946.182834
2946.198814
2946.260013
2946.386114
2946.388867
2946.526937
2946.531132
2946.557148
2946.564052
2946.5661
2946.568242
2946.585845
2946.610582
2946.616571
2946.632813
2946.66346
2946.666611
2946.686248
2946.713415
2946.742742
2946.758903
2946.861122
2946.866507
2946.872575
2946.87506
2946.892906
2946.899622
2946.904318
2946.946028
2947.00366
2947.011351
2947.01959
2947.05041
2947.057666
2947.12045
2947.126672
2947.136521
2947.216276
2947.222847
2947.235889
2947.238315
2947.247306
2947.250201
2947.254982
2947.265903
2947.288834
2947.328887
2947.396086
2947.450315
2947.451299
2947.482268
2947.505673
2947.567591
2947.567867
2947.628525
2947.644385
2947.653922
2947.672688
2947.699181
2947.717285
2947.725647
2947.756944
2947.773784
2947.847622
2947.893518
2947.940874
2947.942872
2947.943316
2947.950232
2947.950896
2947.969915
2948.010302
2948.177674
2948.213732
2948.225652
2948.248864
2948.260443
2948.273166
2948.326217
2948.364731
2948.391105
2948.4092
2948.419376
2948.422801
2948.464798
2948.478178
2948.495687
2948.518051
2948.615731
2948.668671
2948.69505
2948.886111
2948.898601
2948.90197
2948.904242
2948.933238
2948.961395
2948.965992
2948.979443
2948.988417
2949.053242
2949.056269
2949.123806
2949.145758
2949.208449
2949.227065
2949.228422
2949.232349
2949.274215
2949.276464
2949.311681
2949.344778
2949.370359
2949.378936
2949.427688
2949.438282
2949.525782
2949.528415
2949.545428
2949.567967
2949.606733
2949.630671
2949.694068
2949.723973
2949.826223
2949.906584
2949.923105
2949.954877
2950.007998
2950.020481
2950.062902
2950.09532
2950.121559
2950.145793
2950.146425
2950.178982
2950.248398
2950.305862
2950.332958
2950.393814
2950.41273
2950.447824
2950.448812
2950.468815
2950.469116
2950.503806
2950.583189
2950.592763
2950.593464
2950.611604
2950.657884
2950.704541
2950.710095
2950.718711
2950.728395
2950.728553
2950.743548
2950.761965
2950.773934
2950.776504
2950.808336
2950.896577
2950.897186
2950.908563
2950.912537
2950.919665
2950.923037
2950.925505
2950.940511
2950.968292
2951.000457
2951.124602
2951.127152
2951.129277
2951.139655
2951.14067
2951.228559
2951.243943
2951.25716
2951.287419
2951.291316
2951.297004
2951.308394
2951.324633
2951.340366
2951.418012
2951.423452
2951.426861
2951.447323
2951.448585
2951.477889
2951.521642
2951.526804
2951.554118
2951.620278
2951.648234
2951.686024
2951.689611
2951.785107
2951.851445
2951.886554
2951.912675
2951.923906
2951.988587
2952.052314
2952.093539
2952.093712
2952.11543
2952.115687
2952.137145
2952.137868
2952.168123
2952.200672
2952.239524
2952.253131
2952.279702
2952.294531
2952.3034
2952.352325
2952.387137
2952.394588
2952.407268
2952.418921
2952.436948
2952.448629
2952.454987
2952.538122
2952.589743
2952.599858
2952.607041
2952.654012
2952.667815
2952.742558
2952.769787
2952.773407
2952.797752
2952.798707
2952.803084
2952.806372
2952.810793
2952.819658
2952.872225
2952.905641
2952.914299
2952.968183
2952.989766
2953.019435
2953.031554
2953.040531
2953.050045
2953.10909
2953.113291
2953.128361
2953.129397
2953.186472
2953.189778
2953.197514
2953.213401
2953.242383
2953.281196
2953.301837
2953.3266
2953.327319
2953.345866
2953.374092
2953.392714
2953.403312
2953.407718
2953.447486
2953.47925
2953.497965
2953.517506
2953.526758
2953.56687
2953.656604
2953.675965
2953.726057
2953.744626
2953.749288
2953.81182
2953.836746
2953.844575
2953.852091
2953.858692
2953.892567
2953.920518
2953.943726
2953.944355
2953.973732
2953.979197
2954.01747
2954.05378
2954.112053
2954.123831
2954.131253
2954.135511
2954.136215
2954.154548
2954.18257
2954.188608
2954.227469
2954.240592
2954.27185
2954.292821
2954.368573
2954.37119
2954.371615
2954.395826
2954.469956
2954.478267
2954.503244
2954.528893
2954.56024
2954.593263
2954.643399
2954.675327
2954.742628
2954.743329
2954.824374
2954.831315
2954.891951
2954.896802
2954.905326
2954.918291
2954.922523
2954.953394
2955.02931
2955.064267
2955.073587
2955.083423
2955.101201
2955.139701
2955.148859
2955.186826
2955.200137
2955.203401
2955.215879
2955.224128
2955.259273
2955.260867
2955.265
2955.285527
2955.291075
2955.302368
2955.305428
2955.324745
2955.355031
2955.522091
2955.540314
2955.565131
2955.615765
2955.647986
2955.65461
2955.675402
2955.698947
2955.708065
2955.758213
2955.824526
2955.824814
2955.828141
2955.846733
2955.870028
2955.882259
2955.887017
2955.953877
2955.964855
2955.996342
2956.027459
2956.031524
2956.07224
2956.092739
2956.108937
2956.112566
2956.141883
2956.199186
2956.212933
2956.219675
2956.242426
2956.253761
2956.301701
2956.316942
2956.323449
2956.348289
2956.366601
2956.375891
2956.394172
2956.396224
2956.41549
2956.436952
2956.437936
2956.442254
2956.497452
2956.503726
2956.535344
2956.565846
2956.568485
2956.571401
2956.5785
2956.670705
2956.689432
2956.71245
2956.784621
2956.828698
2956.835883
2956.869466
2956.888048
2956.898712
2956.908325
2956.915296
2956.960454
2956.962949
2956.997812
2957.028538
2957.043768
2957.078088
2957.09828
2957.183798
2957.191573
2957.202456
2957.237692
2957.280093
2957.291486
2957.292911
2957.325706
2957.388503
2957.396974
2957.398043
2957.444901
2957.501783
2957.525573
2957.543476
2957.624826
2957.635643
2957.692777
2957.725927
2957.755813
2957.786818
2957.799197
2957.80582
2957.807516
2957.869442
2957.88791
2957.928502
2957.96006
2957.997445
2958.006936
2958.100982
2958.119483
2958.125827
2958.21118
2958.229133
2958.230254
2958.237744
2958.265883
2958.28033
2958.330255
2958.361687
2958.386865
2958.391282
2958.425602
2958.427727
2958.472926
2958.488574
2958.489814
2958.496237
2958.567824
2958.577435
2958.590823
2958.60791
2958.632621
2958.782202
2958.798783
2958.827221
2958.854245
2958.916677
2958.981449
2958.989688
2959.012856
2959.021645
2959.047388
2959.176079
2959.189513
2959.229837
2959.300149
2959.303938
2959.311044
2959.367277
2959.369408
2959.388148
2959.429884
2959.430641
2959.458979
2959.473883
2959.477019
2959.483104
2959.484937
2959.50155
2959.513116
2959.553828
2959.563901
2959.576784
2959.616617
2959.631967
2959.641879
2959.681695
2959.717222
2959.730307
2959.771856
2959.795446
2959.820034
2959.821866
2959.826745
2959.841919
2959.872994
2959.938822
2959.966634
2959.971741
2959.988649
2960.025382
2960.047493
2960.056363
2960.071158
2960.125338
2960.137157
2960.17391
2960.20482
2960.216123
2960.220644
2960.23485
2960.250976
2960.305346
2960.337497
2960.381947
2960.429019
2960.475082
2960.504985
2960.523462
2960.53567
2960.542593
2960.569674
2960.584029
2960.59549
2960.600813
2960.627697
2960.638033
2960.642835
2960.65917
2960.697906
2960.700688
2960.706537
2960.707459
2960.731171
2960.756999
2960.789062
2960.822023
2960.822081
2960.828484
2960.867644
2960.871956
2960.880831
2960.883435
2960.936127
2960.98971
2961.021162
2961.052708
2961.082805
2961.10958
2961.123003
2961.133498
2961.134007
2961.24566
2961.269368
2961.302642
2961.363015
2961.401424
2961.439548
2961.474145
2961.511761
2961.531563
2961.562147
2961.57018
2961.61616
2961.678868
2961.682571
2961.703367
2961.715278
2961.720302
2961.724165
2961.726941
2961.728609
2961.740333
2961.775039
2961.844384
2961.865823
2961.868209
2961.891341
2961.932205
2961.933981
2961.943482
2961.959318
2962.053896
2962.110508
2962.113248
2962.159584
2962.170602
2962.183356
2962.25036
2962.261463
2962.384035
2962.421119
2962.446647
2962.516092
2962.58535
2962.588849
2962.604765
2962.606916
2962.645841
2962.649792
2962.678266
2962.702559
2962.723122
2962.739484
2962.779235
2962.789899
2962.795053
2962.79562
2962.797148
2962.799366
2962.849793
2962.861606
2962.890364
2963.013086
2963.053173
2963.069294
2963.165099
2963.22763
2963.243967
2963.291371
2963.330293
2963.338273
2963.338719
2963.35717
2963.360917
2963.477521
2963.557844
2963.56858
2963.64342
2963.704698
2963.738919
2963.771042
2963.81312
2963.818483
2963.887909
2963.94111
2963.970938
2964.024348
2964.042256
2964.048515
2964.120123
2964.153429
2964.166916
2964.200278
2964.2004
2964.212414
2964.227088
2964.310934
2964.350884
2964.492078
2964.509759
2964.518952
2964.566601
2964.596874
2964.611676
2964.625264
2964.729309
2964.762855
2964.78122
2964.794633
2964.798062
2964.827177
2964.943489
2965.04714
2965.075337
2965.077907
2965.079493
2965.101057
2965.107211
2965.1107
2965.142387
2965.143866
2965.196445
2965.237931
2965.265298
2965.281513
2965.310449
2965.352652
2965.39584
2965.488554
2965.510426
2965.531521
2965.557751
2965.562335
2965.736661
2965.752532
2965.806132
2965.834168
2965.837322
2965.856495
2965.897506
2965.911266
2965.973617
2966.013396
2966.033909
2966.035164
2966.044717
2966.072121
2966.13032
2966.139823
2966.177539
2966.177652
2966.215737
2966.282471
2966.312348
2966.357228
2966.379528
2966.392166
2966.417994
2966.426671
2966.433262
2966.441466
2966.451447
2966.49264
2966.504289
2966.517698
2966.559301
2966.580864
2966.620792
2966.719407
2966.792934
2966.798463
2966.802947
2966.808855
2966.857896
2966.883453
2966.893167
2966.894899
2966.898946
2966.907696
2966.947994
2966.980965
2967.006822
2967.008639
2967.06044
2967.070068
2967.143368
2967.143388
2967.224253
2967.226961
2967.230354
2967.268428
2967.337279
2967.356691
2967.413483
2967.423924
2967.442158
2967.467046
2967.50685
2967.525146
2967.649446
2967.662499
2967.713492
2967.747668
2967.766338
2967.791284
2967.794456
2967.850553
2967.867495
2967.945507
2967.956731
2967.957944
2967.988586
2968.002305
2968.006941
2968.043443
2968.045392
2968.047089
2968.059395
2968.097696
2968.125983
2968.146596
2968.176956
2968.202756
2968.297556
2968.306228
2968.309369
2968.317728
2968.327522
2968.329825
2968.502445
2968.570216
2968.570417
2968.61444
2968.692407
2968.699958
2968.707267
2968.711355
2968.735865
2968.846807
2968.889405
2968.89129
2968.927757
2968.949096
2968.994403
2969.000314
2969.177047
2969.181979
2969.233098
2969.233476
2969.260834
2969.26277
2969.355421
2969.46625
2969.588657
2969.618371
2969.618772
2969.634933
2969.697728
2969.780783
2969.81659
2969.819661
2969.820806
2969.861408
2969.872686
2969.946099
2969.952892
2969.984756
2970.019471
2970.021897
2970.036106
2970.053356
2970.089186
2970.104107
2970.139022
2970.154413
2970.18257
2970.18857
2970.189515
2970.240131
2970.307736
2970.35323
2970.376143
2970.386414
2970.460576
2970.508792
2970.508859
2970.591979
2970.63872
2970.689021
2970.696422
2970.783094
2970.79178
2970.804397
2970.819525
2970.853458
2970.904353
2970.930812
2970.936697
2970.941909
2970.974575
2970.97727
2970.983664
2971.045655
2971.13131
2971.144032
2971.148096
2971.160331
2971.318933
2971.34968
2971.37327
2971.458174
2971.468116
2971.517157
2971.525604
2971.545467
2971.63359
2971.639757
2971.668259
2971.698125
2971.717253
2971.728675
2971.763815
2971.806456
2971.806704
2971.845807
2971.899056
2971.937081
2971.937712
2971.945493
2971.95754
2971.97869
2971.992538
2972.053055
2972.065291
2972.070622
2972.084569
2972.09636
2972.177995
2972.23192
2972.249434
2972.291584
2972.301845
2972.308156
2972.321643
2972.37484
2972.386652
2972.40441
2972.43041
2972.436141
2972.550332
2972.555502
2972.598791
2972.694304
2972.714413
2972.729377
2972.773209
2972.868572
2972.882097
2972.883764
2972.907482
2972.911654
2972.91656
2972.926119
2972.977607
2973.032602
2973.075162
2973.089938
2973.145433
2973.14751
2973.157623
2973.2488
2973.322704
2973.414832
2973.432572
2973.534966
2973.565923
2973.668455
2973.681269
2973.698562
2973.80428
2973.831983
2973.962901
2973.982059
2974.061938
2974.065923
2974.132129
2974.153167
2974.183643
2974.260087
2974.302535
2974.31517
2974.451665
2974.488854
2974.568564
2974.577686
2974.585023
2974.590799
2974.763931
2974.783107
2974.872673
2974.878959
2974.881159
2974.892161
2974.956335
2974.981031
2975.010176
2975.044047
2975.076424
2975.113633
2975.187912
2975.192453
2975.208018
2975.224718
2975.257488
2975.336079
2975.366997
2975.392437
2975.438758
2975.498814
2975.505937
2975.506213
2975.578189
2975.596057
2975.612323
2975.652416
2975.694563
2975.69683
2975.78992
2975.881787
2976.053413
2976.065308
2976.12196
2976.221156
2976.226402
2976.227248
2976.230391
2976.240404
2976.261528
2976.2743
2976.319188
2976.435256
2976.450967
2976.482989
2976.531666
2976.53372
2976.5738
2976.596702
2976.631981
2976.660354
2976.696563
2976.725746
2976.811188
2976.851636
2976.876933
2976.899017
2976.927346
2976.957208
2976.966292
2976.979092
2976.983771
2976.984464
2977.021653
2977.083681
2977.086098
2977.131737
2977.140089
2977.140779
2977.157722
2977.284077
2977.372338
2977.508611
2977.514907
2977.544935
2977.571008
2977.634715
2977.676089
2977.677977
2977.691337
2977.739577
2977.798746
2977.857817
2977.871974
2977.95042
2978.017569
2978.051527
2978.05901
2978.110466
2978.143913
2978.170654
2978.198417
2978.208681
2978.215799
2978.26167
2978.28223
2978.333637
2978.361125
2978.363783
2978.39228
2978.398149
2978.446962
2978.477993
2978.480327
2978.570142
2978.571143
2978.603942
2978.621769
2978.634358
2978.651408
2978.682196
2978.693677
2978.843103
2978.910872
2978.989334
2979.07059
2979.108298
2979.533401
2979.557248
2979.63119
2979.637819
2979.708813
2979.770262
2979.787352
2979.839981
2979.857913
2979.872496
2979.896202
2979.920576
2979.938952
2979.963554
2980.000075
2980.026921
2980.097065
2980.139302
2980.176267
2980.280227
2980.302216
2980.32317
2980.326882
2980.387216
2980.3939
2980.398479
2980.421521
2980.457729
2980.465696
2980.536319
2980.59679
2980.667901
2980.695888
2980.716596
2980.718982
2980.742244
2980.775129
2980.926508
2980.933008
2981.007876
2981.038433
2981.102871
2981.218386
2981.235157
2981.248061
2981.274461
2981.312422
2981.321335
2981.328527
2981.333199
2981.35083
2981.420544
2981.426523
2981.435145
2981.479162
2981.49557
2981.520687
2981.526702
2981.567744
2981.584393
2981.751003
2981.782032
2981.805112
2981.893919
2981.962741
2982.017021
2982.057938
2982.073022
2982.082337
2982.100373
2982.186522
2982.257344
2982.257819
2982.286727
2982.386737
2982.389991
2982.42206
2982.51841
2982.527892
2982.54772
2982.555168
2982.605248
2982.635399
2982.72754
2982.73958
2982.743919
2982.77253
2982.783358
2982.784892
2982.792171
2982.90058
2982.90406
2982.973504
2983.086626
2983.0903
2983.130903
2983.179717
2983.192744
2983.24189
2983.262765
2983.274152
2983.298802
2983.314985
2983.412825
2983.431837
2983.471822
2983.489354
2983.507873
2983.545261
2983.576295
2983.599038
2983.715038
2983.731913
2983.754807
2983.852807
2983.872016
2984.044279
2984.148569
2984.15131
2984.176894
2984.286468
2984.306771
2984.373993
2984.403024
2984.421916
2984.484787
2984.548568
2984.573562
2984.633701
2984.813356
2984.833725
2984.842441
2984.84333
2984.875193
2984.941307
2984.97173
2984.988797
2985.019306
2985.049213
2985.051137
2985.082286
2985.108053
2985.173973
2985.25063
2985.272321
2985.305188
2985.324406
2985.377404
2985.389312
2985.415816
2985.498296
2985.501203
2985.562186
2985.5674
2985.588455
2985.665291
2985.689138
2985.766159
2985.788717
2985.804257
2985.816902
2985.912911
2985.935773
2986.056966
2986.067206
2986.098607
2986.132002
2986.133595
2986.231526
2986.238815
2986.253423
2986.279397
2986.311134
2986.317391
2986.33023
2986.406534
2986.487342
2986.569759
2986.650513
2986.679075
2986.688563
2986.74281
2986.752892
2986.784039
2986.797476
2987.097854
2987.136288
2987.222314
2987.228677
2987.30698
2987.319356
2987.320353
2987.331009
2987.340414
2987.342897
2987.487034
2987.566278
2987.62929
2987.670051
2987.710377
2987.783146
2987.870331
2987.971171
2987.985528
2987.989173
2988.093552
2988.204582
2988.246819
2988.324678
2988.339706
2988.382051
2988.405377
2988.42334
2988.497973
2988.501362
2988.508997
2988.697272
2988.702823
2988.796436
2988.808553
2988.810102
2988.889356
2988.990294
2989.018069
2989.060478
2989.101956
2989.113972
2989.123129
2989.150683
2989.169517
2989.201159
2989.202621
2989.265403
2989.269873
2989.301785
2989.396302
2989.438766
2989.541981
2989.719429
2989.725079
2989.725185
2989.739966
2989.774261
2989.79816
2989.838673
2989.857562
2989.872396
2989.873887
2989.89535
2989.8983
2989.936241
2990.056567
2990.172342
2990.261991
2990.275942
2990.333915
2990.375693
2990.381148
2990.495838
2990.507445
2990.533971
2990.553253
2990.555606
2990.558667
2990.599928
2990.665783
2990.68067
2990.717683
2990.730559
2990.782238
2990.793538
2990.798706
2990.803572
2990.830401
2990.840115
2990.849406
2990.86137
2990.889421
2991.080087
2991.104058
2991.189484
2991.289842
2991.290024
2991.295435
2991.47006
2991.573386
2991.622696
2991.627066
2991.686886
2991.732747
2991.7645
2991.793064
2991.847091
2992.11039
2992.14495
2992.173391
2992.259531
2992.28513
2992.406538
2992.429294
2992.583963
2992.738515
2992.858314
2992.859588
2993.066855
2993.103076
2993.11865
2993.125493
2993.200374
2993.248087
2993.266975
2993.272366
2993.389492
2993.401487
2993.498232
2993.501433
2993.60404
2993.62912
2993.641534
2993.653572
2993.721758
2993.724645
2993.786038
2993.802558
2993.838784
2993.896442
2993.899969
2993.919951
2993.937116
2993.937155
2993.974741
2994.065158
2994.075025
2994.16213
2994.199308
2994.27298
2994.328753
2994.330604
2994.484155
2994.581924
2994.659783
2994.680673
2994.780797
2994.827138
2994.833907
2994.890023
2994.923844
2995.056214
2995.122376
2995.128157
2995.140658
2995.15571
2995.169652
2995.178135
2995.200125
2995.249053
2995.46843
2995.514043
2995.646037
2995.710577
2995.81014
2995.873897
2995.917453
2995.928475
2996.067966
2996.149032
2996.19172
2996.204536
2996.233083
2996.321918
2996.463162
2996.500358
2996.525575
2996.530947
2996.615347
2996.765888
2996.834881
2996.903505
2996.930688
2996.975513
2997.02229
2997.219452
2997.318233
2997.376323
2997.380066
2997.409851
2997.434122
2997.445855
2997.510644
2997.518402
2997.533962
2997.546517
2997.562035
2997.595575
2997.639835
2997.652615
2997.669732
2997.739277
2997.767176
2997.800411
2997.802201
2997.847188
2997.880693
2997.885361
2998.012299
2998.029263
2998.138734
2998.214405
2998.289548
2998.291963
2998.509483
2998.590468
2998.603239
2998.762274
2998.764522
2998.855598
2999.038444
2999.055648
2999.095708
2999.179479
2999.187516
2999.210035
2999.212021
2999.248857
2999.270717
2999.391538
2999.477369
2999.551277
2999.65755
2999.743204
2999.781119
2999.78635
3000.052969
3000.208894
3000.292835
3000.372619
3000.396257
3000.44905
3000.510668
3000.661645
3000.819507
3000.822414
3000.852537
3000.887257
3001.033703
3001.199324
3001.211034
3001.303971
3001.340612
3001.395868
3001.468061
3001.504948
3001.519881
3001.532081
3001.677456
3001.754025
3001.793032
3001.921128
3002.1027
3002.157402
3002.286203
3002.311339
3002.413928
3002.453428
3002.459389
3002.472669
3002.512439
3002.551298
3002.607038
3002.653134
3002.729186
3002.819753
3002.846839
3002.923566
3002.969194
3003.045732
3003.074179
3003.224626
3003.2663
3003.30869
3003.39212
3003.52867
3003.532346
3003.581177
3003.595956
3003.659129
3003.703893
3003.705239
3003.77276
3003.934071
3004.180496
3004.192311
3004.267156
3004.432917
3004.461582
3004.517995
3004.696424
3004.73842
3004.754929
3004.966737
3005.009113
3005.113898
3005.137292
3005.138551
3005.186521
3005.218098
3005.265566
3005.299946
3005.337439
3005.357531
3005.369352
3005.404188
3005.465509
3005.514769
3005.524285
3005.543823
3005.547696
3005.548196
3005.548262
3005.664411
3005.679127
3005.846777
3006.106391
3006.156855
3006.179065
3006.28044
3006.289216
3006.327137
3006.573398
3006.649675
3006.730957
3006.765024
3006.924872
3006.931114
3006.977201
3006.985694
3007.104432
3007.190356
3007.260616
3007.266614
3007.400702
3007.504123
3007.509979
3007.534551
3007.657121
3007.69998
3007.853872
3007.909738
3007.911849
3007.928883
3008.051314
3008.098484
3008.135711
3008.139595
3008.148344
3008.338793
3008.341227
3008.443943
3008.482659
3008.513637
3008.540649
3008.575225
3008.610086
3008.665929
3008.743026
3008.773097
3008.847542
3008.966391
3008.970667
3009.036852
3009.077239
3009.094655
3009.133861
3009.220495
3009.255161
3009.259986
3009.283823
3009.344323
3009.360032
3009.402652
3009.454161
3009.482805
3009.49139
3009.492953
3009.494563
3009.527483
3009.591295
3009.70847
3009.826741
3009.832081
3009.85393
3009.950171
3010.014109
3010.103756
3010.125831
3010.181985
3010.257197
3010.393416
3010.44635
3010.467679
3010.479483
3010.484535
3010.489971
3010.508617
3010.530926
3010.557361
3010.696364
3010.736592
3010.763162
3010.76322
3010.77234
3010.798237
3010.808965
3010.830752
3011.004674
3011.035311
3011.050198
3011.076271
3011.122568
3011.125263
3011.128538
3011.261706
3011.375746
3011.442532
3011.54334
3011.558389
3011.577662
3011.644842
3011.645151
3011.646216
3011.669015
3011.812072
3012.110408
3012.290305
3012.318952
3012.328795
3012.331915
3012.405676
3012.445324
3012.558093
3012.818393
3012.840533
3012.860733
3012.913188
3013.052335
3013.081041
3013.092381
3013.155657
3013.21998
3013.245928
3013.349893
3013.377788
3013.4609
3013.506255
3013.567351
3013.590618
3013.744479
3013.744708
3013.800987
3013.863029
3013.902032
3013.939245
3013.998463
3014.041524
3014.056005
3014.155359
3014.251721
3014.314737
3014.338329
3014.445741
3014.585706
3014.600642
3014.688716
3014.923246
3014.951492
3014.980714
3015.141919
3015.229419
3015.435859
3015.440055
3015.488307
3015.502496
3015.511637
3015.538894
3015.618551
3015.651977
3015.708031
3015.826684
3015.890778
3015.898862
3015.988563
3016.033725
3016.057236
3016.086892
3016.1992
3016.226775
3016.250429
3016.271596
3016.356013
3016.383716
3016.52065
3016.525921
3016.566486
3016.71148
3016.764683
3016.788174
3016.839862
3016.90502
3017.050735
3017.082674
3017.143781
3017.301482
3017.474501
3017.496445
3017.539718
3017.587625
3017.649898
3017.696394
3017.92093
3017.932166
3017.986728
3018.309336
3018.329014
3018.44805
3018.4642
3018.464487
3018.513034
3018.517336
3018.52414
3018.645053
3018.701213
3018.7066
3018.796625
3018.811136
3018.881193
3018.893553
3018.93296
3019.07121
3019.222609
3019.33062
3019.35537
3019.400914
3019.464624
3019.578318
3019.67671
3019.699324
3019.803754
3019.873445
3019.911527
3019.990672
3020.012308
3020.027903
3020.349221
3020.418277
3020.42544
3020.530672
3020.580276
3020.622372
3020.685434
3020.728523
3020.90086
3021.028584
3021.039143
3021.04275
3021.181114
3021.266642
3021.304839
3021.395904
3021.502377
3021.565181
3021.6088
3021.662058
3021.703555
3021.729081
3021.77823
3021.785695
3021.812673
3021.867769
3021.876726
3021.89941
3021.952867
3022.089611
3022.101134
3022.153277
3022.159502
3022.160489
3022.274589
3022.296082
3022.364656
3022.413927
3022.55454
3022.643789
3022.919616
3023.048436
3023.083343
3023.100894
3023.261975
3023.329437
3023.514271
3023.720146
3023.755948
3023.779049
3023.842692
3023.959308
3023.994059
3024.042367
3024.28081
3024.414061
3024.490631
3024.600199
3024.650122
3024.832353
3024.867286
3024.8827
3025.035707
3025.056453
3025.060785
3025.062626
3025.068774
3025.380472
3025.401081
3025.462614
3025.514296
3025.635288
3025.748845
3025.814666
3025.860168
3025.985008
3026.025084
3026.067171
3026.314307
3026.366135
3026.376742
3026.604117
3026.6569
3026.735951
3026.893572
3026.929515
3027.07873
3027.08854
3027.089671
3027.163584
3027.22382
3027.411918
3027.783951
3027.799816
3027.967454
3028.094935
3028.181888
3028.243917
3028.253847
3028.263031
3028.3181
3028.416714
3028.432459
3028.501369
3028.553097
3028.67108
3028.919165
3029.070129
3029.139892
3029.209223
3029.255176
3029.271953
3029.314806
3029.368714
3029.503913
3029.577944
3029.608551
3029.793175
3029.796527
3029.977759
3030.010627
3030.040864
3030.071086
3030.099275
3030.156448
3030.17716
3030.204386
3030.24611
3030.253877
3030.520627
3030.82475
3031.012761
3031.149041
3031.232571
3031.244957
3031.246681
3031.321042
3031.563227
3031.640599
3031.672979
3031.767548
3031.771052
3032.017857
3032.044452
3032.077052
3032.081874
3032.254508
3032.266401
3032.267455
3032.350324
3032.367524
3032.399883
3032.475404
3032.488999
3032.625896
3032.754792
3033.04185
3033.082618
3033.270062
3033.359588
3033.447955
3033.516613
3033.577354
3033.589894
3033.660971
3033.667547
3033.672261
3033.697722
3033.731981
3033.752335
3033.755205
3034.066568
3034.13482
3034.137384
3034.215417
3034.305965
3034.338158
3034.463077
3034.57293
3034.664986
3034.949852
3035.088026
3035.468903
3035.588534
3035.645276
3035.672618
3035.800172
3035.80244
3035.876461
3035.889904
3035.896129
3035.952961
3036.079526
3036.111346
3036.181033
3036.390412
3036.508432
3036.559966
3036.631823
3036.703061
3036.775194
3036.927291
3036.950784
3037.005292
3037.018259
3037.278412
3037.415154
3037.431913
3037.495728
3037.726299
3037.830729
3037.901756
3037.911574
3037.971561
3038.122056
3038.375122
3038.493068
3038.544991
3038.599173
3038.643287
3038.972028
3039.031867
3039.071219
3039.114038
3039.119406
3039.171137
3039.234383
3039.274512
3039.3277
3039.331527
3039.648373
3039.657355
3039.87943
3039.925748
3040.165172
3040.216728
3040.331912
3040.40171
3040.414165
3040.620442
3040.656257
3040.664061
3040.691461
3040.788849
3040.820064
3040.875656
3041.083761
3041.1472
3041.199159
3041.313326
3041.557127
3041.791759
3041.812735
3041.956072
3042.048373
3042.161318
3042.451601
3042.493267
3042.624612
3042.638106
3042.824265
3042.824674
3043.145908
3043.214238
3043.230755
3043.245018
3043.311315
3043.390106
3043.402022
3043.490437
3043.504328
3043.800011
3043.932946
3044.028713
3044.034539
3044.517877
3044.814851
3044.866447
3045.000087
3045.114825
3045.435093
3045.441197
3045.486337
3045.676239
3045.712011
3045.715467
3045.732686
3045.742623
3045.788744
3045.933624
3046.202252
3046.243177
3046.249941
3046.294552
3046.520228
3046.704918
3046.73857
3046.800262
3046.847607
3046.891948
3047.316022
3047.452878
3047.651237
3047.847924
3047.986254
3048.022129
3048.120025
3048.13958
3048.213165
3048.259041
3048.353546
3048.436339
3048.581888
3048.781133
3048.925248
3049.152863
3049.332259
3049.480089
3049.687879
3049.926135
3049.999867
3050.061718
3050.174111
3050.222035
3050.282525
3050.461462
3050.581498
3050.71698
3050.745146
3050.937695
3050.980733
3051.008229
3051.168208
3051.359575
3051.879821
3052.29576
3052.30143
3052.574046
3052.744612
3052.803874
3052.816369
3052.904169
3053.026034
3053.073699
3053.196875
3053.395016
3053.614113
3053.89729
3054.230562
3054.295874
3054.418162
3054.458475
3054.679438
3054.68921
3054.867439
3054.879313
3054.901609
3055.224632
3055.278398
3055.506496
3055.560125
3055.65647
3055.816379
3055.838837
3055.88345
3055.929747
3056.021183
3056.061807
3056.068453
3056.220635
3056.235114
3056.284951
3056.392598
3056.465464
3056.623329
3056.649173
3056.84986
3056.995572
3057.030919
3057.117308
3057.258126
3057.372638
3057.383379
3057.483257
3057.593892
3057.752697
3058.589291
3058.95442
3059.005879
3059.02602
3059.05195
3059.099046
3059.17863
3059.297483
3059.837415
3059.92398
3060.011619
3060.019594
3060.165953
3060.27504
3060.539935
3060.643386
3060.91058
3060.920704
3060.961542
3061.154904
3061.563015
3061.630808
3061.904631
3061.971469
3062.306605
3062.366947
3062.436133
3062.512029
3062.558247
3062.673227
3062.774393
3062.788749
3063.45608
3063.656596
3063.816538
3063.886797
3063.948321
3063.984523
3064.281213
3064.825277
3064.882928
3065.004343
3065.436211
3065.504227
3065.675103
3065.689074
3065.762903
3065.94059
3065.964105
3066.279689
3066.36517
3066.653671
3066.852445
3066.902948
3066.951735
3067.079868
3067.297432
3067.484967
3067.517782
3067.551864
3067.582167
3067.638877
3067.653841
3067.772456
3067.943446
3068.068481
3068.145337
3068.154999
3068.324018
3068.4326
3068.780149
3068.794036
3068.813589
3068.833372
3068.875727
3068.911631
3068.987466
3069.178123
3069.281663
3069.291314
3070.160907
3070.686909
3070.724009
3071.066434
3071.315428
3071.329833
3071.46944
3071.536701
3071.72414
3071.793964
3071.854671
3071.967547
3072.371914
3072.377564
3073.071243
3073.192962
3073.197435
3073.327551
3073.496871
3073.672003
3074.01385
3074.032278
3074.05574
3074.200935
3074.674259
3075.933962
3075.951473
3075.990283
3076.025005
3076.044106
3076.177585
3076.222254
3076.233959
3076.535655
3076.656982
3077.631461
3077.701743
3077.8973
3077.936155
3078.415954
3078.742264
3079.265532
3079.444676
3079.945793
3079.985731
3080.124921
3080.347622
3080.518291
3081.038557
3081.087879
3081.469458
3081.788479
3081.930099
3081.935859
3082.022682
3082.191251
3082.465471
3082.554818
3082.777383
3083.2215
3083.250085
3083.351755
3083.586277
3083.610163
3083.886707
3084.073004
3084.127598
3084.491292
3084.504209
3084.60712
3084.690402
3084.749488
3084.75193
3084.768876
3084.808337
3085.421268
3085.471059
3085.515881
3086.372008
3086.857726
3086.890399
3087.154972
3087.634388
3087.650655
3088.093428
3088.374851
3088.808612
3088.879734
3088.9257
3089.045864
3089.397538
3089.480827
3089.493856
3089.726231
3090.123479
3090.542948
3090.574591
3091.253996
3091.444084
3091.61215
3091.971477
3092.325249
3092.385066
3093.105597
3093.176187
3093.241664
3093.279179
3093.399214
3093.487001
3093.670304
3093.742842
3094.536919
3094.537034
3094.685327
3095.274578
3095.569986
3095.77562
3095.862199
3096.443244
3096.589607
3096.775343
3096.910567
3096.961872
3097.031975
3097.304144
3097.312342
3097.529444
3097.559116
3097.618695
3097.677029
3097.689358
3097.894547
3098.195685
3098.38517
3098.628995
3098.644642
3098.760854
3098.872322
3099.114461
3099.287827
3099.63748
3099.891156
3099.953292
3099.974045
3099.998996
3100.030406
3100.065036
3100.229085
3100.367473
3100.489471
3100.681619
3100.879535
3101.064551
3101.188303
3101.26262
3101.490998
3101.515201
3101.542812
3102.298878
3102.810766
3102.99806
3103.210384
3103.242568
3103.417613
3103.546574
3103.94455
3104.113979
3104.143436
3104.152276
3104.436179
3104.501992
3104.972541
3105.009303
3105.356033
3105.595096
3105.857339
3106.358263
3106.385968
3106.607853
3106.806229
3106.896035
3106.995764
3107.600496
3107.943115
3108.067729
3108.509047
3108.509337
3108.676733
3110.007685
3110.318372
3110.540401
3110.875752
3110.947282
3111.341826
3112.004462
3112.125494
3112.541114
3112.614207
3112.623196
3112.919845
3113.164057
3113.751677
3113.999911
3114.089805
3114.179283
3114.640011
3114.673143
3114.88998
3114.979814
3115.035308
3115.097009
3115.175449
3115.829668
3116.013764
3116.04294
3116.749961
3116.909106
3116.941412
3117.055823
3117.178303
3118.039888
3118.571719
3118.712148
3118.718411
3118.762359
3118.778073
3119.113492
3119.16261
3120.062846
3120.211814
3120.604953
3120.631386
3120.646563
3121.399801
3121.716381
3122.014193
3122.081738
3122.218504
3122.704012
3123.093079
3123.878155
3123.916641
3124.350785
3124.386596
3124.779717
3124.80424
3125.286481
3125.338675
3125.585132
3125.879568
3126.311672
3126.341027
3126.610873
3126.662393
3127.294585
3127.47594
3127.479362
3127.701844
3127.828896
3127.882281
3127.989874
3128.191205
3128.231665
3128.803024
3129.257844
3129.272572
3129.324251
3129.793356
3130.070302
3130.400234
3130.426668
3131.393309
3131.403906
3131.46677
3131.683694
3131.805307
3132.706554
3132.72709
3133.0478
3133.093132
3133.105633
3133.115884
3133.130991
3133.48555
3133.53288
3133.615893
3133.749544
3133.750222
3134.048601
3134.210021
3134.306155
3134.621672
3135.084748
3135.130327
3135.131633
3135.158209
3135.380529
3135.523367
3135.681121
3135.700164
3136.048333
3136.512917
3136.778503
3137.521232
3137.839147
3138.513379
3139.082884
3139.256288
3139.936363
3140.260579
3141.451173
3142.990235
3143.16072
3143.810405
3144.276237
3145.09469
3145.477508
3145.517792
3146.548048
3147.008085
3147.122496
3147.306184
3147.45832
3147.846505
3147.930689
3148.007463
3148.190905
3148.491015
3148.511744
3148.52334
3149.167466
3150.280107
3150.314355
3150.468931
3151.241048
3151.329606
3151.741272
3152.249283
3152.288058
3152.475914
3152.527053
3153.338684
3153.581673
3153.719592
3153.841689
3154.01566
3154.579191
3154.808091
3154.881502
3155.413571
3155.82614
3156.108363
3156.108514
3156.150614
3156.185591
3157.049984
3157.209411
3157.534362
3158.298084
3158.692493
3158.755357
3158.773204
3158.933744
3159.257481
3159.28172
3159.409096
3159.714335
3159.740644
3160.554943
3160.626794
3160.65613
3161.506117
3161.523759
3161.621508
3161.750704
3161.808094
3162.051094
3162.211191
3162.331787
3162.436759
3162.91708
3163.033782
3163.619719
3164.683632
3164.951391
3165.158338
3165.219002
3165.428961
3165.728655
3167.433469
3168.118403
3168.246478
3168.505899
3168.665294
3168.737834
3169.132679
3169.720614
3170.058639
3170.13302
3170.4069
3170.570129
3170.758968
3170.814008
3171.501982
3171.618119
3172.757521
3172.843115
3173.306888
3173.387549
3173.651828
3173.781259
3175.675032
3176.151706
3176.519168
3176.528565
3176.796658
3176.871205
3176.986671
3177.460419
3177.984869
3178.862213
3178.915585
3179.174966
3179.303595
3179.474528
3179.669938
3179.792565
3180.101557
3180.505477
3180.714317
3180.726902
3181.442839
3181.508096
3182.233834
3183.600082
3184.788173
3184.893804
3184.937149
3185.493943
3185.652656
3186.209361
3187.097774
3187.784583
3188.33347
3188.499974
3190.038851
3190.262409
3190.390327
3191.909455
3192.588925
3192.739403
3192.75989
3193.185793
3193.695035
3193.697216
3193.910807
3194.843825
3195.157371
3195.349112
3195.838635
3197.607974
3197.626725
3197.654337
3199.031531
3199.069606
3199.220144
3200.059451
3200.403324
3200.544226
3201.115956
3201.224288
3202.419983
3202.517175
3202.650167
3203.375296
3204.714769
3204.982155
3205.543063
3205.557389
3206.087432
3206.263392
3206.44446
3206.620553
3210.080781
3210.175307
3210.47557
3210.689237
3211.967506
3212.06884
3212.310159
3213.264255
3213.877227
3213.998181
3216.316153
3217.522594
3217.939313
3217.942699
3218.20824
3219.37813
3219.748139
3220.213913
3220.260367
3220.996162
3221.641895
3222.823578
3223.089635
3224.931005
3225.044771
3225.774705
3226.086885
3227.357583
3227.704068
3228.068578
3228.206223
3228.574136
3229.547918
3231.202816
3231.603324
3232.798416
3233.103765
3233.139657
3233.552467
3234.267686
3234.306545
3234.420254
3235.897606
3236.477434
3238.309123
3239.397647
3239.408903
3239.867234
3240.311691
3240.854306
3240.970773
3241.066211
3241.29732
3243.038951
3243.595876
3244.046811
3244.067353
3244.144912
3244.246733
3244.422424
3245.761194
3246.143631
3246.880309
3247.138141
3247.25841
3247.636141
3247.810139
3248.985504
3249.042257
3249.143728
3249.923193
3250.417314
3250.605474
3251.020956
3252.095462
3254.298926
3257.942819
3259.045149
3259.838662
3260.091803
3260.10804
3261.166774
3261.302069
3261.510821
3261.525926
3261.651731
3261.68091
3262.083941
3265.048548
3265.443923
3266.157744
3266.85733
3267.1891
3268.335303
3268.889176
3269.484315
3269.781454
3272.494603
3273.409035
3273.824744
3276.645225
3278.928514
3279.728331
3279.795327
3281.889157
3281.918024
3282.270306
3282.620811
3282.877795
3283.998818
3285.523581
3285.659005
3285.834539
3289.290614
3289.748537
3291.380188
3291.845529
3292.022754
3292.317278
3295.180388
3295.743244
3295.99643
3296.56559
3297.226854
3297.902267
3300.715736
3301.588586
3301.735747
3304.80614
3305.535651
3306.349302
3307.338288
3308.439909
3309.328177
3316.307307
3316.608752
3317.724699
3318.793952
3322.852583
3323.414751
3323.492951
3325.010016
3328.560103
3329.040934
3329.628204
3330.083889
3331.387692
3332.330024
3338.564765
3338.798118
3340.767574
3346.117869
3346.186587
3347.414319
3350.394277
3354.989561
3355.033003
3358.581855
3360.48218
3361.912638
3363.427088
3363.982438
3369.17264
3370.193206
3373.180663
3384.571085
3386.128055
3404.459414
3414.083358
3415.34771
3418.749179
3424.979457
3426.293116
3438.92017
3447.193813
3462.20605
3466.979367
3472.909802
3483.366877
3495.443147
3585.316142
3753.020445
3769.182287
3848.167599
3941.23634
3943.52756
