1626.798304
1729.342439
1737.938168
2565.402832
2573.859823
2576.685395
2585.469662
2589.994789
2598.884472
2605.232337
2627.287875
2639.175886
2641.713685
2651.511614
2662.337248
2680.877846
2682.204723
2692.384078
2693.68323
2694.629587
2709.545382
2717.515323
2723.463256
2760.981019
2761.336281
2772.230799
2777.729884
2779.411746
2786.031672
2786.291537
2786.580703
2788.823595
2788.948874
2793.214843
2793.478495
2794.301165
2795.309539
2795.368447
2802.453506
2805.040283
2807.72774
2809.023886
2809.734299
2809.734428
2809.759527
2810.007337
2810.216465
2811.196244
2811.508895
2811.760724
2811.837905
2812.409257
2812.541315
2812.778664
2813.854216
2813.987324
2814.354902
2815.297139
2815.677868
2816.131899
2816.302278
2816.668948
2818.112412
2818.903957
2819.776543
2820.973602
2821.647126
2821.719603
2821.729227
2821.82194
2822.172165
2822.529552
2823.905961
2824.333503
2824.577653
2824.578838
2824.897684
2825.563477
2825.606224
2825.834119
2826.348353
2826.75271
2827.220936
2827.531946
2827.543866
2827.547743
2827.571051
2827.631369
2827.722371
2827.881856
2828.280722
2829.090242
2829.11195
2829.593944
2830.270977
2830.908482
2831.215615
2831.3012
2831.341015
2831.364947
2831.41226
2831.414162
2831.464922
2831.524822
2831.573749
2831.599009
2831.892806
2832.026583
2832.271415
2832.802784
2832.963793
2833.785372
2834.046723
2834.359259
2834.430959
2834.472806
2834.519416
2834.922391
2834.999836
2835.298611
2835.425434
2835.429522
2835.859866
2836.073847
2836.131406
2836.134162
2836.636637
2837.40369
2837.550799
2837.634656
2837.739956
2838.069385
2838.134991
2838.152529
2838.288415
2838.321838
2838.819244
2839.473854
2840.566362
2840.584504
2840.606423
2840.711615
2840.969348
2841.424547
2841.787643
2841.836513
2841.893517
2842.568287
2842.664524
2842.739485
2842.832712
2842.867395
2842.99443
2843.280452
2843.351267
2843.947723
2844.043706
2844.075856
2844.153866
2844.35636
2844.358014
2844.649547
2844.924374
2844.936768
2845.007589
2845.022584
2845.270555
2845.48746
2845.719864
2846.200708
2846.323943
2846.478778
2846.550199
2846.581764
2846.800733
2846.849297
2846.902437
2847.111769
2847.549082
2847.596117
2847.6549
2847.784259
2848.143465
2848.262611
2848.281385
2849.383563
2849.564406
2849.657287
2849.753186
2849.999281
2850.037542
2850.107453
2850.155594
2850.169074
2850.228121
2850.341607
2850.523465
2850.792741
2850.880666
2851.103998
2851.132728
2851.237617
2851.246751
2851.424989
2851.864565
2852.040182
2852.226775
2852.364623
2852.515091
2852.688449
2852.825686
2853.022184
2853.025849
2853.093181
2853.226196
2853.486122
2853.575706
2853.639767
2854.113383
2854.289467
2854.29941
2854.590938
2854.595974
2854.756627
2855.87599
2855.935784
2855.975061
2855.998375
2856.280857
2856.375232
2856.483829
2856.636102
2856.651958
2857.039248
2857.237784
2857.335765
2857.365433
2857.404185
2857.508845
2857.538693
2857.684575
2857.800273
2858.682714
2858.825625
2859.128468
2859.185501
2859.246456
2859.380126
2859.414459
2859.570662
2859.582848
2859.631712
2859.727673
2860.188886
2860.363992
2860.689415
2860.923248
2861.403749
2861.408242
2861.901273
2861.965344
2862.670925
2862.696999
2862.817662
2862.819548
2863.016039
2863.27985
2863.352479
2863.384549
2863.673423
2863.795242
2864.252283
2864.441612
2864.471324
2864.485419
2864.538542
2864.929062
2865.068008
2865.215748
2865.259768
2865.427809
2865.919012
2865.973274
2865.975466
2866.041136
2866.052029
2866.182138
2866.467016
2866.582612
2866.642865
2866.834373
2866.876988
2867.038941
2867.112958
2867.325744
2867.446114
2867.447076
2867.822895
2868.018586
2868.176605
2868.178713
2868.195543
2868.290997
2868.548647
2868.854387
2869.000485
2869.21598
2869.494194
2869.56813
2869.579288
2869.627675
2869.731329
2869.868326
2869.901626
2869.926774
2869.951765
2870.040099
2870.169141
2870.314203
2870.536437
2870.61303
2870.691603
2871.010499
2871.027751
2871.20192
2871.550717
2871.73373
2871.841143
2872.328275
2872.657491
2872.663496
2872.74087
2872.840332
2873.038259
2873.079355
2873.354937
2873.410834
2873.542394
2873.719486
2873.823915
2873.875008
2873.950625
2874.042369
2874.046063
2874.060719
2874.115688
2874.228813
2874.269567
2874.281664
2874.442884
2874.808428
2875.238234
2875.333064
2875.355982
2875.392998
2875.409525
2875.523798
2875.600202
2875.744573
2875.766458
2875.835726
2876.155002
2876.221603
2876.302242
2876.369452
2876.611393
2876.767174
2876.838613
2877.027243
2877.090969
2877.094414
2877.117249
2877.156562
2877.266
2877.297104
2877.300672
2877.426604
2877.432943
2877.486549
2877.487494
2877.523045
2877.542517
2877.76438
2877.924736
2878.228247
2878.296001
2878.320375
2878.379277
2878.550884
2878.569504
2878.705145
2878.887075
2878.943195
2879.06668
2879.105561
2879.158263
2879.174279
2879.311723
2879.478252
2879.641168
2879.695626
2879.720837
2879.763211
2879.849282
2879.963939
2879.984985
2880.009002
2880.021174
2880.038225
2880.141799
2880.217675
2880.226837
2880.382062
2880.471351
2880.538186
2880.573958
2880.717935
2880.718051
2880.831381
2880.843754
2880.947209
2881.100725
2881.179749
2881.211881
2881.219962
2881.278685
2881.450519
2881.471328
2881.533991
2881.564851
2881.71285
2881.86037
2881.884781
2882.027088
2882.04192
2882.091436
2882.18666
2882.27438
2882.295023
2882.472779
2882.528662
2882.559287
2882.652795
2882.664158
2882.82251
2882.849392
2882.946703
2882.957355
2882.982944
2883.001102
2883.003548
2883.045692
2883.247563
2883.444528
2883.478307
2883.518918
2883.5868
2883.655007
2883.725
2883.941886
2883.963612
2884.107181
2884.162158
2884.217569
2884.247189
2884.403732
2884.827581
2884.93
2884.933897
2885.116855
2885.135223
2885.241999
2885.59095
2885.709622
2885.780038
2885.965322
2885.984556
2886.029564
2886.03279
2886.062505
2886.128172
2886.158373
2886.175102
2886.234452
2886.257147
2886.275988
2886.308372
2886.359633
2886.407914
2886.45657
2886.458315
2886.51385
2886.578036
2886.66324
2886.70971
2886.756258
2886.769144
2886.769889
2886.794352
2886.838111
2886.925359
2886.958113
2887.426193
2887.431472
2887.5045
2887.522388
2887.553263
2887.570876
2887.658024
2887.663354
2887.786183
2887.908556
2887.909285
2887.981236
2888.07044
2888.144401
2888.292274
2888.331917
2888.373899
2888.392002
2888.468233
2888.47668
2888.48479
2888.585372
2888.615165
2888.72859
2888.901452
2888.942758
2889.061901
2889.098918
2889.198589
2889.212842
2889.236737
2889.348526
2889.455867
2889.519304
2889.617293
2889.632191
2889.767767
2889.767842
2889.898853
2890.169395
2890.170791
2890.287861
2890.423312
2890.432001
2890.437792
2890.652211
2890.696785
2890.802564
2890.853042
2890.905208
2890.955061
2891.064878
2891.070297
2891.19341
2891.259718
2891.262725
2891.270193
2891.410233
2891.482889
2891.545487
2891.548278
2891.656244
2891.659245
2891.757576
2891.81731
2891.822066
2892.00047
2892.014516
2892.029897
2892.030448
2892.033486
2892.060538
2892.066347
2892.175816
2892.209598
2892.253184
2892.314835
2892.332211
2892.545857
2892.616817
2892.627572
2892.637765
2892.799582
2892.809262
2892.833836
2892.851694
2893.059085
2893.211971
2893.238517
2893.318454
2893.363957
2893.36565
2893.395852
2893.40452
2893.442207
2893.460275
2893.546471
2893.557384
2893.559165
2893.615703
2893.697033
2893.93936
2893.973051
2894.024065
2894.065381
2894.175497
2894.28063
2894.418815
2894.550979
2894.600195
2894.632013
2894.821939
2894.825769
2894.92137
2894.927675
2895.024865
2895.161148
2895.196724
2895.299932
2895.354995
2895.393099
2895.402895
2895.407496
2895.582002
2895.703027
2895.705376
2895.733684
2895.751021
2895.876138
2895.876676
2896.00976
2896.043211
2896.154881
2896.196533
2896.247123
2896.334266
2896.358229
2896.363952
2896.370704
2896.386131
2896.399639
2896.41745
2896.417723
2896.550396
2896.577099
2896.636148
2896.644546
2896.644641
2896.645158
2896.728355
2896.932076
2896.935647
2896.955983
2897.040177
2897.051174
2897.069632
2897.157818
2897.220679
2897.227093
2897.320333
2897.379848
2897.38094
2897.423291
2897.454365
2897.48988
2897.577298
2897.611025
2897.616829
2897.722676
2897.778927
2897.781044
2897.790418
2897.872404
2897.902567
2898.005938
2898.228456
2898.233437
2898.236449
2898.358072
2898.374829
2898.432716
2898.501838
2898.528674
2898.598682
2898.642332
2898.645216
2898.661529
2898.751866
2898.920762
2899.011985
2899.043299
2899.044208
2899.070083
2899.193239
2899.287232
2899.376249
2899.659221
2899.68196
2899.703444
2899.733393
2899.749593
2899.798736
2899.815613
2899.888995
2899.949457
2899.952308
2899.95728
2899.962753
2900.010975
2900.053314
2900.092094
2900.471594
2900.518396
2900.579878
2900.692473
2900.980791
2900.990061
2901.092451
2901.096108
2901.233342
2901.242756
2901.268361
2901.355024
2901.409036
2901.410246
2901.474953
2901.537548
2901.546104
2901.547573
2901.629192
2901.695583
2901.865378
2901.894767
2901.904889
2901.940421
2901.940818
2902.020078
2902.030634
2902.033395
2902.058304
2902.071908
2902.118721
2902.12613
2902.130511
2902.151974
2902.158709
2902.249823
2902.308174
2902.348308
2902.40773
2902.449518
2902.45228
2902.485034
2902.507642
2902.624619
2902.711947
2902.748944
2902.856391
2902.863918
2902.907901
2902.909691
2902.948279
2903.140661
2903.252979
2903.26788
2903.405635
2903.421737
2903.429902
2903.449501
2903.455585
2903.525777
2903.578982
2903.840772
2904.00383
2904.135359
2904.14001
2904.198237
2904.208097
2904.255469
2904.45961
2904.481521
2904.485413
2904.549102
2904.563479
2904.614656
2904.846424
2904.864474
2904.935857
2904.978812
2905.027042
2905.029499
2905.044064
2905.249152
2905.333165
2905.434646
2905.460386
2905.475104
2905.54984
2905.574808
2905.634998
2905.65319
2905.705352
2905.740237
2905.754329
2905.806994
2905.85122
2905.864378
2905.975102
2906.041938
2906.116457
2906.129087
2906.175236
2906.220626
2906.249844
2906.27374
2906.303746
2906.374899
2906.485505
2906.519438
2906.605088
2906.756738
2906.964505
2907.020294
2907.069534
2907.076731
2907.101396
2907.205576
2907.236098
2907.296258
2907.301702
2907.309602
2907.35291
2907.355774
2907.411974
2907.412944
2907.42
2907.437352
2907.482025
2907.518705
2907.595944
2907.622379
2907.643081
2907.657205
2907.73731
2907.809995
2907.899228
2908.007772
2908.014047
2908.023949
2908.0615
2908.071074
2908.249884
2908.300512
2908.425712
2908.531971
2908.612378
2908.640053
2908.732651
2908.751453
2908.799146
2908.876795
2908.902775
2909.074818
2909.180797
2909.280208
2909.3216
2909.358565
2909.37571
2909.439798
2909.461972
2909.569677
2909.585892
2909.61474
2909.669152
2909.688981
2909.746757
2909.820541
2909.87378
2910.064941
2910.178197
2910.233272
2910.333865
2910.367123
2910.39475
2910.397163
2910.416523
2910.447746
2910.448579
2910.485482
2910.719934
2910.725601
2910.931628
2910.943004
2910.986071
2911.000621
2911.016125
2911.044995
2911.062765
2911.074106
2911.112339
2911.224383
2911.224686
2911.226964
2911.232481
2911.284124
2911.390938
2911.451576
2911.489391
2911.611209
2911.638235
2911.801127
2911.848864
2911.967541
2911.975662
2912.016681
2912.060697
2912.091926
2912.205152
2912.251221
2912.312155
2912.32301
2912.516072
2912.537175
2912.544861
2912.614269
2912.615026
2912.639076
2912.688395
2912.690789
2912.706377
2912.828733
2912.862538
2912.866492
2913.02582
2913.035196
2913.119425
2913.15333
2913.171904
2913.194333
2913.275096
2913.289164
2913.324009
2913.34354
2913.348788
2913.39997
2913.403138
2913.416976
2913.467266
2913.563539
2913.648315
2913.676164
2913.7532
2913.855439
2913.864455
2913.887507
2913.902106
2913.945261
2913.950845
2913.974289
2913.992017
2914.108277
2914.123323
2914.22335
2914.31351
2914.320131
2914.433921
2914.442187
2914.510171
2914.542015
2914.580399
2914.590583
2914.605725
2914.624198
2914.648532
2914.667471
2914.672143
2914.713744
2914.734952
2914.74578
2914.748781
2914.795234
2914.808751
2914.82359
2914.835549
2914.862243
2914.958362
2914.966436
2915.015532
2915.048678
2915.10692
2915.127078
2915.162097
2915.319897
2915.323366
2915.37034
2915.407357
2915.440092
2915.487518
2915.504369
2915.612515
2915.617531
2915.716003
2915.732927
2915.847892
2915.893197
2915.914586
2915.917496
2916.02893
2916.119049
2916.135627
2916.170391
2916.192537
2916.234605
2916.257164
2916.290393
2916.340793
2916.399483
2916.422531
2916.443456
2916.514688
2916.564958
2916.573816
2916.747587
2916.910652
2916.916813
2917.001467
2917.011753
2917.044869
2917.078398
2917.327063
2917.395462
2917.42564
2917.440758
2917.476131
2917.520051
2917.596222
2917.642327
2917.663644
2917.663936
2917.669831
2917.783387
2917.787422
2917.871297
2917.925647
2917.954077
2918.028863
2918.048279
2918.284339
2918.286646
2918.312506
2918.403204
2918.582777
2918.644456
2918.741568
2918.784918
2918.808764
2918.826396
2918.869545
2918.879209
2918.919863
2918.957099
2918.997865
2919.110845
2919.129539
2919.2855
2919.295722
2919.320284
2919.333258
2919.347548
2919.430203
2919.498034
2919.588312
2919.602316
2919.617474
2919.630635
2919.649867
2919.714198
2919.855782
2919.971959
2919.983078
2920.1139
2920.1158
2920.231863
2920.25195
2920.254496
2920.281952
2920.312705
2920.321815
2920.33371
2920.342695
2920.401698
2920.432523
2920.459515
2920.523572
2920.610369
2920.746126
2920.767113
2920.7804
2920.821737
2920.844735
2920.87287
2920.924107
2920.958102
2921.035727
2921.171618
2921.381113
2921.39605
2921.424341
2921.427808
2921.484666
2921.647387
2921.76458
2921.770046
2921.826295
2921.833388
2921.86354
2921.985001
2922.037661
2922.047406
2922.055581
2922.128769
2922.205926
2922.239064
2922.273709
2922.287197
2922.366404
2922.390685
2922.446527
2922.455403
2922.48497
2922.519292
2922.564552
2922.619711
2922.724906
2922.854337
2922.858556
2922.938251
2923.008092
2923.008289
2923.026392
2923.046736
2923.133454
2923.154815
2923.227965
2923.265719
2923.292092
2923.387919
2923.45191
2923.45777
2923.526334
2923.557353
2923.570393
2923.652144
2923.674818
2923.739342
2923.767856
2923.805457
2923.916652
2923.977942
2924.038781
2924.178939
2924.252623
2924.330626
2924.334279
2924.336327
2924.562669
2924.644516
2924.786337
2924.810135
2924.860633
2925.07239
2925.101682
2925.214078
2925.258054
2925.26537
2925.281262
2925.354219
2925.358252
2925.370648
2925.41538
2925.419895
2925.484467
2925.510117
2925.522988
2925.562546
2925.572995
2925.698215
2925.709431
2925.741534
2925.753391
2925.755112
2925.760046
2925.942929
2925.974583
2926.057856
2926.059535
2926.099381
2926.124888
2926.143946
2926.181499
2926.294362
2926.331773
2926.373792
2926.388052
2926.434686
2926.463483
2926.475265
2926.50184
2926.509912
2926.566739
2926.595093
2926.633257
2926.669139
2926.717384
2926.783328
2926.800122
2926.87923
2926.905004
2927.000631
2927.143711
2927.152896
2927.243112
2927.248885
2927.278086
2927.408679
2927.491568
2927.508934
2927.553011
2927.597245
2927.732861
2927.747046
2927.795705
2927.889899
2927.916684
2927.977743
2928.081871
2928.117094
2928.125022
2928.172935
2928.254249
2928.284072
2928.335553
2928.368135
2928.463225
2928.467101
2928.530605
2928.75899
2928.791411
2928.82248
2928.87011
2928.889811
2928.903379
2929.011459
2929.079158
2929.085094
2929.090414
2929.133907
2929.181027
2929.195697
2929.196591
2929.213336
2929.255345
2929.257523
2929.263747
2929.292079
2929.42209
2929.425309
2929.546538
2929.55657
2929.636039
2929.707559
2929.813387
2929.827598
2929.923407
2929.975301
2929.985089
2930.029838
2930.081658
2930.1419
2930.197958
2930.243428
2930.34092
2930.398678
2930.399839
2930.409495
2930.538038
2930.567899
2930.57127
2930.586251
2930.602702
2930.646202
2930.762903
2930.771052
2930.904478
2930.958719
2931.036497
2931.143784
2931.319832
2931.358146
2931.365481
2931.514195
2931.515252
2931.524473
2931.540816
2931.670412
2931.676157
2931.698764
2931.720918
2931.806662
2931.836125
2931.839179
2932.016132
2932.054114
2932.159828
2932.162503
2932.186747
2932.267424
2932.268295
2932.287223
2932.303102
2932.339298
2932.377081
2932.431473
2932.436048
2932.462107
2932.560661
2932.597754
2932.65169
2932.651982
2932.691586
2932.723913
2932.79209
2932.825707
2932.953454
2932.994419
2933.032167
2933.10573
2933.110522
2933.134001
2933.14632
2933.172666
2933.219463
2933.235481
2933.319411
2933.334184
2933.348069
2933.485084
2933.581208
2933.700756
2933.842152
2933.890567
2933.953269
2933.979372
2933.994995
2934.090725
2934.117375
2934.148273
2934.188669
2934.213275
2934.23559
2934.329437
2934.339286
2934.381184
2934.384905
2934.580045
2934.621898
2934.624076
2934.629839
2934.704407
2934.869093
2934.904337
2934.964494
2934.968665
2935.009884
2935.163975
2935.20891
2935.304361
2935.326005
2935.483454
2935.492711
2935.509775
2935.53817
2935.567812
2935.63013
2935.657108
2935.675248
2935.679825
2935.683082
2935.68636
2935.719014
2935.769012
2935.807689
2935.851103
2935.881526
2935.889469
2935.919154
2935.964964
2936.038926
2936.042188
2936.144134
2936.29188
2936.346362
2936.450136
2936.490954
2936.569637
2936.671066
2936.71235
2936.792047
2936.895741
2936.939898
2936.948371
2937.130846
2937.228997
2937.276473
2937.296981
2937.34181
2937.391148
2937.441927
2937.449801
2937.497517
2937.541107
2937.618386
2937.661643
2937.722493
2937.764573
2937.812528
2937.818747
2937.92064
2937.968775
2937.975358
2937.993201
2938.032577
2938.054717
2938.10997
2938.116886
2938.227587
2938.241981
2938.288129
2938.346884
2938.484087
2938.528077
2938.551139
2938.813963
2938.971711
2939.018994
2939.167293
2939.235178
2939.253731
2939.266856
2939.324276
2939.353877
2939.406605
2939.431814
2939.481427
2939.537621
2939.584215
2939.646267
2939.659669
2939.695333
2939.699597
2939.779862
2939.781973
2939.791211
2939.874796
2939.929716
2939.938662
2939.995312
2940.179798
2940.244186
2940.308466
2940.325399
2940.334227
2940.341265
2940.379871
2940.4513
2940.549088
2940.657167
2940.685471
2940.704287
2940.704485
2940.821696
2940.862994
2940.917757
2941.008745
2941.053714
2941.068546
2941.144437
2941.232934
2941.247149
2941.282205
2941.294349
2941.512775
2941.534346
2941.549809
2941.571239
2941.612495
2941.718706
2941.855551
2942.005247
2942.108314
2942.124601
2942.166604
2942.186016
2942.191389
2942.476192
2942.770761
2942.808562
2942.951111
2942.979334
2943.061421
2943.102345
2943.231041
2943.245866
2943.265865
2943.278762
2943.302866
2943.500943
2943.526758
2943.528928
2943.535445
2943.561752
2943.659869
2943.68859
2943.699104
2943.71403
2943.724016
2943.728232
2943.841551
2943.895786
2943.950711
2943.951041
2944.001548
2944.017384
2944.026086
2944.044442
2944.113022
2944.141508
2944.160392
2944.264281
2944.280169
2944.319105
2944.320896
2944.401414
2944.411891
2944.425974
2944.441818
2944.465243
2944.510998
2944.558436
2944.602152
2944.615576
2944.664311
2944.788184
2944.801373
2944.950751
2944.961622
2944.963831
2944.999897
2945.111376
2945.159284
2945.318006
2945.319488
2945.410305
2945.527931
2945.569095
2946.053783
2946.182834
2946.198814
2946.526937
2946.564052
2946.585845
2946.610582
2946.632813
2946.66346
2946.666611
2946.713415
2946.742742
2946.946028
2947.011351
2947.057666
2947.12045
2947.126672
2947.136521
2947.216276
2947.235889
2947.250201
2947.254982
2947.396086
2947.451299
2947.505673
2947.567867
2947.628525
2947.644385
2947.653922
2947.672688
2947.725647
2947.756944
2947.942872
2947.950232
2948.177674
2948.213732
2948.225652
2948.248864
2948.273166
2948.4092
2948.419376
2948.464798
2948.478178
2948.518051
2948.69505
2948.886111
2948.898601
2948.90197
2948.904242
2948.961395
2948.965992
2949.053242
2949.123806
2949.208449
2949.232349
2949.276464
2949.311681
2949.370359
2949.606733
2949.906584
2949.923105
2950.007998
2950.062902
2950.121559
2950.145793
2950.178982
2950.248398
2950.41273
2950.447824
2950.448812
2950.592763
2950.657884
2950.710095
2950.718711
2950.728553
2950.743548
2950.776504
2950.808336
2950.897186
2951.124602
2951.243943
2951.25716
2951.287419
2951.447323
2951.477889
2951.554118
2951.785107
2951.851445
2951.886554
2951.923906
2952.093712
2952.137868
2952.239524
2952.3034
2952.352325
2952.387137
2952.418921
2952.436948
2952.454987
2952.742558
2952.769787
2952.798707
2952.803084
2952.819658
2952.872225
2953.050045
2953.10909
2953.128361
2953.129397
2953.213401
2953.301837
2953.3266
2953.327319
2953.345866
2953.407718
2953.447486
2953.47925
2953.497965
2953.517506
2953.744626
2953.81182
2953.836746
2953.858692
2953.920518
2953.979197
2954.05378
2954.112053
2954.131253
2954.135511
2954.368573
2954.37119
2954.395826
2954.469956
2954.478267
2954.503244
2954.528893
2954.56024
2954.593263
2954.824374
2954.896802
2954.918291
2954.922523
2954.953394
2955.064267
2955.083423
2955.139701
2955.148859
2955.186826
2955.215879
2955.291075
2955.324745
2955.540314
2955.565131
2955.647986
2955.65461
2955.675402
2955.758213
2955.882259
2955.996342
2956.027459
2956.07224
2956.092739
2956.219675
2956.242426
2956.316942
2956.348289
2956.394172
2956.41549
2956.437936
2956.442254
2956.497452
2956.503726
2956.568485
2956.670705
2956.835883
2956.888048
2956.915296
2956.960454
2957.043768
2957.09828
2957.396974
2957.501783
2957.725927
2957.96006
2958.119483
2958.265883
2958.28033
2958.330255
2958.361687
2958.386865
2958.391282
2958.472926
2958.489814
2958.567824
2958.590823
2958.827221
2958.916677
2959.012856
2959.047388
2959.300149
2959.303938
2959.311044
2959.367277
2959.369408
2959.388148
2959.429884
2959.430641
2959.458979
2959.473883
2959.477019
2959.484937
2959.50155
2959.563901
2959.641879
2959.826745
2959.966634
2959.971741
2959.988649
2960.025382
2960.056363
2960.137157
2960.17391
2960.20482
2960.216123
2960.337497
2960.381947
2960.584029
2960.59549
2960.600813
2960.65917
2960.697906
2960.706537
2960.756999
2960.822023
2960.867644
2960.936127
2960.98971
2961.021162
2961.052708
2961.123003
2961.133498
2961.302642
2961.57018
2961.61616
2961.678868
2961.720302
2961.726941
2961.728609
2961.775039
2961.844384
2961.865823
2961.868209
2961.943482
2961.959318
2962.053896
2962.113248
2962.170602
2962.446647
2962.516092
2962.58535
2962.645841
2962.649792
2962.789899
2962.795053
2962.79562
2962.799366
2962.849793
2963.053173
2963.069294
2963.330293
2963.338719
2963.360917
2963.477521
2963.56858
2963.738919
2963.771042
2963.818483
2963.887909
2964.024348
2964.042256
2964.048515
2964.153429
2964.200278
2964.212414
2964.227088
2964.310934
2964.492078
2964.518952
2964.596874
2964.611676
2964.625264
2964.798062
2965.075337
2965.101057
2965.237931
2965.488554
2965.510426
2965.557751
2965.562335
2965.736661
2965.752532
2965.806132
2965.911266
2966.033909
2966.035164
2966.044717
2966.139823
2966.177539
2966.282471
2966.312348
2966.559301
2966.580864
2966.719407
2966.798463
2966.894899
2966.907696
2966.947994
2967.006822
2967.06044
2967.070068
2967.224253
2967.337279
2967.423924
2967.442158
2967.467046
2967.50685
2967.525146
2967.649446
2967.662499
2967.713492
2967.747668
2967.850553
2967.945507
2967.957944
2967.988586
2968.043443
2968.045392
2968.047089
2968.059395
2968.297556
2968.317728
2968.329825
2968.570216
2968.889405
2968.994403
2969.000314
2969.233476
2969.26277
2969.46625
2969.618371
2969.780783
2969.861408
2969.984756
2970.019471
2970.036106
2970.053356
2970.154413
2970.18257
2970.376143
2970.460576
2970.508792
2970.689021
2970.79178
2970.853458
2970.904353
2970.936697
2970.97727
2970.983664
2971.045655
2971.144032
2971.160331
2971.318933
2971.37327
2971.468116
2971.517157
2971.545467
2971.639757
2971.668259
2971.698125
2971.899056
2971.937081
2971.97869
2972.065291
2972.177995
2972.291584
2972.37484
2972.40441
2972.43041
2972.436141
2972.550332
2972.598791
2972.729377
2972.91656
2972.926119
2973.157623
2973.2488
2973.432572
2973.565923
2973.668455
2973.698562
2973.80428
2973.962901
2973.982059
2974.065923
2974.183643
2974.451665
2974.568564
2974.577686
2974.763931
2975.044047
2975.187912
2975.192453
2975.336079
2975.392437
2975.498814
2975.506213
2975.69683
2975.78992
2976.065308
2976.12196
2976.221156
2976.230391
2976.435256
2976.596702
2976.631981
2976.725746
2976.851636
2976.876933
2976.957208
2976.983771
2976.984464
2977.021653
2977.086098
2977.131737
2977.157722
2977.508611
2977.634715
2977.676089
2977.691337
2977.739577
2977.798746
2978.110466
2978.143913
2978.208681
2978.28223
2978.398149
2978.446962
2978.571143
2978.910872
2978.989334
2979.07059
2979.108298
2979.770262
2979.839981
2979.857913
2979.872496
2980.000075
2980.026921
2980.176267
2980.387216
2980.398479
2980.465696
2980.695888
2980.716596
2980.718982
2980.926508
2981.102871
2981.218386
2981.235157
2981.248061
2981.312422
2981.35083
2981.520687
2981.584393
2981.751003
2981.805112
2981.893919
2982.017021
2982.057938
2982.073022
2982.100373
2982.186522
2982.51841
2982.527892
2982.555168
2982.635399
2982.73958
2982.77253
2982.784892
2982.792171
2983.086626
2983.192744
2983.24189
2983.298802
2983.489354
2983.576295
2983.715038
2983.731913
2983.754807
2984.044279
2984.148569
2984.176894
2984.373993
2984.484787
2984.842441
2984.84333
2984.941307
2984.988797
2985.049213
2985.082286
2985.272321
2985.389312
2985.562186
2985.788717
2985.912911
2986.067206
2986.098607
2986.231526
2986.317391
2986.33023
2986.74281
2986.797476
2987.097854
2987.222314
2987.319356
2987.320353
2987.342897
2987.783146
2987.989173
2988.093552
2988.204582
2988.246819
2988.324678
2988.382051
2988.405377
2988.796436
2988.990294
2989.101956
2989.113972
2989.123129
2989.201159
2989.269873
2989.301785
2989.438766
2989.725079
2989.774261
2989.838673
2989.872396
2989.873887
2989.89535
2990.056567
2990.381148
2990.533971
2990.553253
2990.599928
2990.68067
2990.717683
2990.830401
2990.840115
2991.189484
2991.573386
2991.627066
2991.7645
2991.793064
2991.847091
2992.11039
2992.173391
2992.259531
2992.583963
2992.738515
2993.066855
2993.248087
2993.389492
2993.498232
2993.653572
2993.721758
2993.724645
2993.896442
2993.937155
2993.974741
2994.065158
2994.075025
2994.328753
2994.833907
2995.122376
2995.128157
2995.646037
2995.917453
2996.067966
2996.19172
2996.233083
2996.321918
2996.463162
2996.500358
2996.530947
2996.615347
2997.409851
2997.434122
2997.518402
2997.533962
2997.639835
2997.739277
2997.767176
2997.802201
2997.847188
2998.138734
2998.214405
2998.855598
2999.038444
2999.055648
2999.095708
2999.187516
2999.212021
2999.477369
2999.78635
3000.052969
3000.208894
3000.44905
3001.211034
3001.303971
3001.519881
3001.532081
3001.921128
3002.311339
3002.413928
3002.653134
3002.923566
3002.969194
3003.045732
3003.074179
3003.224626
3003.703893
3003.705239
3003.77276
3004.180496
3004.192311
3004.267156
3004.73842
3004.966737
3005.113898
3005.138551
3005.218098
3005.357531
3005.548196
3005.679127
3005.846777
3006.156855
3006.179065
3006.289216
3006.573398
3006.649675
3006.977201
3007.260616
3007.504123
3007.911849
3007.928883
3008.098484
3008.338793
3008.443943
3009.133861
3009.360032
3009.402652
3009.454161
3009.494563
3009.591295
3009.70847
3009.826741
3010.103756
3010.125831
3010.181985
3010.257197
3010.467679
3010.557361
3010.77234
3010.798237
3010.808965
3011.035311
3011.076271
3011.261706
3011.442532
3011.577662
3011.644842
3011.669015
3012.110408
3012.290305
3012.405676
3012.818393
3013.081041
3013.349893
3013.590618
3014.041524
3014.155359
3014.314737
3014.688716
3014.980714
3015.651977
3015.708031
3015.898862
3015.988563
3016.226775
3016.71148
3017.143781
3017.539718
3017.587625
3017.649898
3017.696394
3017.986728
3018.309336
3018.329014
3018.44805
3018.464487
3018.893553
3019.07121
3019.400914
3019.699324
3019.873445
3019.990672
3020.530672
3020.580276
3020.685434
3020.728523
3020.90086
3021.039143
3021.6088
3021.662058
3021.729081
3021.785695
3021.812673
3021.867769
3021.876726
3021.89941
3021.952867
3022.364656
3022.413927
3023.048436
3023.100894
3023.261975
3023.329437
3023.720146
3023.755948
3023.779049
3023.842692
3024.490631
3025.056453
3025.062626
3025.380472
3025.635288
3025.748845
3025.985008
3026.314307
3026.366135
3026.604117
3026.6569
3026.735951
3027.163584
3027.411918
3028.181888
3028.3181
3028.432459
3028.67108
3028.919165
3029.314806
3029.368714
3029.977759
3030.010627
3030.099275
3030.156448
3030.253877
3031.012761
3031.244957
3031.672979
3031.767548
3032.017857
3032.254508
3032.266401
3032.350324
3032.399883
3033.577354
3033.589894
3033.660971
3033.672261
3034.066568
3034.13482
3034.137384
3034.215417
3034.338158
3034.57293
3034.664986
3034.949852
3035.088026
3035.468903
3035.645276
3035.672618
3035.876461
3036.111346
3036.508432
3036.631823
3036.703061
3036.775194
3037.431913
3037.495728
3037.911574
3037.971561
3038.375122
3038.493068
3038.544991
3038.599173
3039.031867
3039.274512
3039.648373
3039.87943
3039.925748
3040.40171
3040.656257
3040.691461
3041.083761
3041.313326
3042.451601
3042.638106
3043.390106
3043.932946
3044.517877
3044.866447
3045.435093
3045.486337
3045.742623
3045.788744
3045.933624
3046.249941
3046.294552
3046.520228
3046.704918
3046.73857
3046.847607
3048.022129
3048.213165
3048.925248
3049.926135
3049.999867
3050.174111
3050.282525
3050.71698
3050.745146
3052.574046
3052.803874
3052.816369
3053.026034
3053.196875
3053.395016
3053.614113
3054.230562
3054.295874
3054.418162
3054.458475
3054.679438
3054.867439
3054.879313
3055.506496
3055.560125
3055.816379
3055.88345
3056.021183
3056.061807
3056.068453
3056.84986
3057.030919
3057.117308
3057.258126
3057.383379
3058.589291
3059.005879
3059.05195
3059.099046
3060.27504
3061.563015
3061.904631
3062.436133
3062.558247
3062.673227
3062.774393
3063.816538
3063.886797
3064.281213
3064.825277
3064.882928
3065.504227
3065.689074
3065.94059
3066.279689
3067.484967
3067.772456
3068.068481
3068.324018
3068.875727
3071.329833
3072.377564
3073.192962
3073.197435
3073.496871
3074.032278
3075.951473
3075.990283
3076.044106
3076.656982
3077.701743
3078.742264
3079.444676
3080.124921
3081.469458
3082.465471
3082.777383
3083.2215
3083.250085
3083.886707
3084.127598
3084.491292
3084.690402
3084.75193
3085.515881
3086.372008
3088.093428
3088.374851
3089.045864
3090.123479
3090.574591
3091.253996
3091.61215
3092.325249
3093.105597
3093.742842
3094.537034
3096.443244
3096.910567
3097.312342
3097.529444
3097.559116
3098.644642
3098.872322
3099.287827
3099.63748
3101.542812
3103.210384
3103.242568
3103.417613
3104.501992
3104.972541
3106.607853
3106.806229
3106.896035
3108.509047
3110.007685
3110.318372
3110.540401
3110.947282
3111.341826
3114.88998
3114.979814
3116.749961
3117.178303
3118.039888
3118.571719
3119.113492
3119.16261
3120.062846
3121.399801
3121.716381
3122.014193
3123.093079
3123.878155
3123.916641
3124.350785
3124.386596
3124.80424
3126.341027
3127.882281
3127.989874
3128.191205
3128.231665
3128.803024
3129.272572
3130.400234
3130.426668
3131.46677
3133.0478
3133.115884
3133.749544
3134.210021
3135.130327
3135.158209
3136.512917
3137.521232
3144.276237
3145.09469
3145.477508
3145.517792
3146.548048
3147.008085
3147.122496
3147.306184
3148.491015
3148.511744
3149.167466
3150.280107
3151.329606
3151.741272
3152.249283
3153.338684
3154.01566
3154.808091
3155.413571
3155.82614
3156.185591
3157.209411
3158.755357
3159.257481
3160.626794
3161.523759
3161.621508
3161.750704
3161.808094
3162.051094
3162.91708
3163.033782
3164.951391
3165.219002
3168.737834
3169.720614
3170.058639
3170.758968
3176.151706
3176.528565
3176.986671
3178.915585
3179.669938
3181.442839
3185.652656
3186.209361
3190.038851
3192.588925
3193.185793
3201.115956
3201.224288
3202.650167
3203.375296
3204.982155
3205.543063
3206.44446
3206.620553
3210.080781
3212.06884
3216.316153
3217.942699
3218.20824
3220.213913
3220.996162
3221.641895
3222.823578
3223.089635
3225.044771
3225.774705
3227.704068
3228.068578
3229.547918
3234.306545
3236.477434
3239.397647
3240.311691
3240.970773
3241.066211
3241.29732
3244.144912
3247.138141
3247.25841
3247.636141
3247.810139
3248.985504
3249.042257
3249.143728
3251.020956
3254.298926
3259.838662
3260.091803
3260.10804
3261.510821
3261.525926
3262.083941
3266.85733
3267.1891
3269.484315
3269.781454
3272.494603
3273.824744
3276.645225
3279.728331
3281.918024
3282.620811
3282.877795
3283.998818
3285.659005
3285.834539
3289.290614
3291.845529
3295.180388
3295.743244
3295.99643
3296.56559
3297.902267
3305.535651
3306.349302
3309.328177
3316.307307
3316.608752
3317.724699
3323.492951
3325.010016
3328.560103
3329.628204
3330.083889
3331.387692
3332.330024
3338.798118
3347.414319
3354.989561
3363.427088
3363.982438
3404.459414
3414.083358
3415.34771
3418.749179
3424.979457
3426.293116
3438.92017
3447.193813
3495.443147
3585.316142
