10.801658
12.714497
12.923441
13.846777
15.623071
15.801508
15.912603
16.433392
17.11734
17.19125
17.506801
18.282847
18.472966
19.54081
19.891495
21.405387
22.574065
23.281346
24.734097
25.404916
30.015211
30.513759
32.807772
34.247774
36.590605
39.410899
53.691715
56.334539
123.549855
136.745248
152.424274
153.741115
155.76636
156.378783
156.600244
157.453786
160.57616
178.501193
179.572118
181.244295
182.880207
197.481926
199.625786
199.820318
200.881752
201.632936
206.525459
207.837639
208.92202
211.925433
218.600073
218.732429
220.344735
223.345003
237.22331
249.290666
253.312809
265.615928
271.119772
271.755722
274.667716
278.739221
279.372613
280.105808
280.409428
284.200109
284.972503
286.129294
286.646947
291.165186
291.623106
292.516745
293.260338
294.635872
294.797012
294.820246
294.953116
294.955858
295.062167
295.278405
295.29113
295.817088
295.936355
296.051653
296.116931
296.162116
296.303358
296.579768
296.827521
297.049437
297.166616
297.301294
297.306523
298.215628
298.350922
298.505627
298.554553
298.558955
298.601781
298.61327
298.649482
298.915771
299.093577
299.258429
299.356477
299.508404
299.528647
299.533694
299.634626
299.666235
299.752434
299.758061
299.800914
300.144184
300.318745
300.319129
300.332762
300.406602
300.417423
300.906307
300.970794
301.000861
301.048627
301.118445
301.146141
301.395158
301.40526
301.459756
301.5882
301.724592
301.796328
301.948534
302.052931
302.062432
302.138963
302.178504
302.246429
302.388941
302.452584
302.664917
302.710984
302.729054
302.747598
302.928844
303.008561
303.120283
303.248194
303.257863
303.546263
303.549611
303.5766
303.72847
303.957302
303.959154
304.261277
304.261924
304.419166
304.449942
304.483723
304.497937
304.51913
304.620924
304.816323
304.929767
304.952779
305.016542
305.03349
305.03524
305.285778
305.357091
305.402303
305.448777
305.46124
305.5255
305.556066
305.799842
305.915604
305.940981
306.02003
306.067301
306.111239
306.190343
306.502054
306.538573
306.580154
306.59405
306.788893
306.86722
306.919763
306.949944
306.953706
307.054481
307.233202
307.241864
307.270683
307.286201
307.467985
307.491182
307.501383
307.586643
307.600226
307.639408
307.640736
307.769782
307.83055
307.832599
307.939591
308.03513
308.078388
308.157725
308.170008
308.290877
308.428526
308.469862
308.518325
308.541591
308.647971
308.890091
308.919767
308.980356
309.079097
309.21828
309.379949
309.384383
309.399938
309.487351
309.505509
309.636372
309.63759
309.641008
309.729769
309.738891
309.948613
310.217817
310.286573
310.330259
310.428055
310.504473
310.519137
310.6005
310.634684
310.715508
310.897398
310.976412
310.994645
310.995747
311.09642
311.137638
311.140996
311.282649
311.349397
311.398512
311.506989
311.513161
311.52936
311.575702
311.646728
311.654292
311.935769
311.946788
311.964591
311.986368
312.055112
312.10769
312.127782
312.212687
312.232836
312.261666
312.359319
312.37773
312.440648
312.472048
312.564602
312.980321
313.118668
313.289804
313.503901
313.51189
314.16622
314.563329
314.741528
314.751984
314.859221
314.890759
314.893293
314.97994
315.021432
315.052496
315.076324
315.100366
315.197065
315.273327
315.374841
315.655383
315.680446
315.921649
316.08215
316.090059
316.15562
316.254046
316.316209
316.324884
316.453678
316.520976
316.650244
316.836975
317.10987
317.140359
317.148259
317.234369
317.272274
317.307452
317.343222
317.391108
317.458314
317.58011
317.635522
317.74445
318.01963
318.047901
318.199215
318.207029
318.255872
318.304845
318.401477
318.481393
318.546556
318.723244
318.769321
318.805463
318.854267
319.144851
319.247599
319.262494
319.626336
319.858471
319.971528
320.182471
320.194736
320.274163
320.356126
320.373269
320.39315
320.442849
320.52252
320.557819
320.622994
320.661989
320.86126
320.989245
320.9964
321.382009
321.449282
322.426778
322.746294
322.781689
322.828249
322.87315
322.956322
323.098311
323.358374
323.463583
323.611519
323.618401
323.71617
323.746607
323.765823
324.146191
324.1478
324.23455
324.510836
324.647288
325.215711
325.414825
325.467599
325.479976
325.766411
325.850971
325.896448
325.915529
326.435294
326.545303
326.690465
327.314141
327.4383
327.927288
328.16409
328.884256
328.97932
329.0663
329.328501
329.44426
329.63297
330.063221
330.083349
330.128747
330.158487
330.243417
330.380559
331.230332
331.375583
332.250387
333.023318
334.458684
334.724229
334.827421
334.884073
335.044725
335.652759
336.110054
336.484491
336.616422
337.813949
338.034888
338.809764
339.851727
340.258699
341.111848
341.282679
342.669231
346.070099
354.327401
430.933582
1233.402006
6716.399307
16048.122971
