142.97971
143.674979
143.890462
144.295658
144.35091
144.527446
145.132585
145.381885
145.461783
145.677407
145.978992
146.547846
146.55445
147.07973
147.144576
147.293592
147.457763
149.345251
149.820597
150.30391
150.55293
151.003808
151.870091
153.305084
153.310695
155.311398
155.958577
156.814416
157.263699
157.41827
158.343624
159.288723
159.789682
161.091658
161.286073
162.194709
162.232222
162.822074
163.526143
163.663091
164.851867
165.017944
165.695018
167.102418
167.736915
168.002884
170.866525
174.137345
174.205794
174.954533
176.491725
178.176188
178.458112
180.230336
185.119902
186.298822
187.024992
189.614574
190.47561
191.09001
193.75477
194.233568
194.693264
194.881587
194.999646
195.635355
197.048546
197.085791
197.548496
199.525049
199.655241
200.163535
200.74041
200.937753
201.334143
202.140407
202.152046
202.243686
202.247337
202.416049
202.523999
203.548943
204.369798
204.391434
204.844562
205.220341
205.650077
205.815012
205.858931
206.296897
206.562428
206.590512
206.752838
206.973741
206.995072
207.648551
207.838922
207.911377
208.285401
208.430655
208.617628
209.078547
209.439
209.441902
209.574947
210.019119
210.283069
210.509037
210.627891
210.648518
211.189329
211.256014
211.751587
211.871099
212.360784
212.381094
212.630442
212.755357
212.971035
213.242899
213.640115
213.668959
214.041798
214.165391
214.23467
214.480924
215.030769
215.308459
216.151536
216.23515
216.562392
216.632327
216.852696
217.554733
217.663868
217.981483
218.036583
218.140245
218.3694
218.375077
218.597607
218.638099
218.658645
218.688046
219.162759
219.168015
219.716253
219.942741
220.509924
220.582248
220.684736
220.757488
220.898373
220.969978
221.747113
221.752302
221.830234
221.84913
221.86214
222.149721
222.255307
222.493095
222.697049
222.909313
223.104584
223.130493
223.166195
223.473416
223.652356
223.701736
223.834409
223.926205
224.420091
224.446845
224.511681
224.547342
224.661133
224.988727
225.166438
225.645926
225.66238
225.938751
225.969363
226.151365
226.30066
226.589265
226.630661
227.421181
227.481875
227.493142
227.584843
227.58784
227.604059
227.618294
227.775862
227.959269
228.04585
228.27271
228.31455
228.429816
228.476573
228.586476
228.649945
228.895543
228.903856
228.908988
229.210703
229.459256
229.496983
230.186051
230.252895
230.754876
230.840203
230.89967
231.134478
231.347084
231.386936
231.485916
231.513226
231.668414
231.834171
231.884199
232.140501
232.229018
232.314345
232.360864
232.398204
232.699505
233.622956
233.688253
234.01635
234.114332
234.166946
234.249462
234.303439
234.465949
234.515844
234.678292
234.7088
234.837286
234.85654
234.917371
235.116661
235.278186
235.465796
235.518711
235.563607
235.579169
235.727603
235.991731
236.229408
236.270941
236.392582
236.477335
236.862202
237.001669
237.172288
237.174836
237.246994
237.327378
237.382018
237.518255
237.652713
237.786955
238.607539
238.629651
238.660404
238.909395
239.436387
239.444991
239.496761
239.621629
239.791301
239.822566
239.900512
239.914707
240.274626
240.506955
240.712863
241.096441
241.15427
241.266046
241.295462
241.328174
241.567985
241.688419
241.787921
241.949163
242.140034
242.141088
242.290814
242.369289
242.507955
242.516091
242.532241
242.612617
242.670751
242.837867
243.224851
243.414581
243.541624
243.607417
244.14909
244.442841
244.537077
244.614431
244.670561
244.689238
244.907811
244.996407
245.02076
245.167184
245.315313
245.531996
245.599089
245.655649
245.892754
245.918002
246.460773
246.571041
246.927843
246.966307
247.025966
247.081398
247.150294
247.208997
247.228662
247.437897
247.687541
247.761319
247.774247
247.901244
248.365147
248.439915
248.471204
248.582426
248.756103
248.926401
249.42213
249.427982
249.49061
249.607618
249.676769
249.715878
249.879862
250.001817
250.10971
250.109902
250.122565
250.230984
250.356199
250.422414
250.666651
250.673419
250.791233
250.977584
250.996896
251.161025
251.327224
251.437391
251.469144
251.573443
251.904801
252.136962
252.194501
252.283046
252.367622
252.484187
252.690667
252.802703
252.873677
252.950636
253.051694
253.195793
253.426784
253.432987
253.670783
253.701618
253.732774
253.761217
254.106688
254.232551
254.383133
254.514093
254.568148
254.71678
254.73609
254.894286
254.93572
255.043547
255.10301
255.107039
255.147754
255.227781
255.266692
255.359359
255.460769
255.480819
255.739227
255.790277
255.952525
256.171675
256.430636
256.497139
256.527373
256.545056
256.789695
256.81317
256.870408
256.999148
257.182827
257.218853
257.311922
257.354595
257.440519
257.487359
257.514657
257.574693
257.8074
257.9469
258.020995
258.079505
258.155896
258.260182
258.301293
258.303575
258.341325
258.391037
258.469117
258.501908
258.55616
258.590549
258.696872
258.783795
258.796544
258.953731
259.109876
259.164563
259.226333
259.24061
259.598829
259.648636
259.676087
259.704546
259.779435
259.794437
259.913564
260.151535
260.248177
260.365481
260.398474
260.438405
260.628622
260.674951
260.729572
260.737521
260.755073
261.01805
261.067581
261.124406
261.233934
261.402189
261.457943
261.696671
261.730018
261.821128
261.853671
261.959623
262.260613
262.274936
262.633453
262.750989
262.772909
263.373532
263.390832
263.392661
263.507257
263.590218
263.950711
264.014294
264.271092
264.313025
264.470044
264.524737
264.55827
264.816276
265.15015
265.153441
265.444341
265.466781
265.668749
265.797869
265.872617
265.971106
266.00922
266.010083
266.08322
266.312152
266.314028
266.524746
266.63703
266.930802
266.9665
267.185599
267.235449
267.358144
267.372226
267.468382
267.926751
267.985302
268.042758
268.05702
268.15655
268.189623
268.199287
268.658997
268.719864
268.864823
268.958325
268.982535
269.10826
269.119347
269.232045
269.426903
269.495829
269.680333
269.712752
269.720163
269.757672
269.936986
270.1154
270.205414
270.326275
270.405995
270.506648
270.711688
270.85267
270.924977
271.102324
271.182447
271.26933
271.343437
271.622091
271.679065
271.723456
271.723541
271.7311
271.934955
271.957864
271.98404
272.307352
272.326435
272.339674
272.539333
272.658346
272.709512
272.903546
272.926571
273.001578
273.302483
273.391513
273.618443
273.795484
274.183129
274.194855
274.397516
275.042439
275.070929
275.270228
275.272242
275.361344
275.488712
275.597574
275.656937
275.815638
275.870953
275.923897
275.929336
276.148522
276.234604
276.556159
276.613225
276.66547
276.774493
277.000696
277.101974
277.166168
277.259922
277.359589
277.362643
278.341314
278.692163
278.717442
278.71945
278.818996
278.99762
279.1754
279.248759
279.32651
279.559401
279.942153
280.02425
280.48365
280.631379
280.647404
280.767754
281.084762
281.099743
281.152746
281.223711
281.512591
281.57682
281.734558
281.802641
281.93981
281.96216
281.975871
282.118763
282.240906
282.252201
282.287952
282.330158
282.416056
282.579462
282.602649
282.91286
282.996533
283.016612
283.282812
283.475548
283.501092
283.544195
283.65352
284.274349
284.546306
284.804235
284.876129
284.977378
285.187525
285.209252
285.280542
285.281823
285.583367
285.633893
285.764397
285.828597
285.850895
286.048329
286.207263
286.220403
286.239358
286.365458
286.404509
286.590811
286.80181
286.910481
287.068065
287.173017
287.35715
287.472026
287.637308
287.716513
287.73848
287.850765
287.98868
288.028876
288.23535
288.28952
288.391145
288.399779
288.448412
288.564399
288.580221
288.652501
288.724746
288.802544
288.966572
289.072114
289.136556
289.150456
289.179954
289.373321
289.396566
289.417411
289.418584
289.42916
289.730113
290.021677
290.190504
290.283722
290.328261
290.535051
290.660118
290.752506
290.758469
291.147918
291.287234
291.352538
291.41161
291.412854
291.420308
291.434581
291.526783
291.586116
291.631699
291.724477
292.219372
292.452453
292.51521
292.544981
292.54908
292.634275
292.68209
292.875223
292.905792
292.972633
293.092891
293.322145
293.329477
293.402675
293.635506
293.693233
293.793347
293.795028
293.820827
293.877888
293.899617
294.253658
294.25711
294.715992
294.720973
294.788605
294.79951
294.831377
294.859549
294.92573
295.033048
295.08048
295.080658
295.105799
295.150093
295.299719
295.404331
295.465362
295.648851
295.706968
295.850258
296.088068
296.230606
296.233078
296.238932
296.417952
296.469538
296.535883
296.54732
296.953271
297.109117
297.183171
297.236204
297.352565
297.369558
297.384756
297.547754
297.598639
297.633016
297.77705
297.778673
297.801654
297.945148
297.969991
298.065636
298.091213
298.131847
298.132225
298.14143
298.162952
298.232568
298.310862
298.344067
298.522997
298.586997
298.626967
298.676822
298.740011
298.745472
298.760766
298.835448
298.855876
298.905537
298.922756
299.075421
299.232477
299.262537
299.309425
299.386758
299.406552
299.448544
299.547668
299.590692
299.645412
299.736274
299.811947
299.843212
299.855926
299.916844
300.00282
300.073351
300.141221
300.204329
300.212947
300.429613
300.485006
300.51448
300.532752
300.681461
300.709695
300.852872
300.899348
300.914853
300.922199
300.939899
300.94551
300.963889
301.066417
301.083939
301.156366
301.164031
301.210911
301.216659
301.225536
301.251131
301.282912
301.305858
301.351474
301.364449
301.418364
301.450232
301.462772
301.491218
301.493482
301.497105
301.512748
301.627664
301.731106
301.775691
301.895768
301.939958
301.947012
301.964044
301.98555
302.042017
302.05856
302.078563
302.135863
302.156722
302.221866
302.236633
302.244483
302.284981
302.297059
302.334687
302.486221
302.494326
302.508242
302.512923
302.618882
302.675208
302.700308
302.709451
302.789661
302.825804
302.826607
302.843068
302.847457
302.854863
302.881702
303.002036
303.028982
303.145286
303.187751
303.238857
303.275565
303.300444
303.326069
303.326212
303.3267
303.361374
303.432469
303.466531
303.496937
303.511932
303.564225
303.597139
303.606111
303.615958
303.69415
303.78746
303.820948
303.824848
303.826015
303.835291
303.853701
303.855176
303.858531
303.89142
303.915002
303.93534
303.951556
304.034496
304.043003
304.050042
304.100118
304.149731
304.157733
304.166715
304.288852
304.383039
304.385844
304.418404
304.427536
304.437025
304.489076
304.495545
304.501143
304.588119
304.638623
304.688742
304.839409
304.862418
304.953861
304.956386
305.051526
305.122026
305.124967
305.133885
305.166785
305.177867
305.181921
305.225125
305.260936
305.267121
305.269158
305.282697
305.312618
305.354344
305.414973
305.417557
305.418278
305.438467
305.504982
305.50675
305.545522
305.550246
305.552739
305.559357
305.584426
305.591862
305.623531
305.636247
305.672511
305.729813
305.760941
305.790179
305.842793
305.888769
306.092224
306.110373
306.120169
306.125474
306.127285
306.17039
306.210772
306.215718
306.215901
306.230276
306.312517
306.353793
306.36341
306.392694
306.400846
306.42086
306.427277
306.450103
306.490273
306.51585
306.516564
306.549771
306.567157
306.595536
306.602293
306.661054
306.682179
306.700682
306.701444
306.706536
306.758256
306.763218
306.779625
306.784169
306.798614
306.824853
306.83082
306.939114
307.010983
307.011236
307.058396
307.116503
307.135442
307.14194
307.151659
307.180938
307.184869
307.205505
307.209983
307.269135
307.27251
307.316054
307.326558
307.359959
307.379168
307.388863
307.403382
307.49297
307.494108
307.513161
307.520898
307.536786
307.537426
307.557376
307.573565
307.586961
307.607744
307.610144
307.615296
307.617161
307.634045
307.672098
307.678288
307.681303
307.690722
307.698689
307.69903
307.74706
307.771374
307.774568
307.777179
307.786085
307.799078
307.831082
307.834175
307.835046
307.842304
307.851116
307.921362
307.929181
307.949616
307.962144
307.963153
307.968355
307.980833
307.989043
307.997592
308.027194
308.112614
308.171983
308.186176
308.206109
308.208153
308.22685
308.28613
308.343924
308.353861
308.366954
308.403725
308.425507
308.460207
308.47878
308.551802
308.560425
308.589428
308.628301
308.640104
308.641376
308.671724
308.680308
308.685705
308.698963
308.818685
308.821386
308.86434
308.911958
308.921206
308.967249
308.969116
309.028637
309.0582
309.058468
309.102295
309.119045
309.228181
309.276946
309.2809
309.328141
309.33993
309.376683
309.383047
309.383611
309.401064
309.407741
309.410508
309.412299
309.475504
309.485111
309.49099
309.531906
309.554858
309.589631
309.599255
309.612954
309.614231
309.614275
309.624741
309.663348
309.704644
309.708591
309.737111
309.752815
309.761934
309.777107
309.777846
309.828601
309.82907
309.842378
309.852817
309.857016
309.872181
309.87493
309.890039
309.89882
309.904002
309.911619
309.911882
309.922853
309.951871
310.034806
310.057112
310.060866
310.069292
310.073322
310.074139
310.081243
310.136877
310.141944
310.144192
310.170536
310.185763
310.187323
310.189991
310.192612
310.220981
310.244355
310.256327
310.260227
310.266298
310.269377
310.290203
310.291817
310.292354
310.304284
310.307799
310.311863
310.364056
310.452582
310.456215
310.46876
310.476575
310.499941
310.513501
310.520836
310.537439
310.554033
310.596049
310.620029
310.633253
310.633727
310.669366
310.677226
310.680587
310.687033
310.690862
310.702402
310.717229
310.728125
310.769318
310.806832
310.813659
310.842569
310.844535
310.879355
310.903371
310.923056
310.939948
310.966194
311.051623
311.062405
311.066703
311.128149
311.12992
311.148102
311.177704
311.184053
311.192842
311.271143
311.290786
311.295092
311.299097
311.334511
311.340768
311.359122
311.371203
311.374587
311.392759
311.41111
311.411261
311.438114
311.456014
311.466592
311.469734
311.4922
311.494789
311.565718
311.56831
311.57017
311.571452
311.590524
311.597525
311.609149
311.618465
311.649211
311.675474
311.728658
311.738171
311.739836
311.742461
311.765292
311.773139
311.775192
311.781777
311.891358
311.895999
311.908566
311.91491
311.930994
311.953995
311.967752
311.991789
312.010396
312.020503
312.028764
312.040607
312.045442
312.050965
312.052784
312.070805
312.08706
312.087971
312.138875
312.165777
312.170694
312.197282
312.202755
312.206862
312.209048
312.214454
312.222367
312.223123
312.229556
312.252288
312.258895
312.269484
312.274315
312.281179
312.312137
312.31461
312.327755
312.338955
312.35779
312.363656
312.399252
312.401456
312.403361
312.413495
312.439778
312.449536
312.529076
312.547355
312.550538
312.564175
312.572068
312.576927
312.590085
312.599796
312.622027
312.665415
312.695158
312.701642
312.729115
312.737919
312.745983
312.74983
312.7699
312.771318
312.771962
312.778554
312.790175
312.791743
312.803726
312.807761
312.809231
312.816015
312.822045
312.832021
312.833424
312.868733
312.899147
312.910478
312.913298
312.922403
312.922628
312.933102
312.948723
312.953338
312.957046
312.959766
312.964787
312.967653
312.97914
312.991691
313.046452
313.067407
313.069793
313.07593
313.101014
313.113568
313.123569
313.12471
313.169342
313.193823
313.225184
313.245334
313.247089
313.250195
313.25637
313.263131
313.26332
313.266411
313.267244
313.268094
313.278184
313.314022
313.315084
313.315278
313.321843
313.326152
313.335522
313.335751
313.338442
313.369885
313.413298
313.441078
313.441871
313.461872
313.506306
313.512698
313.519456
313.520265
313.528602
313.573775
313.574974
313.58344
313.610084
313.616281
313.623163
313.628842
313.64199
313.645425
313.645592
313.648424
313.649784
313.681965
313.699104
313.705108
313.708148
313.717641
313.744861
313.746496
313.752788
313.753193
313.795573
313.802324
313.810135
313.831305
313.843859
313.846654
313.891144
313.895277
313.900383
313.92295
313.923007
313.928207
313.942121
313.949716
313.962496
313.966242
313.977265
313.993111
314.005282
314.010042
314.011066
314.019046
314.024265
314.029128
314.032296
314.033045
314.034224
314.034711
314.047964
314.052059
314.061133
314.071497
314.087792
314.089772
314.09651
314.107437
314.108821
314.123215
314.124101
314.133516
314.142007
314.153131
314.156338
314.161318
314.184296
314.188632
314.199236
314.215652
314.235228
314.24232
314.246881
314.25148
314.256133
314.259105
314.264994
314.27212
314.279137
314.293137
314.294818
314.314066
314.333663
314.3636
314.379207
314.389591
314.389669
314.395511
314.400507
314.407628
314.427776
314.454081
314.464003
314.49628
314.498012
314.514728
314.521227
314.540748
314.546559
314.600792
314.612654
314.614415
314.623203
314.627308
314.62952
314.632445
314.64266
314.64969
314.655531
314.676356
314.676447
314.700994
314.710284
314.711093
314.731909
314.758354
314.75862
314.765013
314.783501
314.792876
314.796005
314.811869
314.83327
314.845341
314.8485
314.86347
314.877597
314.891113
314.899668
314.902514
314.928218
314.939086
314.940721
314.959927
314.990547
314.991044
315.002531
315.018109
315.022832
315.057491
315.065179
315.066909
315.071986
315.078675
315.101643
315.120192
315.133868
315.142535
315.147965
315.149372
315.152797
315.154515
315.167851
315.179015
315.18495
315.188022
315.194243
315.197616
315.208437
315.212775
315.212832
315.216171
315.220286
315.221126
315.222853
315.22921
315.234839
315.242018
315.247841
315.274833
315.280163
315.285309
315.286047
315.287144
315.298549
315.309492
315.3464
315.346713
315.353463
315.355362
315.358386
315.37253
315.393208
315.397472
315.411341
315.411503
315.430508
315.436038
315.436173
315.436294
315.439744
315.450376
315.451625
315.460321
315.464376
315.470512
315.475671
315.48368
315.492256
315.496777
315.502777
315.507738
315.514289
315.51506
315.516177
315.519373
315.5221
315.524102
315.538294
315.543597
315.54402
315.544236
315.547161
315.57405
315.583951
315.596746
315.599755
315.615271
315.635433
315.645242
315.657225
315.679486
315.682248
315.686699
315.693174
315.693517
315.694148
315.695899
315.696602
315.703018
315.70576
315.714375
315.724846
315.728045
315.745119
315.747329
315.754555
315.773465
315.804482
315.824022
315.830404
315.835896
315.843621
315.867226
315.876908
315.883181
315.927157
315.930999
315.931044
315.933396
315.934571
315.936316
315.937439
315.94047
315.94427
315.948153
315.955618
315.960799
315.963921
315.968507
315.972287
315.976322
315.996615
315.99756
316.009154
316.022923
316.029259
316.063474
316.065626
316.089821
316.132814
316.136105
316.138116
316.150275
316.150928
316.158195
316.166928
316.188617
316.190913
316.195882
316.198515
316.198982
316.204351
316.213875
316.215676
316.227882
316.229776
316.23174
316.233063
316.233184
316.243305
316.25476
316.258155
316.269459
316.292874
316.317083
316.335788
316.336039
316.33855
316.34211
316.344484
316.346193
316.354733
316.357512
316.357536
316.379203
316.384765
316.385253
316.393365
316.404589
316.446932
316.450458
316.462967
316.465717
316.469697
316.477222
316.485821
316.492591
316.500153
316.508877
316.545025
316.562377
316.565879
316.569917
316.584714
316.588009
316.590669
316.593047
316.600418
316.605747
316.606865
316.609253
316.630534
316.63373
316.64505
316.655179
316.658309
316.671396
316.675709
316.680424
316.69013
316.702105
316.703596
316.71679
316.726349
316.752073
316.765917
316.784983
316.792366
316.803448
316.814344
316.823098
316.829986
316.83053
316.841904
316.844663
316.848329
316.856182
316.856412
316.863771
316.875014
316.875485
316.87697
316.906863
316.93153
316.950774
316.971654
316.998312
316.998512
317.02006
317.024381
317.03283
317.0408
317.049164
317.049666
317.058835
317.063279
317.067035
317.067153
317.07135
317.072498
317.079801
317.080485
317.083015
317.090734
317.091506
317.09409
317.099857
317.100761
317.116336
317.11801
317.146857
317.14727
317.172501
317.194399
317.205041
317.210221
317.219202
317.224666
317.231355
317.241695
317.25172
317.264629
317.271464
317.272172
317.275027
317.278919
317.298131
317.298819
317.31033
317.340095
317.341272
317.342843
317.347805
317.356051
317.357299
317.357351
317.358473
317.371502
317.380156
317.392879
317.394963
317.395481
317.40159
317.404
317.435535
317.439736
317.463246
317.465892
317.470806
317.477736
317.488451
317.497353
317.504929
317.50812
317.511925
317.513358
317.514387
317.526835
317.530923
317.551436
317.552198
317.553983
317.563441
317.565091
317.566989
317.567439
317.568369
317.572176
317.573387
317.580401
317.588896
317.605722
317.608131
317.610715
317.646305
317.663279
317.665981
317.678855
317.681294
317.686016
317.692096
317.693267
317.695089
317.697097
317.723737
317.737586
317.739045
317.745725
317.747222
317.759391
317.765637
317.795165
317.798073
317.799497
317.81797
317.818114
317.827156
317.832204
317.855284
317.860642
317.878243
317.888757
317.903229
317.90617
317.929295
317.933831
317.95092
317.968917
317.972786
317.981434
317.982041
317.983049
317.984484
317.987485
318.003146
318.008562
318.019258
318.026152
318.038049
318.041886
318.055
318.064507
318.067106
318.076705
318.08403
318.086594
318.09436
318.101096
318.110776
318.117747
318.119892
318.124892
318.128994
318.136781
318.137184
318.140376
318.147961
318.157046
318.170132
318.177525
318.181048
318.193551
318.20102
318.209249
318.2125
318.219419
318.219575
318.220791
318.22279
318.225565
318.249384
318.257132
318.258714
318.263325
318.270644
318.274687
318.285825
318.28987
318.293275
318.298915
318.304869
318.305713
318.311952
318.327954
318.339911
318.339986
318.344936
318.351781
318.361442
318.366831
318.392695
318.395009
318.404215
318.411217
318.411752
318.413505
318.416631
318.423285
318.426855
318.430023
318.431609
318.437457
318.437914
318.447734
318.459914
318.460514
318.466377
318.47148
318.475007
318.47602
318.479138
318.492226
318.492378
318.496552
318.499047
318.509822
318.515126
318.522784
318.523307
318.530538
318.534411
318.538188
318.543541
318.550924
318.555327
318.573913
318.576317
318.57689
318.581859
318.601654
318.606237
318.606946
318.60822
318.630318
318.639058
318.655654
318.656375
318.662468
318.664453
318.664469
318.667837
318.67127
318.67482
318.680235
318.682034
318.685311
318.68721
318.692853
318.698391
318.70521
318.706429
318.70759
318.71265
318.732507
318.757641
318.75887
318.765595
318.789838
318.795412
318.797592
318.798464
318.799527
318.802428
318.802794
318.803515
318.806184
318.815737
318.819745
318.821669
318.822254
318.826331
318.829137
318.831864
318.83277
318.835368
318.844237
318.847174
318.848386
318.849765
318.854971
318.85752
318.865551
318.876683
318.879847
318.88108
318.887507
318.89146
318.893918
318.909921
318.912771
318.924621
318.92703
318.929629
318.937323
318.93874
318.95022
318.963408
318.966638
318.974778
318.979172
318.984934
318.985333
319.002422
319.00807
319.009095
319.015001
319.028372
319.031928
319.034823
319.037853
319.038021
319.040361
319.049229
319.071889
319.074012
319.074912
319.082953
319.095775
319.097351
319.09757
319.103988
319.106265
319.106723
319.108628
319.108785
319.126358
319.128146
319.140538
319.14938
319.160652
319.166498
319.180175
319.182757
319.184311
319.186284
319.188275
319.190021
319.190319
319.192379
319.1982
319.202452
319.204257
319.213013
319.213299
319.217731
319.220828
319.224183
319.225858
319.255139
319.257738
319.270602
319.278844
319.284955
319.286495
319.289201
319.318444
319.319298
319.332196
319.337613
319.337691
319.349507
319.356421
319.357025
319.359557
319.361692
319.36573
319.370657
319.371948
319.381746
319.384126
319.390507
319.395057
319.398812
319.401206
319.406784
319.411367
319.41766
319.428748
319.437946
319.439839
319.442427
319.454612
319.456948
319.477798
319.487404
319.490124
319.490194
319.49128
319.500661
319.511772
319.522996
319.523699
319.525935
319.527063
319.531302
319.538374
319.538388
319.540188
319.541549
319.559617
319.578204
319.5805
319.581735
319.60306
319.607332
319.61978
319.626687
319.631881
319.63287
319.634453
319.636215
319.639908
319.642361
319.646698
319.655791
319.656306
319.661266
319.664868
319.667301
319.670035
319.678479
319.68109
319.689906
319.702346
319.727746
319.731107
319.731621
319.734061
319.734554
319.743657
319.749024
319.760033
319.761316
319.762557
319.764615
319.767054
319.789441
319.789801
319.798011
319.798894
319.802804
319.815013
319.81722
319.823658
319.828068
319.828722
319.840338
319.842018
319.847106
319.855028
319.855855
319.867099
319.881795
319.88643
319.893768
319.894482
319.895312
319.896503
319.912956
319.917868
319.921251
319.924593
319.941271
319.95003
319.950547
319.950901
319.955242
319.955538
319.955609
319.959207
319.963053
319.970681
319.973471
319.976016
319.978136
319.98559
319.999288
319.999875
320.000126
320.006461
320.014232
320.015313
320.02884
320.032998
320.043486
320.046616
320.067113
320.070734
320.073907
320.075535
320.082014
320.082422
320.084785
320.085185
320.089763
320.091203
320.092138
320.092192
320.10164
320.104375
320.105535
320.11906
320.122702
320.130533
320.133071
320.136659
320.148998
320.154685
320.157999
320.159591
320.172774
320.208929
320.211101
320.212978
320.217154
320.22545
320.226298
320.231217
320.232116
320.236801
320.238667
320.246786
320.255375
320.270409
320.272076
320.277687
320.278005
320.281048
320.292495
320.314108
320.320775
320.325124
320.330138
320.336749
320.338721
320.345286
320.348658
320.348927
320.354709
320.363167
320.367364
320.367844
320.381986
320.39177
320.393456
320.405248
320.407703
320.409439
320.410561
320.4184
320.418504
320.421526
320.431419
320.436209
320.443001
320.446176
320.447019
320.453566
320.455565
320.455729
320.458683
320.464991
320.470194
320.479619
320.491434
320.492454
320.492703
320.530817
320.538664
320.541434
320.548352
320.555499
320.562118
320.579954
320.5826
320.58365
320.584444
320.585472
320.593966
320.601027
320.6017
320.603493
320.615135
320.62308
320.626279
320.626728
320.633315
320.646508
320.667481
320.674065
320.685454
320.688311
320.689284
320.700897
320.705713
320.706217
320.706954
320.711142
320.715148
320.715854
320.72199
320.723605
320.725355
320.741492
320.746186
320.754447
320.756674
320.787994
320.791533
320.80012
320.80575
320.818185
320.81918
320.825582
320.827491
320.829202
320.834616
320.841539
320.842664
320.84528
320.852925
320.854074
320.854101
320.857384
320.860354
320.865742
320.872585
320.876492
320.889057
320.894919
320.901893
320.903224
320.905603
320.924482
320.932547
320.932593
320.93591
320.937166
320.943406
320.948978
320.953808
320.968315
320.977724
320.97832
320.980764
320.98103
320.983044
320.987793
320.991993
320.99972
321.000377
321.007352
321.011617
321.028149
321.03406
321.044502
321.046453
321.048226
321.06148
321.061718
321.062186
321.074118
321.074174
321.087057
321.088434
321.090586
321.10097
321.102312
321.10326
321.10328
321.116083
321.125337
321.137408
321.147888
321.149437
321.159313
321.175034
321.175526
321.179903
321.180569
321.183163
321.188089
321.207618
321.215414
321.21638
321.231581
321.240867
321.251387
321.258274
321.268483
321.281596
321.29968
321.300477
321.301244
321.304475
321.305016
321.307391
321.315764
321.322787
321.325253
321.331285
321.345134
321.356237
321.358286
321.365295
321.366457
321.375462
321.389256
321.401501
321.402448
321.406301
321.415206
321.417748
321.42491
321.439157
321.44499
321.453705
321.457196
321.458902
321.461194
321.461337
321.464886
321.469476
321.470444
321.487421
321.507265
321.507729
321.50989
321.510897
321.511442
321.513123
321.514268
321.514371
321.516922
321.517489
321.518231
321.521344
321.523207
321.526305
321.528913
321.531104
321.540037
321.540917
321.548612
321.56214
321.562672
321.562966
321.567364
321.574981
321.580021
321.580267
321.585055
321.585511
321.585754
321.587201
321.594167
321.595792
321.611832
321.616116
321.622631
321.623881
321.630979
321.637781
321.638065
321.641489
321.646294
321.657396
321.668317
321.668457
321.672009
321.673914
321.685458
321.690648
321.694634
321.698868
321.699562
321.70172
321.703222
321.707619
321.708056
321.724463
321.736203
321.738646
321.739213
321.744772
321.753423
321.755409
321.756171
321.770395
321.778809
321.786483
321.796984
321.800063
321.804164
321.804464
321.818252
321.828945
321.845941
321.860594
321.864906
321.866523
321.868959
321.874321
321.890755
321.893574
321.895682
321.898235
321.903083
321.90997
321.911225
321.911574
321.912058
321.913458
321.91855
321.921254
321.923627
321.930434
321.938925
321.940411
321.940964
321.943762
321.951351
321.952223
321.959388
321.974228
321.998694
322.017824
322.018767
322.03352
322.041923
322.051872
322.064414
322.069158
322.069651
322.070453
322.07459
322.077892
322.088194
322.09214
322.099732
322.104148
322.11822
322.120731
322.130838
322.148341
322.151169
322.158002
322.161307
322.16209
322.162977
322.163924
322.173116
322.175847
322.192075
322.205568
322.211956
322.212691
322.221529
322.225424
322.229474
322.232971
322.237569
322.240113
322.249204
322.269883
322.274717
322.276595
322.290034
322.2928
322.296762
322.298438
322.308055
322.311936
322.31312
322.313743
322.323678
322.323818
322.329395
322.347478
322.350594
322.356864
322.364688
322.368759
322.373439
322.380022
322.385564
322.393709
322.395563
322.40085
322.415567
322.418991
322.427743
322.428622
322.437689
322.441284
322.448103
322.448378
322.45061
322.454094
322.461062
322.465206
322.467138
322.468596
322.479858
322.481729
322.504506
322.510399
322.523869
322.53059
322.537895
322.539732
322.547106
322.550369
322.554455
322.555442
322.556116
322.559377
322.564275
322.578179
322.595265
322.603721
322.60626
322.607327
322.611375
322.618481
322.61891
322.622907
322.637454
322.639669
322.646303
322.648475
322.652491
322.653916
322.655049
322.657567
322.663866
322.672435
322.674811
322.682586
322.686142
322.686759
322.687216
322.690647
322.693803
322.69729
322.698069
322.700238
322.704518
322.707992
322.741839
322.745785
322.748733
322.751293
322.753492
322.76261
322.762633
322.766636
322.770571
322.773761
322.774194
322.783701
322.796981
322.80138
322.802889
322.80587
322.811
322.833006
322.841413
322.847968
322.853378
322.854832
322.860082
322.861375
322.867836
322.874459
322.880093
322.888901
322.896312
322.902335
322.907876
322.914133
322.915142
322.916316
322.916987
322.917767
322.917971
322.921866
322.923812
322.926438
322.928907
322.952745
322.957978
322.968905
322.973285
322.982066
322.983484
322.991984
322.9963
323.007786
323.010961
323.011054
323.012503
323.015686
323.02183
323.0267
323.02671
323.043599
323.046244
323.046796
323.048576
323.049538
323.054084
323.060943
323.062193
323.067402
323.08012
323.080361
323.085938
323.097245
323.097248
323.107741
323.111342
323.113273
323.119652
323.119818
323.121286
323.123681
323.125138
323.127494
323.131394
323.138926
323.159817
323.163859
323.172635
323.174816
323.179333
323.181109
323.185714
323.188822
323.191243
323.19148
323.199356
323.204949
323.212508
323.214512
323.225054
323.226596
323.23104
323.236356
323.237154
323.244121
323.252763
323.253858
323.261404
323.266871
323.267121
323.270015
323.286452
323.289601
323.291244
323.293405
323.295205
323.304103
323.305531
323.306223
323.307034
323.31635
323.333295
323.336837
323.342073
323.346355
323.346911
323.369834
323.373878
323.374741
323.383459
323.395087
323.399231
323.401964
323.40394
323.413403
323.415968
323.420602
323.42563
323.427765
323.435719
323.441174
323.450056
323.451127
323.452919
323.462591
323.478966
323.488041
323.48883
323.506454
323.510521
323.514874
323.51905
323.532929
323.53492
323.536529
323.540449
323.540559
323.5416
323.543968
323.554662
323.555308
323.558103
323.559672
323.565971
323.576269
323.578526
323.582283
323.583797
323.585712
323.604392
323.60503
323.60573
323.606728
323.624956
323.632293
323.634339
323.636683
323.64047
323.641427
323.646093
323.646158
323.650694
323.664424
323.669746
323.670929
323.686632
323.686858
323.689888
323.69474
323.696463
323.702285
323.702772
323.711646
323.720012
323.720932
323.72151
323.725744
323.725852
323.730269
323.737822
323.756675
323.757606
323.757823
323.765285
323.775723
323.776004
323.779962
323.780484
323.781891
323.784066
323.786388
323.791887
323.792915
323.795999
323.80619
323.811093
323.826231
323.82676
323.832267
323.847139
323.847972
323.852317
323.857708
323.861678
323.865875
323.871792
323.880317
323.896352
323.897681
323.897721
323.897963
323.90408
323.904482
323.904891
323.907323
323.912709
323.91293
323.918845
323.923369
323.927828
323.934383
323.940508
323.942605
323.943396
323.947118
323.951621
323.953336
323.960129
323.971039
323.980012
323.980456
323.982013
323.987422
323.992005
323.995065
323.996552
324.002843
324.00671
324.012605
324.01721
324.019326
324.022527
324.024503
324.031192
324.03177
324.037124
324.039122
324.040459
324.045885
324.068741
324.073322
324.075256
324.081255
324.085349
324.088591
324.090159
324.090936
324.103383
324.104607
324.104864
324.108372
324.108541
324.110231
324.111706
324.1189
324.121385
324.122723
324.123412
324.13206
324.132157
324.137912
324.145702
324.149978
324.152479
324.152802
324.15741
324.159091
324.159403
324.160851
324.164454
324.164944
324.166077
324.166566
324.169691
324.175618
324.176166
324.183214
324.185697
324.194978
324.196082
324.196296
324.201966
324.205567
324.209634
324.210832
324.216751
324.218982
324.228288
324.229241
324.238258
324.243216
324.244446
324.249908
324.253746
324.264234
324.265479
324.273203
324.277762
324.296149
324.297916
324.302037
324.313186
324.316145
324.328176
324.340557
324.341737
324.342733
324.349181
324.349301
324.354747
324.35492
324.35849
324.360932
324.363323
324.370653
324.371035
324.376771
324.383445
324.385812
324.394693
324.395563
324.396043
324.402836
324.405768
324.414294
324.417191
324.419344
324.421748
324.423119
324.425825
324.42742
324.429787
324.432867
324.434695
324.442983
324.445183
324.447191
324.452146
324.453502
324.45818
324.459058
324.463446
324.463796
324.474476
324.477658
324.478765
324.479966
324.485341
324.487498
324.49449
324.502063
324.502606
324.515128
324.515986
324.518736
324.520203
324.52034
324.522728
324.525683
324.528467
324.548962
324.558131
324.567568
324.567741
324.576914
324.580576
324.596458
324.599606
324.606149
324.623948
324.624255
324.625304
324.627606
324.627773
324.640684
324.648657
324.653399
324.653566
324.655022
324.655927
324.656348
324.662499
324.666301
324.68753
324.687626
324.696481
324.697518
324.699457
324.700737
324.706647
324.711301
324.713781
324.715935
324.722807
324.729814
324.730857
324.735057
324.736527
324.741352
324.743542
324.74579
324.747859
324.752615
324.76164
324.76292
324.76435
324.764999
324.770758
324.770819
324.78296
324.794353
324.794861
324.795291
324.80299
324.803472
324.809947
324.811291
324.813929
324.815427
324.822663
324.825631
324.826293
324.832824
324.843121
324.851751
324.854292
324.854321
324.854991
324.857726
324.867166
324.869563
324.870358
324.876756
324.881732
324.88699
324.888126
324.888304
324.892905
324.896208
324.900974
324.914936
324.916397
324.916635
324.917107
324.922646
324.922877
324.92291
324.924874
324.929654
324.934425
324.947031
324.963562
324.965051
324.978573
324.987182
324.988903
324.998337
324.998878
324.99985
325.00026
325.002996
325.006877
325.008316
325.010825
325.01568
325.01753
325.020222
325.027449
325.030765
325.036213
325.046087
325.050837
325.059432
325.074135
325.077698
325.078621
325.081802
325.082405
325.082658
325.083857
325.084123
325.086739
325.089823
325.111771
325.111778
325.139856
325.156802
325.167505
325.170421
325.175084
325.17981
325.181793
325.192325
325.197235
325.201332
325.20566
325.207091
325.210706
325.215749
325.219103
325.221574
325.224602
325.224959
325.229798
325.2505
325.250646
325.259863
325.264318
325.274789
325.275685
325.27721
325.280343
325.281558
325.2823
325.28396
325.284594
325.293713
325.3007
325.302047
325.306686
325.307511
325.316254
325.318398
325.325585
325.326991
325.327373
325.334777
325.343166
325.343879
325.344339
325.359867
325.363297
325.37157
325.373545
325.376665
325.379746
325.380829
325.384829
325.386247
325.390077
325.390231
325.391881
325.39575
325.397243
325.399847
325.403456
325.409871
325.41184
325.412189
325.415359
325.422697
325.429265
325.432007
325.448806
325.449085
325.449356
325.456273
325.46257
325.465139
325.470032
325.471132
325.492429
325.496286
325.512543
325.519022
325.520271
325.522281
325.524106
325.532684
325.541312
325.549378
325.552198
325.553292
325.554711
325.556922
325.561611
325.57584
325.575924
325.576565
325.57716
325.579512
325.59375
325.598511
325.598959
325.598976
325.602146
325.608398
325.608968
325.611177
325.613327
325.621643
325.623702
325.626081
325.633778
325.635652
325.635876
325.636381
325.636431
325.648375
325.652666
325.660016
325.661487
325.661877
325.662024
325.664272
325.665988
325.669381
325.671608
325.672027
325.673462
325.67408
325.676767
325.692729
325.69811
325.706024
325.724395
325.72539
325.730986
325.73143
325.731698
325.733446
325.736882
325.746121
325.753131
325.755915
325.761906
325.767431
325.772877
325.773032
325.775695
325.777574
325.780767
325.784081
325.785404
325.790938
325.791082
325.791619
325.79232
325.79329
325.794492
325.795738
325.796068
325.796207
325.798693
325.80006
325.810038
325.813782
325.824248
325.827891
325.831754
325.837107
325.844202
325.846996
325.849062
325.849275
325.850774
325.851839
325.854631
325.855986
325.860494
325.862739
325.863
325.86375
325.870395
325.872714
325.87862
325.882638
325.891742
325.895905
325.900286
325.902333
325.919633
325.922175
325.929379
325.930022
325.933721
325.934408
325.945946
325.949982
325.960054
325.960889
325.967537
325.971015
325.971565
325.974603
325.997998
326.000775
326.001992
326.004805
326.004866
326.01089
326.011572
326.014604
326.014942
326.023998
326.039744
326.041351
326.042526
326.043378
326.054554
326.055362
326.066694
326.072301
326.072511
326.078458
326.087999
326.106872
326.11111
326.112982
326.115767
326.115915
326.116219
326.119258
326.124387
326.126911
326.131016
326.137103
326.14483
326.14841
326.153672
326.154392
326.157181
326.162881
326.17216
326.172566
326.173988
326.176177
326.178261
326.181218
326.181733
326.183506
326.189479
326.189936
326.190277
326.192181
326.194158
326.208078
326.213715
326.214889
326.217447
326.225258
326.230781
326.23801
326.244055
326.261193
326.271214
326.273136
326.275706
326.28433
326.285386
326.286542
326.290573
326.291189
326.304675
326.307138
326.310965
326.334344
326.335626
326.339237
326.350567
326.352564
326.353429
326.354209
326.354659
326.359892
326.367327
326.369676
326.372875
326.375105
326.381473
326.383951
326.390308
326.390411
326.390871
326.39332
326.395247
326.397484
326.397578
326.407568
326.419876
326.420623
326.425147
326.448091
326.44811
326.45174
326.456165
326.462694
326.477739
326.488455
326.499501
326.500466
326.50082
326.505463
326.510958
326.51488
326.518309
326.520842
326.527773
326.542631
326.546425
326.552125
326.556975
326.558444
326.560876
326.562958
326.564103
326.565689
326.583907
326.586674
326.589702
326.598838
326.599479
326.599842
326.603801
326.615492
326.6184
326.619322
326.625821
326.630093
326.632369
326.63707
326.640947
326.642073
326.643322
326.643908
326.653351
326.654577
326.66459
326.670162
326.670344
326.671159
326.676018
326.684254
326.684848
326.685167
326.689128
326.691407
326.692286
326.693569
326.693752
326.697067
326.697158
326.700977
326.701387
326.701498
326.704609
326.708506
326.708543
326.711741
326.711889
326.716661
326.719046
326.722409
326.722486
326.729476
326.742203
326.745576
326.746251
326.761536
326.773047
326.774364
326.777214
326.782277
326.782426
326.784769
326.785578
326.78937
326.797779
326.802485
326.817628
326.827191
326.833118
326.840576
326.840882
326.844788
326.851654
326.853338
326.853541
326.854414
326.859538
326.860191
326.868338
326.877682
326.879377
326.879661
326.880144
326.895176
326.899152
326.901562
326.90584
326.905988
326.90669
326.908983
326.910377
326.910783
326.910902
326.919539
326.920335
326.927723
326.934138
326.934345
326.934989
326.937897
326.938236
326.939245
326.94602
326.946589
326.950965
326.951012
326.952797
326.953031
326.954136
326.962196
326.971041
326.97138
326.97303
326.97799
326.979817
326.98984
326.989926
326.998036
327.000905
327.021473
327.026344
327.027874
327.044618
327.045633
327.058403
327.059845
327.061571
327.067458
327.072691
327.076537
327.078106
327.083816
327.084663
327.102295
327.10997
327.11211
327.122704
327.124159
327.131181
327.141173
327.143805
327.145532
327.148108
327.150433
327.152268
327.156477
327.15776
327.170819
327.172983
327.174243
327.175376
327.178287
327.178847
327.181094
327.181456
327.190166
327.196208
327.202534
327.204278
327.204298
327.214092
327.241251
327.257881
327.260328
327.262631
327.265874
327.276989
327.280285
327.290305
327.291035
327.296213
327.296386
327.302027
327.303172
327.307966
327.312573
327.319189
327.321611
327.327708
327.329441
327.331316
327.33809
327.344698
327.355321
327.361939
327.364794
327.368915
327.369365
327.372859
327.374581
327.374678
327.375678
327.375969
327.376189
327.378508
327.379666
327.384151
327.385212
327.386152
327.389107
327.404843
327.409153
327.411803
327.417537
327.422439
327.426797
327.437248
327.438085
327.439909
327.452824
327.46209
327.471075
327.489254
327.492349
327.492442
327.492723
327.496697
327.502169
327.502581
327.510752
327.515519
327.517886
327.518956
327.525393
327.525734
327.537078
327.541154
327.542137
327.544579
327.54867
327.549042
327.549486
327.554843
327.561569
327.576112
327.578819
327.579684
327.580987
327.583486
327.589414
327.591522
327.594278
327.595655
327.59974
327.601761
327.602958
327.607735
327.618068
327.619699
327.619711
327.620137
327.620768
327.625578
327.626265
327.629232
327.62934
327.630145
327.632906
327.633285
327.636258
327.643129
327.646555
327.651709
327.652395
327.653896
327.662062
327.664397
327.664404
327.670131
327.671755
327.67213
327.674172
327.694412
327.694471
327.695915
327.69751
327.703656
327.708945
327.713934
327.731772
327.739409
327.759009
327.765043
327.771268
327.773577
327.775587
327.777112
327.781625
327.781907
327.78918
327.797937
327.799727
327.803665
327.805216
327.806797
327.816347
327.825291
327.825951
327.831218
327.833639
327.835027
327.83631
327.864858
327.865356
327.865971
327.870262
327.871127
327.876807
327.881872
327.903588
327.91154
327.911806
327.914938
327.927622
327.927914
327.927995
327.934964
327.940142
327.940386
327.942729
327.948529
327.949238
327.955435
327.963258
327.967616
327.972842
327.974212
327.978523
327.979644
327.980509
327.980751
327.984562
327.986836
327.99391
328.000654
328.004215
328.007271
328.010651
328.011748
328.02146
328.026021
328.029066
328.043241
328.044093
328.047517
328.049133
328.056301
328.060048
328.064947
328.074183
328.078533
328.088508
328.090517
328.090579
328.094405
328.099057
328.102115
328.10265
328.105672
328.124083
328.128942
328.135308
328.137171
328.143287
328.143912
328.144252
328.146634
328.147177
328.149095
328.149531
328.150259
328.156129
328.156368
328.158049
328.159468
328.160587
328.174922
328.175444
328.17803
328.187657
328.193038
328.194383
328.197373
328.200354
328.206677
328.207828
328.211322
328.211759
328.215221
328.216681
328.224764
328.226434
328.230052
328.230388
328.233021
328.241869
328.253146
328.271385
328.274625
328.285197
328.286723
328.288558
328.2945
328.297955
328.302114
328.302888
328.306217
328.307389
328.310759
328.324686
328.327477
328.330541
328.334063
328.34138
328.348381
328.350483
328.353102
328.369273
328.37877
328.381444
328.383113
328.389537
328.398065
328.403775
328.407329
328.414473
328.417459
328.431764
328.43732
328.437945
328.441519
328.445442
328.449202
328.454533
328.480401
328.496444
328.500796
328.500866
328.505473
328.510727
328.512127
328.517489
328.519962
328.521815
328.525164
328.547319
328.563291
328.581597
328.582613
328.585808
328.585811
328.589279
328.590724
328.592226
328.597347
328.601844
328.609825
328.610868
328.615032
328.621189
328.629137
328.629937
328.643725
328.644457
328.645471
328.652466
328.653231
328.654777
328.663624
328.673924
328.674626
328.677078
328.684472
328.685834
328.689603
328.694763
328.697328
328.703292
328.705414
328.713007
328.71678
328.723154
328.724462
328.724811
328.731228
328.737078
328.738564
328.744824
328.75707
328.761059
328.769309
328.771606
328.781616
328.793646
328.79449
328.796454
328.815325
328.816054
328.821725
328.838878
328.84049
328.841787
328.842835
328.84669
328.854883
328.857541
328.861122
328.862913
328.870242
328.871464
328.879415
328.881499
328.881699
328.883747
328.895454
328.89567
328.897391
328.898384
328.903939
328.911363
328.931076
328.933057
328.957466
328.957956
328.958972
328.962406
328.96514
328.967659
328.971764
328.975615
328.980485
328.981012
328.983354
328.98446
329.002757
329.013474
329.013941
329.014456
329.020343
329.026854
329.03273
329.041388
329.044537
329.04488
329.053334
329.053957
329.054384
329.056772
329.057537
329.074108
329.078723
329.080668
329.085477
329.091507
329.092815
329.094006
329.09833
329.100494
329.101403
329.102227
329.102737
329.113456
329.115254
329.117831
329.120939
329.123437
329.126286
329.127619
329.131942
329.143608
329.159524
329.170917
329.172501
329.173068
329.17488
329.181292
329.190803
329.205166
329.206241
329.207832
329.207854
329.213703
329.218069
329.218564
329.232812
329.237612
329.242717
329.243968
329.246623
329.255018
329.262098
329.265406
329.266004
329.266662
329.26912
329.269666
329.272784
329.27957
329.281132
329.282566
329.290269
329.301833
329.304037
329.304581
329.309821
329.314476
329.32078
329.322507
329.324864
329.335112
329.338604
329.339241
329.339543
329.353192
329.366342
329.366919
329.369615
329.381915
329.392486
329.396941
329.404407
329.407912
329.408715
329.417248
329.427764
329.444768
329.460318
329.468764
329.469179
329.472771
329.4833
329.483453
329.497207
329.497668
329.501747
329.509215
329.510122
329.520032
329.526789
329.533517
329.534754
329.535729
329.537231
329.538861
329.553504
329.564026
329.564493
329.56458
329.566226
329.580318
329.581691
329.589049
329.589194
329.594386
329.603074
329.604001
329.614156
329.617306
329.61946
329.619589
329.621448
329.629988
329.633034
329.637567
329.643863
329.645328
329.646113
329.652414
329.663981
329.666546
329.675259
329.679219
329.681002
329.684589
329.688682
329.691607
329.694718
329.695079
329.696045
329.699336
329.718643
329.726287
329.726999
329.727301
329.729049
329.732752
329.73451
329.739161
329.743654
329.746221
329.747848
329.748647
329.757687
329.76126
329.763202
329.771735
329.774204
329.776185
329.779058
329.782939
329.784748
329.786016
329.78941
329.790497
329.794626
329.806691
329.813043
329.816045
329.818424
329.825832
329.852634
329.853044
329.858347
329.865185
329.867745
329.88113
329.886581
329.888793
329.900829
329.905343
329.906635
329.92445
329.933016
329.933562
329.942994
329.960214
329.96556
329.965786
329.968142
329.970985
329.972325
329.975115
329.980087
329.987757
329.989348
329.996901
330.000826
330.006818
330.024915
330.025858
330.026946
330.03146
330.032015
330.034545
330.035521
330.039898
330.0401
330.05021
330.051486
330.056456
330.059305
330.066472
330.06837
330.081408
330.08883
330.092536
330.095437
330.097918
330.104194
330.104706
330.125883
330.135978
330.139801
330.141196
330.149274
330.151584
330.155583
330.168174
330.178765
330.181172
330.185664
330.192227
330.198293
330.206711
330.208336
330.21712
330.22347
330.226124
330.237216
330.240006
330.241656
330.241979
330.248771
330.249931
330.253235
330.25543
330.266962
330.267396
330.274518
330.281384
330.281532
330.283438
330.306947
330.307759
330.312683
330.318475
330.318512
330.325295
330.325859
330.339307
330.346585
330.362584
330.36727
330.372849
330.378094
330.379891
330.391019
330.396633
330.398435
330.402599
330.405132
330.40708
330.407463
330.409312
330.409551
330.411171
330.417927
330.427522
330.428889
330.434818
330.437949
330.4407
330.450826
330.453954
330.456446
330.45727
330.465293
330.4669
330.476007
330.477888
330.499293
330.500062
330.501014
330.503634
330.50744
330.509334
330.513188
330.530825
330.540838
330.542882
330.545527
330.546159
330.553349
330.554617
330.561373
330.565386
330.567422
330.570234
330.57734
330.583402
330.590344
330.597773
330.608132
330.609047
330.611225
330.612682
330.618587
330.618873
330.623908
330.641035
330.648209
330.654172
330.654191
330.662323
330.675215
330.67869
330.689024
330.690994
330.695875
330.714107
330.7294
330.73067
330.739933
330.741169
330.74436
330.748836
330.75973
330.762976
330.771218
330.771556
330.777913
330.790726
330.799017
330.802989
330.804157
330.807857
330.809904
330.809968
330.811177
330.818678
330.820277
330.823994
330.83694
330.838846
330.848881
330.85117
330.853931
330.85397
330.872822
330.874272
330.875876
330.876375
330.88721
330.890331
330.891687
330.900801
330.934689
330.942115
330.944228
330.962638
330.969295
330.972081
330.972262
330.982508
330.985939
330.988336
330.999892
331.004413
331.005713
331.010724
331.029662
331.03105
331.04668
331.048957
331.049175
331.053512
331.070704
331.076994
331.086554
331.091504
331.123202
331.128236
331.133598
331.14155
331.151381
331.155854
331.18675
331.191042
331.194261
331.199838
331.202167
331.203919
331.205675
331.210431
331.212832
331.214443
331.224273
331.227595
331.234882
331.23651
331.240436
331.248257
331.256711
331.262555
331.270607
331.28434
331.286013
331.287068
331.292756
331.295427
331.305033
331.307106
331.308707
331.315672
331.322236
331.326789
331.334568
331.33799
331.340394
331.345025
331.345397
331.347891
331.36895
331.372087
331.376349
331.377556
331.381205
331.381643
331.387799
331.390826
331.394572
331.394583
331.395215
331.416044
331.420045
331.42283
331.42654
331.43151
331.435724
331.441496
331.443942
331.451422
331.467052
331.468449
331.475459
331.487332
331.491342
331.4918
331.504745
331.508997
331.510893
331.5297
331.535539
331.538208
331.545242
331.556189
331.556818
331.558369
331.562202
331.571779
331.591839
331.594457
331.594498
331.598174
331.600951
331.6013
331.602224
331.609164
331.614445
331.618092
331.619267
331.621641
331.625478
331.630566
331.635544
331.641974
331.649983
331.650464
331.651508
331.671964
331.677354
331.686382
331.686875
331.68882
331.697513
331.713889
331.719876
331.723472
331.724119
331.724873
331.72827
331.732784
331.734251
331.75132
331.762249
331.765213
331.767809
331.776637
331.788197
331.791392
331.794094
331.804673
331.806539
331.807246
331.81085
331.813174
331.819844
331.834045
331.835058
331.836796
331.841439
331.841455
331.845505
331.859176
331.862294
331.864551
331.874291
331.88336
331.905431
331.905761
331.921742
331.921898
331.927672
331.931446
331.945935
331.946703
331.956957
331.95759
331.966814
331.96848
331.984204
331.984812
331.987307
331.989801
331.992083
331.993987
331.999048
332.004752
332.005211
332.013589
332.015576
332.016868
332.018121
332.037616
332.038088
332.040534
332.042326
332.042896
332.049232
332.05045
332.060445
332.063243
332.063791
332.07661
332.077925
332.078509
332.083677
332.090343
332.094741
332.102084
332.102521
332.107312
332.115835
332.128216
332.138578
332.14294
332.148757
332.151903
332.153243
332.155289
332.178561
332.181455
332.187938
332.196468
332.205188
332.20896
332.209571
332.230939
332.231544
332.231841
332.234368
332.234644
332.243394
332.253466
332.254253
332.272602
332.273579
332.282851
332.284936
332.285522
332.289681
332.293383
332.295121
332.305235
332.314039
332.31567
332.315844
332.323733
332.328076
332.328683
332.33003
332.330587
332.336811
332.34347
332.345281
332.355653
332.356789
332.35792
332.380912
332.38803
332.389805
332.393291
332.397945
332.399762
332.401274
332.402528
332.424264
332.439343
332.469512
332.472974
332.510088
332.513759
332.528276
332.531365
332.541553
332.545941
332.557952
332.559031
332.561601
332.597801
332.604755
332.610832
332.611501
332.633188
332.646838
332.650182
332.651897
332.662877
332.663341
332.663347
332.67177
332.686321
332.693691
332.697298
332.701663
332.702332
332.713556
332.715427
332.719799
332.722895
332.723901
332.736398
332.738176
332.743988
332.74434
332.747662
332.795919
332.796243
332.799107
332.803108
332.804027
332.817842
332.83539
332.836322
332.838786
332.84507
332.855928
332.860123
332.866131
332.875675
332.885499
332.890427
332.892391
332.894681
332.906026
332.907554
332.915466
332.916376
332.917857
332.931594
332.935837
332.956168
332.97461
332.976701
332.988179
333.001333
333.006025
333.01459
333.020015
333.020997
333.034315
333.037761
333.047205
333.06222
333.08031
333.089671
333.09162
333.097545
333.100347
333.101268
333.102542
333.108015
333.127851
333.14724
333.152894
333.167913
333.175101
333.177944
333.180174
333.185749
333.193522
333.199489
333.211387
333.215901
333.227577
333.229616
333.232014
333.235553
333.253531
333.254873
333.258372
333.262566
333.26425
333.268749
333.276952
333.278501
333.282834
333.284346
333.284649
333.291388
333.297034
333.306955
333.308603
333.309477
333.322008
333.347385
333.357288
333.357422
333.36679
333.367234
333.367377
333.368198
333.370582
333.376397
333.386914
333.391326
333.396341
333.400435
333.407518
333.407691
333.414819
333.41691
333.417899
333.424081
333.427475
333.428208
333.456334
333.464597
333.464711
333.476967
333.48297
333.485932
333.487449
333.488994
333.497219
333.498798
333.501508
333.505412
333.512417
333.515706
333.523058
333.539364
333.546084
333.547866
333.550396
333.563051
333.566662
333.571183
333.57313
333.588158
333.598938
333.602504
333.613651
333.621194
333.622922
333.624921
333.638428
333.639612
333.644238
333.680897
333.685342
333.693546
333.708045
333.714635
333.719235
333.722557
333.725304
333.730041
333.731235
333.733127
333.734518
333.737775
333.762576
333.764501
333.770318
333.77373
333.781754
333.785663
333.786807
333.791041
333.804202
333.81729
333.827121
333.834161
333.839232
333.840388
333.84357
333.845629
333.847834
333.848493
333.856987
333.858358
333.873486
333.87748
333.883384
333.894003
333.897528
333.900566
333.904016
333.914774
333.922117
333.928885
333.931045
333.942507
333.946457
333.961949
333.980437
333.98055
333.98106
333.98155
333.98584
333.993932
333.9959
334.000908
334.02844
334.029488
334.030701
334.043568
334.045648
334.047177
334.04977
334.063584
334.075177
334.07917
334.081453
334.084548
334.089218
334.095735
334.097055
334.113712
334.120749
334.124829
334.127105
334.131181
334.138075
334.143215
334.14565
334.161995
334.164474
334.171337
334.17556
334.186943
334.191577
334.203641
334.205797
334.208279
334.227237
334.234078
334.244229
334.254021
334.254073
334.270055
334.288712
334.291649
334.305293
334.319295
334.319554
334.322475
334.345858
334.352095
334.356197
334.359862
334.369548
334.374335
334.377257
334.381466
334.384841
334.390685
334.4003
334.404543
334.413152
334.417863
334.440591
334.451626
334.464073
334.480088
334.484357
334.484465
334.489297
334.491536
334.513589
334.520396
334.523888
334.544136
334.546126
334.550718
334.565776
334.569081
334.569674
334.57115
334.598893
334.601229
334.601518
334.612142
334.631512
334.635801
334.641543
334.650086
334.653854
334.675645
334.676245
334.683171
334.684609
334.694386
334.695033
334.705583
334.709369
334.711754
334.721987
334.724311
334.736545
334.765026
334.777744
334.781454
334.784114
334.791636
334.800447
334.803144
334.819941
334.822302
334.829328
334.830096
334.845856
334.847158
334.853045
334.87143
334.87497
334.883112
334.890245
334.908528
334.918516
334.924111
334.926663
334.930956
334.947996
334.974552
334.981678
334.990251
334.998946
334.999229
335.003526
335.015074
335.025865
335.027578
335.033605
335.053923
335.059171
335.065952
335.066658
335.068858
335.070328
335.072785
335.075876
335.076815
335.093235
335.127193
335.127559
335.131241
335.133489
335.138778
335.141556
335.151323
335.159842
335.161544
335.169576
335.173225
335.195089
335.200637
335.201581
335.204153
335.208894
335.220035
335.24755
335.254534
335.255991
335.256722
335.259519
335.275238
335.286457
335.288592
335.296699
335.30538
335.306172
335.310591
335.32691
335.335022
335.356939
335.360281
335.364175
335.368539
335.368895
335.370345
335.376385
335.376592
335.376875
335.377486
335.377521
335.382221
335.387888
335.389685
335.393106
335.405635
335.415283
335.419788
335.439587
335.440068
335.449904
335.45169
335.476206
335.493589
335.497055
335.497057
335.499252
335.505664
335.519315
335.520657
335.520874
335.520929
335.522926
335.524856
335.527715
335.532752
335.551114
335.563186
335.566092
335.569267
335.569853
335.570862
335.575501
335.584074
335.592339
335.596351
335.604684
335.640746
335.647815
335.648256
335.649746
335.649776
335.666907
335.670418
335.671619
335.672451
335.682647
335.698162
335.727638
335.746835
335.754259
335.755012
335.763729
335.773753
335.774744
335.790288
335.813914
335.827411
335.851464
335.851526
335.852154
335.885134
335.88712
335.907705
335.9098
335.910325
335.912962
335.917967
335.939243
335.945877
335.950902
335.951339
335.957096
335.9606
335.970868
335.974756
335.977658
335.987679
335.989661
335.997365
336.004955
336.011831
336.020729
336.030396
336.034247
336.042706
336.059762
336.071139
336.119101
336.121095
336.12392
336.130955
336.133041
336.133677
336.134416
336.146354
336.150225
336.173864
336.17801
336.188916
336.189456
336.191149
336.19248
336.197852
336.20019
336.207398
336.208045
336.225667
336.234755
336.244347
336.273536
336.284899
336.287978
336.292628
336.293495
336.298506
336.301325
336.309403
336.317448
336.322716
336.343554
336.349826
336.356102
336.361609
336.379466
336.383621
336.386225
336.388583
336.391512
336.39637
336.406644
336.425715
336.426237
336.426546
336.434671
336.438605
336.447316
336.46296
336.469241
336.470722
336.473787
336.475393
336.488377
336.489654
336.509563
336.526603
336.527511
336.532907
336.540489
336.545965
336.550581
336.551909
336.553727
336.563789
336.573403
336.574375
336.580557
336.606823
336.610842
336.624607
336.632916
336.648558
336.650429
336.65729
336.664597
336.672427
336.679453
336.701294
336.701574
336.708177
336.714768
336.722862
336.723881
336.733207
336.734587
336.739993
336.740859
336.745565
336.75563
336.769347
336.771069
336.772084
336.787624
336.806812
336.807564
336.810213
336.814542
336.815537
336.83249
336.833289
336.834077
336.840374
336.847131
336.853321
336.860649
336.862638
336.872536
336.875732
336.876887
336.878592
336.879403
336.879797
336.893801
336.914808
336.917438
336.936556
336.936904
336.941677
336.943441
336.951148
336.959362
336.968907
336.977145
336.982246
336.986654
337.014506
337.021762
337.030463
337.032611
337.040312
337.060274
337.06155
337.061751
337.065309
337.076945
337.085378
337.095787
337.096938
337.114411
337.114888
337.123096
337.139246
337.140647
337.149526
337.150591
337.152865
337.155114
337.15972
337.173299
337.175326
337.17978
337.188296
337.189795
337.191864
337.192603
337.209393
337.223659
337.225516
337.227647
337.251789
337.253616
337.262097
337.265328
337.279961
337.294613
337.317969
337.336329
337.34573
337.379907
337.386241
337.398482
337.399248
337.406238
337.407723
337.434112
337.439819
337.440869
337.452891
337.453164
337.457602
337.458388
337.459483
337.476168
337.49579
337.500402
337.515778
337.528253
337.534916
337.536719
337.542948
337.552664
337.553859
337.556037
337.595945
337.624582
337.628215
337.634698
337.635101
337.640071
337.667985
337.677314
337.684312
337.688797
337.737861
337.741772
337.741819
337.762641
337.76769
337.778058
337.785042
337.806235
337.822778
337.840762
337.842207
337.849696
337.855164
337.872284
337.891342
337.898275
337.90072
337.908802
337.909634
337.910715
337.925734
337.925794
337.926662
337.928751
337.943892
337.946562
337.963925
337.968878
337.977587
337.977957
337.994473
338.006803
338.019689
338.023461
338.037365
338.066628
338.074014
338.103473
338.116792
338.131283
338.173027
338.176969
338.179005
338.183693
338.186745
338.192053
338.215761
338.22891
338.253161
338.254632
338.264184
338.275617
338.285569
338.288802
338.29035
338.294058
338.297834
338.299047
338.30829
338.310483
338.311861
338.31511
338.34111
338.355651
338.359345
338.367344
338.370945
338.371083
338.375079
338.384239
338.395868
338.402647
338.407853
338.412531
338.41353
338.420165
338.441645
338.459909
338.46955
338.557818
338.560613
338.563806
338.565095
338.585589
338.592013
338.596844
338.619876
338.620981
338.647686
338.669394
338.669427
338.701399
338.710787
338.711752
338.713989
338.72062
338.720782
338.723549
338.727267
338.74543
338.746075
338.750135
338.76791
338.789444
338.805845
338.83392
338.84651
338.851883
338.86024
338.871703
338.894702
338.897665
338.899274
338.901423
338.965756
338.977495
338.980089
338.984562
338.990429
339.043678
339.059848
339.060734
339.062434
339.082224
339.090978
339.09151
339.111485
339.114476
339.123301
339.129432
339.133515
339.142004
339.146817
339.159083
339.16153
339.168848
339.186695
339.188487
339.202868
339.207605
339.221134
339.224984
339.238576
339.258394
339.267669
339.309878
339.328938
339.337073
339.356107
339.358522
339.362568
339.366532
339.371029
339.372122
339.382915
339.414302
339.43194
339.435398
339.464452
339.47084
339.499631
339.525495
339.533693
339.538636
339.550491
339.583562
339.589835
339.595187
339.609964
339.620665
339.626134
339.630124
339.635751
339.640041
339.64081
339.661719
339.67547
339.681681
339.700183
339.700941
339.707926
339.713155
339.733468
339.736586
339.754197
339.763311
339.773799
339.789422
339.794403
339.798662
339.804202
339.807813
339.807966
339.813685
339.81457
339.816061
339.820419
339.826354
339.838985
339.847054
339.849104
339.892276
339.896484
339.897718
339.909599
339.92217
339.924136
339.935665
339.981743
339.990222
340.004249
340.017937
340.025144
340.025797
340.031529
340.038581
340.060251
340.080753
340.083075
340.107196
340.145111
340.157948
340.189987
340.192027
340.195835
340.221981
340.253376
340.279244
340.281583
340.291224
340.314321
340.330226
340.347584
340.348177
340.37227
340.383359
340.399342
340.413702
340.414389
340.415762
340.417334
340.42234
340.430342
340.431872
340.434843
340.439222
340.443263
340.466036
340.474415
340.475816
340.489232
340.499627
340.52902
340.53222
340.563477
340.568961
340.594367
340.612063
340.6187
340.628861
340.642109
340.648081
340.709117
340.720828
340.725292
340.73413
340.737503
340.740755
340.743773
340.7537
340.764861
340.808651
340.817728
340.821739
340.829381
340.829878
340.832086
340.838861
340.910917
340.929609
340.958636
340.991685
340.996473
340.99918
341.011223
341.021973
341.02549
341.032927
341.037591
341.05282
341.055528
341.062675
341.066837
341.087091
341.102553
341.111895
341.131828
341.136426
341.142286
341.145714
341.148748
341.154418
341.174157
341.189461
341.192732
341.201049
341.216081
341.216243
341.217838
341.234687
341.242541
341.276005
341.284923
341.317044
341.335036
341.350425
341.352265
341.370573
341.384635
341.395132
341.427331
341.460999
341.468869
341.521078
341.521166
341.538039
341.565483
341.576922
341.584243
341.587187
341.600566
341.605826
341.612912
341.632472
341.63886
341.689382
341.704331
341.70516
341.73164
341.734563
341.762302
341.774298
341.822769
341.874526
341.874721
341.889938
341.892511
341.899979
341.905272
341.93078
341.945529
341.953731
341.981375
341.986056
341.988395
341.990006
342.013841
342.016944
342.052049
342.101461
342.107113
342.110453
342.120712
342.132549
342.159019
342.165959
342.200654
342.204761
342.217377
342.230515
342.239404
342.246348
342.250813
342.280517
342.283683
342.302354
342.316462
342.323767
342.347248
342.352425
342.386165
342.391205
342.4014
342.409883
342.416979
342.450876
342.458655
342.46036
342.464812
342.483728
342.485628
342.504384
342.505322
342.566316
342.573601
342.574131
342.58249
342.599963
342.626198
342.654681
342.663767
342.665247
342.73371
342.805164
342.812735
342.850298
342.887614
342.897857
342.898005
342.905446
342.9137
342.950467
342.960955
342.978555
343.004345
343.004698
343.012853
343.020792
343.023282
343.029151
343.092025
343.096132
343.122569
343.132973
343.150393
343.154897
343.233667
343.238013
343.250194
343.291502
343.314759
343.314928
343.32556
343.331643
343.337213
343.351927
343.352967
343.353152
343.354165
343.364981
343.39423
343.399101
343.401461
343.407814
343.425589
343.445719
343.478681
343.505792
343.509746
343.514244
343.536898
343.570674
343.586
343.639776
343.644527
343.66058
343.660602
343.667905
343.671351
343.751608
343.789974
343.828442
343.82878
343.830577
343.841158
343.865957
343.895365
343.984905
343.985788
343.989169
344.012181
344.014171
344.02112
344.046849
344.051178
344.076426
344.122203
344.123559
344.129955
344.1528
344.158722
344.166584
344.188683
344.194601
344.195886
344.200249
344.212942
344.240283
344.244377
344.287416
344.293501
344.295178
344.295513
344.310419
344.340921
344.349469
344.374728
344.376354
344.384037
344.42377
344.430429
344.440701
344.466461
344.479241
344.480957
344.49072
344.518197
344.521489
344.544853
344.546381
344.553493
344.555728
344.564852
344.582771
344.583969
344.589365
344.687991
344.737758
344.73961
344.744349
344.747591
344.760892
344.770669
344.770705
344.782877
344.790606
344.839222
344.840904
344.871315
344.899411
344.955013
344.974101
344.975829
344.978379
344.98667
345.02925
345.042164
345.063188
345.083376
345.088327
345.120581
345.131049
345.133171
345.162705
345.169717
345.169722
345.17696
345.196267
345.216327
345.226445
345.230167
345.252012
345.261385
345.270542
345.283617
345.286484
345.333458
345.333594
345.337166
345.349353
345.359853
345.366607
345.370748
345.377658
345.379455
345.383373
345.392802
345.393275
345.407495
345.412753
345.442065
345.452469
345.494752
345.510941
345.525503
345.540658
345.569286
345.569304
345.60641
345.649473
345.656661
345.663447
345.673432
345.690144
345.735868
345.759745
345.807709
345.823898
345.829171
345.849825
345.889638
345.893163
345.917336
345.954621
345.975936
345.997092
346.01266
346.015428
346.03234
346.066432
346.066708
346.100126
346.1399
346.141057
346.147819
346.198195
346.219629
346.231504
346.239997
346.26316
346.34978
346.350409
346.383094
346.427125
346.439817
346.465169
346.469302
346.471255
346.4775
346.48346
346.500797
346.563295
346.564849
346.589667
346.59932
346.608628
346.611896
346.624458
346.634163
346.636052
346.668978
346.688248
346.701013
346.722679
346.734878
346.75609
346.778279
346.801685
346.821703
346.906636
346.91133
346.93036
346.941954
346.969784
346.984045
347.000787
347.00447
347.027705
347.027867
347.031654
347.049227
347.108411
347.110788
347.115681
347.168334
347.183307
347.196707
347.197016
347.220687
347.226537
347.27784
347.29269
347.354151
347.361117
347.372076
347.385601
347.393078
347.398089
347.398254
347.413333
347.464667
347.483676
347.486593
347.4964
347.502934
347.507414
347.528975
347.564376
347.596717
347.647368
347.647606
347.661058
347.66926
347.713394
347.725335
347.754391
347.767984
347.782997
347.845419
347.898534
347.917528
347.929983
347.943194
347.952404
347.975472
347.998084
347.998299
348.019097
348.020224
348.036909
348.0515
348.074448
348.135609
348.15407
348.161456
348.170886
348.170984
348.176138
348.214196
348.234253
348.258473
348.265958
348.282264
348.284189
348.29323
348.298456
348.313439
348.333146
348.347975
348.392901
348.398109
348.426006
348.428445
348.429272
348.533165
348.581547
348.625828
348.656474
348.661594
348.666216
348.731821
348.744189
348.754899
348.772477
348.788285
348.826789
348.851148
348.863422
348.878396
348.878504
348.883626
348.890822
348.896613
348.919726
348.955921
349.001395
349.052869
349.055236
349.070971
349.117644
349.125669
349.126979
349.129144
349.166602
349.199129
349.20051
349.20913
349.213371
349.239313
349.243456
349.271127
349.276305
349.325248
349.354971
349.356705
349.35772
349.360049
349.385758
349.443177
349.45949
349.477841
349.49059
349.513654
349.536051
349.55935
349.572042
349.630934
349.637765
349.63868
349.66423
349.666812
349.678875
349.719896
349.734786
349.779111
349.794596
349.811593
349.812861
349.835184
349.872038
349.8752
349.882591
349.947629
349.957005
349.977176
349.981855
349.985483
350.022836
350.040985
350.042502
350.058239
350.068495
350.091743
350.11487
350.139148
350.148431
350.178194
350.179321
350.198362
350.203529
350.236419
350.365677
350.388508
350.429439
350.437505
350.46694
350.48294
350.570593
350.577622
350.583839
350.586291
350.643053
350.685348
350.729393
350.730409
350.778816
350.783764
350.799986
350.84762
350.847961
350.870399
350.896755
350.97797
350.985869
351.110366
351.110649
351.114294
351.118331
351.1195
351.149608
351.176471
351.18771
351.238151
351.261467
351.307094
351.385285
351.389605
351.465918
351.472594
351.571268
351.591054
351.657157
351.665601
351.705457
351.80057
351.895197
351.895593
351.92515
351.964653
351.993175
352.020029
352.027487
352.068841
352.074206
352.086911
352.087428
352.088563
352.113163
352.137487
352.149497
352.195911
352.201448
352.236518
352.296052
352.336093
352.338519
352.344258
352.350924
352.42068
352.460855
352.464936
352.472309
352.480856
352.500468
352.520235
352.526484
352.672954
352.673511
352.734069
352.743002
352.762044
352.867693
352.870394
352.91076
352.932838
352.934717
352.9855
353.068566
353.078448
353.112426
353.180548
353.204483
353.211508
353.232174
353.259757
353.292201
353.325877
353.326894
353.347285
353.370385
353.414182
353.450747
353.456022
353.490386
353.499676
353.500548
353.549727
353.624982
353.654413
353.698943
353.759558
353.831783
353.845637
353.864727
353.895619
353.910135
354.0289
354.064321
354.138424
354.15273
354.15622
354.180161
354.204034
354.209012
354.209406
354.212848
354.213073
354.21962
354.317856
354.335024
354.450678
354.517464
354.58865
354.6172
354.692017
354.697654
354.702058
354.766668
354.865936
354.996727
355.018955
355.072527
355.101782
355.131429
355.209498
355.271719
355.319825
355.373387
355.3954
355.396745
355.398135
355.411036
355.427097
355.446302
355.458263
355.524559
355.588675
355.605169
355.800497
355.895454
355.93992
356.142497
356.203083
356.211461
356.237772
356.305467
356.310895
356.330917
356.355447
356.477161
356.496994
356.51984
356.531059
356.549073
356.551092
356.555703
356.569388
356.584077
356.605914
356.70017
356.717701
356.76584
356.775535
356.875422
356.888356
357.000688
357.003979
357.03059
357.034802
357.076124
357.109422
357.137549
357.159795
357.188671
357.379823
357.387776
357.452426
357.505039
357.68697
357.761124
357.843765
357.869286
357.872774
357.921488
358.111881
358.124939
358.214744
358.268501
358.279037
358.520266
358.599815
358.602597
358.658613
358.712241
358.744402
358.824035
358.927152
358.946476
359.057811
359.104389
359.289561
359.329498
359.331424
359.439816
359.46275
359.529936
359.619354
359.637115
359.640522
359.792109
359.799904
359.850621
359.85523
359.86615
359.976736
359.978112
360.015094
360.031161
360.078768
360.118503
360.161017
360.197198
360.206355
360.251739
360.259555
360.2686
360.276842
360.309223
360.31423
360.3254
360.454757
360.520912
360.600706
360.653365
360.718481
360.743613
360.904208
360.936253
360.953779
360.969189
360.977433
361.059772
361.332288
361.726892
362.029138
362.09113
362.134976
362.147563
362.232368
362.309889
362.548012
362.559985
362.580735
362.593094
362.597736
362.657376
362.71361
362.76747
362.789016
362.820825
362.842772
362.910455
363.005354
363.138033
363.400316
363.45869
363.804396
363.824582
363.886049
363.996586
364.015448
364.052
364.058669
364.099691
364.230389
364.280356
364.409623
364.426672
364.48237
364.550661
364.600844
364.670556
364.940518
364.966699
365.055431
365.159307
365.19355
365.305431
365.39879
365.471455
365.582019
365.839738
365.859194
365.953965
365.95463
365.980819
366.079899
366.125807
366.237174
366.252266
366.56159
366.645692
366.671561
366.836115
366.896425
367.044962
367.329677
367.5342
367.555505
368.132554
368.312057
368.774566
368.987674
369.032667
369.049029
369.142367
369.163675
369.299034
369.324871
369.505514
369.631971
369.725217
369.792154
369.796334
369.842884
369.845338
370.016372
370.07206
370.461466
370.47287
370.580191
371.004704
371.222487
371.292742
371.40673
371.679208
371.82174
372.118108
372.176378
372.213356
372.508317
373.04931
373.389449
373.474783
373.509653
373.542616
373.988035
374.14675
374.200815
374.39474
374.661955
374.744298
374.820442
375.051313
375.127197
375.288411
375.698776
375.97641
376.29811
376.384281
376.57768
376.751576
377.662653
377.668114
377.756641
377.971159
377.975905
378.065417
378.225176
378.674813
378.822744
379.095577
379.108665
379.205741
379.312263
379.877801
380.504838
380.976346
381.202307
381.416022
381.468329
382.045174
382.074366
382.19737
382.239797
382.251657
382.276081
382.473337
383.357462
383.617873
383.87503
384.20626
384.255419
384.547738
384.936591
385.03903
386.045031
386.226791
386.705386
387.022721
387.027127
387.053774
387.088264
387.54637
388.221324
388.938891
389.236111
389.718286
390.355391
390.409251
391.438945
391.471222
391.725127
392.716269
393.358457
393.75025
394.981843
395.297214
397.23983
397.980484
398.744219
400.359816
401.735276
401.754009
402.368297
403.277756
403.98664
407.514781
413.38034
416.046535
418.175948
418.566889
418.583346
418.8503
423.201652
423.902101
424.367963
425.941791
427.438359
428.807651
430.533904
431.598962
433.692062
434.594205
436.898674
443.607653
446.629337
448.347025
452.727622
452.817817
460.511273
463.941454
469.573809
474.682584
480.773342
481.379605
482.125128
483.763041
488.318155
488.534564
491.623027
496.843976
498.793663
501.438069
502.222338
503.390922
535.870471
539.697968
571.015942
592.680548
593.191602
607.558644
620.898895
621.153977
635.299845
648.148739
656.173395
670.582656
672.725357
686.134072
688.07184
695.151465
741.338773
766.166019
777.703821
786.53797
827.198723
915.615167
1232.903659
1461.027592
1521.018269
