25.404916
152.424274
155.76636
156.600244
211.925433
220.344735
284.972503
286.646947
291.623106
292.516745
294.635872
294.797012
295.062167
295.278405
295.29113
295.817088
295.936355
296.162116
296.827521
297.049437
298.505627
298.61327
298.915771
299.634626
299.666235
301.118445
301.724592
301.796328
302.062432
302.246429
303.008561
303.5766
303.72847
303.959154
304.816323
304.929767
305.940981
306.02003
306.067301
306.580154
306.949944
306.953706
307.270683
307.639408
307.832599
308.428526
308.469862
308.647971
309.079097
309.399938
309.729769
310.217817
310.504473
310.634684
310.976412
310.995747
311.513161
311.575702
311.646728
312.212687
312.440648
312.980321
313.503901
313.51189
314.16622
314.741528
315.021432
315.052496
315.076324
315.374841
317.272274
317.307452
318.207029
318.304845
318.401477
318.723244
318.769321
318.854267
319.144851
319.262494
319.858471
320.182471
320.373269
320.86126
322.87315
322.956322
323.358374
323.71617
323.746607
323.765823
324.1478
324.647288
325.850971
325.896448
326.545303
326.690465
327.314141
328.97932
329.0663
329.63297
330.083349
330.243417
330.380559
333.023318
334.458684
334.724229
335.652759
337.813949
338.809764
340.258699
346.070099
354.327401
