167.736915
174.954533
209.078547
216.632327
218.658645
219.168015
230.89967
235.278186
256.81317
257.514657
260.438405
262.633453
264.816276
268.658997
268.982535
288.028876
288.399779
288.724746
290.535051
292.544981
296.417952
297.778673
298.922756
299.232477
299.448544
300.485006
300.681461
300.852872
301.282912
301.947012
302.156722
302.221866
302.236633
302.244483
302.512923
302.843068
302.854863
303.028982
303.238857
303.275565
303.361374
303.597139
303.89142
303.915002
303.951556
304.166715
304.385844
304.427536
304.638623
304.839409
305.051526
305.260936
305.504982
305.50675
305.545522
305.584426
305.842793
306.215901
306.392694
306.602293
306.682179
306.83082
307.135442
307.209983
307.388863
307.49297
307.573565
307.610144
307.634045
307.786085
307.842304
307.949616
307.989043
308.343924
308.366954
308.425507
308.86434
308.911958
308.921206
309.102295
309.2809
309.328141
309.383047
309.412299
309.531906
309.737111
309.777107
309.828601
309.852817
309.872181
309.87493
309.904002
310.081243
310.269377
310.520836
310.596049
310.620029
310.728125
310.806832
310.903371
311.290786
311.334511
311.411261
311.456014
311.466592
311.4922
311.571452
311.590524
311.597525
311.728658
311.775192
311.895999
311.953995
311.967752
312.020503
312.08706
312.138875
312.197282
312.222367
312.312137
312.31461
312.327755
312.363656
312.401456
312.403361
312.550538
312.665415
312.695158
312.771962
312.778554
312.809231
312.816015
312.910478
312.967653
312.97914
313.069793
313.101014
313.123569
313.250195
313.26332
313.326152
313.441871
313.573775
313.574974
313.610084
313.645592
313.699104
313.708148
313.744861
313.753193
313.891144
313.92295
313.928207
314.005282
314.019046
314.034224
314.061133
314.089772
314.123215
314.142007
314.199236
314.246881
314.25148
314.259105
314.27212
314.389669
314.454081
314.514728
314.521227
314.546559
314.676356
314.700994
314.758354
314.792876
314.796005
314.83327
314.845341
314.877597
314.891113
314.940721
314.959927
315.002531
315.065179
315.066909
315.133868
315.142535
315.154515
315.179015
315.18495
315.212775
315.212832
315.234839
315.247841
315.274833
315.280163
315.285309
315.286047
315.298549
315.3464
315.358386
315.393208
315.397472
315.430508
315.436038
315.436173
315.436294
315.460321
315.48368
315.492256
315.514289
315.51506
315.516177
315.519373
315.538294
315.543597
315.54402
315.544236
315.596746
315.615271
315.679486
315.693517
315.70576
315.714375
315.804482
315.824022
315.835896
315.876908
315.883181
315.927157
315.930999
315.934571
315.936316
315.960799
315.968507
315.972287
315.996615
315.99756
316.136105
316.150928
316.195882
316.215676
316.229776
316.233063
316.233184
316.336039
316.385253
316.393365
316.450458
316.462967
316.477222
316.492591
316.500153
316.508877
316.545025
316.562377
316.584714
316.593047
316.605747
316.63373
316.64505
316.675709
316.680424
316.726349
316.765917
316.823098
316.848329
316.856182
316.87697
316.93153
316.950774
316.971654
317.02006
317.024381
317.03283
317.049164
317.063279
317.067035
317.07135
317.079801
317.080485
317.083015
317.11801
317.194399
317.210221
317.224666
317.231355
317.271464
317.272172
317.278919
317.340095
317.341272
317.347805
317.356051
317.371502
317.392879
317.394963
317.40159
317.439736
317.477736
317.511925
317.513358
317.551436
317.553983
317.565091
317.580401
317.605722
317.646305
317.663279
317.681294
317.686016
317.692096
317.695089
317.737586
317.747222
317.759391
317.799497
317.827156
317.832204
317.855284
317.90617
317.981434
317.984484
318.038049
318.055
318.064507
318.076705
318.08403
318.086594
318.117747
318.124892
318.137184
318.147961
318.220791
318.22279
318.249384
318.28987
318.305713
318.339911
318.339986
318.344936
318.351781
318.366831
318.392695
318.395009
318.404215
318.411217
318.411752
318.431609
318.437457
318.460514
318.466377
318.47602
318.479138
318.499047
318.509822
318.523307
318.538188
318.543541
318.57689
318.601654
318.655654
318.662468
318.68721
318.698391
318.70759
318.71265
318.732507
318.789838
318.795412
318.797592
318.803515
318.806184
318.815737
318.822254
318.826331
318.831864
318.83277
318.844237
318.854971
318.865551
318.909921
318.92703
318.937323
318.95022
318.966638
318.974778
318.984934
319.00807
319.015001
319.037853
319.074912
319.082953
319.140538
319.160652
319.166498
319.182757
319.184311
319.213299
319.220828
319.255139
319.270602
319.278844
319.284955
319.319298
319.337691
319.349507
319.357025
319.359557
319.361692
319.384126
319.442427
319.490124
319.49128
319.511772
319.522996
319.523699
319.525935
319.5805
319.634453
319.639908
319.655791
319.661266
319.664868
319.670035
319.678479
319.702346
319.734061
319.743657
319.749024
319.760033
319.789801
319.802804
319.815013
319.81722
319.828722
319.847106
319.855028
319.867099
319.88643
319.895312
319.896503
319.917868
319.941271
319.955242
319.963053
319.978136
319.98559
319.999288
319.999875
320.000126
320.006461
320.015313
320.070734
320.082422
320.084785
320.091203
320.133071
320.136659
320.159591
320.172774
320.208929
320.211101
320.231217
320.232116
320.236801
320.238667
320.255375
320.277687
320.314108
320.320775
320.345286
320.381986
320.39177
320.393456
320.407703
320.410561
320.4184
320.431419
320.443001
320.446176
320.470194
320.479619
320.491434
320.492454
320.548352
320.5826
320.585472
320.615135
320.62308
320.646508
320.685454
320.689284
320.706954
320.723605
320.746186
320.787994
320.80012
320.80575
320.827491
320.829202
320.834616
320.841539
320.842664
320.854074
320.860354
320.865742
320.876492
320.889057
320.894919
320.905603
320.943406
320.948978
320.953808
320.99972
321.06148
321.074174
321.10326
321.137408
321.147888
321.179903
321.180569
321.188089
321.240867
321.29968
321.304475
321.307391
321.325253
321.356237
321.358286
321.365295
321.366457
321.401501
321.417748
321.44499
321.457196
321.461194
321.461337
321.464886
321.514268
321.514371
321.517489
321.518231
321.540917
321.580021
321.595792
321.616116
321.623881
321.657396
321.672009
321.690648
321.698868
321.699562
321.703222
321.744772
321.804464
321.828945
321.845941
321.860594
321.864906
321.866523
321.874321
321.895682
321.903083
321.911574
321.951351
321.959388
322.051872
322.064414
322.070453
322.07459
322.077892
322.088194
322.09214
322.104148
322.11822
322.158002
322.173116
322.205568
322.212691
322.221529
322.240113
322.269883
322.290034
322.296762
322.308055
322.31312
322.350594
322.373439
322.385564
322.393709
322.40085
322.418991
322.427743
322.437689
322.441284
322.454094
322.465206
322.467138
322.479858
322.481729
322.504506
322.523869
322.539732
322.550369
322.556116
322.559377
322.564275
322.607327
322.611375
322.648475
322.657567
322.672435
322.686759
322.700238
322.707992
322.751293
322.770571
322.774194
322.80138
322.802889
322.811
322.841413
322.847968
322.861375
322.880093
322.888901
322.916987
322.952745
322.968905
322.982066
322.983484
323.015686
323.043599
323.046244
323.062193
323.085938
323.097245
323.107741
323.119652
323.121286
323.159817
323.172635
323.174816
323.185714
323.199356
323.212508
323.225054
323.237154
323.252763
323.306223
323.336837
323.346355
323.369834
323.383459
323.395087
323.399231
323.415968
323.435719
323.441174
323.450056
323.478966
323.488041
323.48883
323.506454
323.510521
323.514874
323.51905
323.532929
323.543968
323.559672
323.578526
323.60503
323.636683
323.64047
323.646093
323.670929
323.686858
323.69474
323.696463
323.702772
323.720012
323.720932
323.72151
323.725744
323.725852
323.737822
323.776004
323.779962
323.780484
323.781891
323.784066
323.826231
323.832267
323.847139
323.857708
323.865875
323.896352
323.90408
323.923369
323.927828
323.940508
323.942605
323.980012
323.996552
324.002843
324.022527
324.024503
324.031192
324.03177
324.037124
324.045885
324.073322
324.090936
324.104607
324.108541
324.110231
324.111706
324.1189
324.13206
324.132157
324.137912
324.159403
324.176166
324.183214
324.196082
324.201966
324.205567
324.210832
324.216751
324.218982
324.243216
324.244446
324.249908
324.341737
324.342733
324.363323
324.385812
324.394693
324.395563
324.402836
324.419344
324.434695
324.447191
324.452146
324.453502
324.459058
324.463446
324.479966
324.485341
324.502063
324.515128
324.518736
324.520203
324.548962
324.558131
324.596458
324.599606
324.625304
324.627773
324.653399
324.653566
324.655022
324.68753
324.687626
324.713781
324.715935
324.722807
324.729814
324.730857
324.735057
324.736527
324.741352
324.74579
324.752615
324.76292
324.794861
324.809947
324.815427
324.822663
324.867166
324.869563
324.876756
324.881732
324.88699
324.888304
324.896208
324.916397
324.924874
324.934425
324.963562
324.99985
325.006877
325.01753
325.036213
325.046087
325.074135
325.077698
325.078621
325.082658
325.083857
325.089823
325.111771
325.111778
325.167505
325.170421
325.17981
325.219103
325.224959
325.250646
325.259863
325.264318
325.280343
325.2823
325.3007
325.302047
325.316254
325.343879
325.376665
325.391881
325.397243
325.409871
325.41184
325.415359
325.422697
325.46257
325.471132
325.496286
325.512543
325.519022
325.522281
325.524106
325.553292
325.57584
325.57716
325.579512
325.598976
325.648375
325.664272
325.67408
325.724395
325.731698
325.753131
325.755915
325.775695
325.791082
325.79329
325.795738
325.798693
325.813782
325.831754
325.846996
325.850774
325.854631
325.862739
325.86375
325.870395
325.882638
325.900286
325.902333
325.933721
325.974603
326.014604
326.014942
326.041351
326.042526
326.054554
326.055362
326.072301
326.078458
326.087999
326.115767
326.115915
326.116219
326.126911
326.137103
326.153672
326.162881
326.181733
326.183506
326.189479
326.190277
326.192181
326.208078
326.217447
326.225258
326.230781
326.23801
326.244055
326.291189
326.304675
326.307138
326.334344
326.335626
326.339237
326.350567
326.354659
326.359892
326.381473
326.390308
326.39332
326.407568
326.419876
326.425147
326.44811
326.45174
326.456165
326.462694
326.477739
326.488455
326.499501
326.50082
326.510958
326.520842
326.527773
326.546425
326.556975
326.558444
326.562958
326.586674
326.598838
326.599842
326.603801
326.6184
326.642073
326.653351
326.689128
326.692286
326.693569
326.693752
326.697067
326.697158
326.700977
326.701498
326.704609
326.708506
326.711741
326.716661
326.719046
326.722409
326.722486
326.742203
326.745576
326.761536
326.782277
326.785578
326.78937
326.802485
326.833118
326.840576
326.851654
326.853338
326.860191
326.880144
326.905988
326.910783
326.910902
326.927723
326.934989
326.952797
326.953031
326.97303
326.979817
326.989926
327.000905
327.021473
327.026344
327.044618
327.061571
327.067458
327.072691
327.076537
327.078106
327.083816
327.11211
327.122704
327.131181
327.175376
327.178287
327.196208
327.257881
327.260328
327.265874
327.280285
327.290305
327.291035
327.319189
327.321611
327.327708
327.33809
327.355321
327.361939
327.374581
327.384151
327.385212
327.386152
327.404843
327.422439
327.452824
327.471075
327.492349
327.492723
327.496697
327.515519
327.542137
327.544579
327.549042
327.576112
327.578819
327.580987
327.589414
327.594278
327.595655
327.601761
327.602958
327.607735
327.618068
327.619699
327.620137
327.620768
327.625578
327.626265
327.629232
327.62934
327.632906
327.646555
327.652395
327.653896
327.662062
327.664397
327.694412
327.703656
327.708945
327.713934
327.731772
327.775587
327.805216
327.816347
327.831218
327.833639
327.864858
327.865971
327.870262
327.91154
327.911806
327.927622
327.927914
327.942729
327.967616
327.972842
327.980509
328.004215
328.007271
328.011748
328.026021
328.047517
328.060048
328.088508
328.090579
328.094405
328.102115
328.124083
328.135308
328.137171
328.143912
328.149531
328.156368
328.158049
328.200354
328.207828
328.211322
328.216681
328.233021
328.285197
328.288558
328.306217
328.310759
328.330541
328.334063
328.353102
328.369273
328.381444
328.403775
328.417459
328.43732
328.441519
328.500796
328.500866
328.505473
328.585811
328.589279
328.590724
328.592226
328.609825
328.610868
328.621189
328.645471
328.652466
328.677078
328.684472
328.685834
328.694763
328.71678
328.723154
328.75707
328.793646
328.821725
328.838878
328.84049
328.841787
328.84669
328.857541
328.861122
328.871464
328.881699
328.898384
328.903939
328.911363
328.957466
328.967659
328.971764
328.98446
329.013474
329.014456
329.026854
329.03273
329.041388
329.04488
329.053334
329.054384
329.057537
329.078723
329.080668
329.085477
329.092815
329.09833
329.100494
329.123437
329.143608
329.159524
329.170917
329.172501
329.17488
329.190803
329.206241
329.207832
329.218069
329.237612
329.255018
329.262098
329.266662
329.26912
329.269666
329.290269
329.309821
329.314476
329.322507
329.366342
329.392486
329.408715
329.417248
329.427764
329.444768
329.472771
329.483453
329.497668
329.501747
329.509215
329.520032
329.533517
329.535729
329.538861
329.564026
329.566226
329.580318
329.581691
329.589194
329.603074
329.604001
329.619589
329.633034
329.645328
329.646113
329.688682
329.691607
329.696045
329.726287
329.729049
329.73451
329.746221
329.747848
329.748647
329.779058
329.784748
329.790497
329.794626
329.818424
329.825832
329.865185
329.867745
329.88113
329.886581
329.900829
329.905343
329.906635
329.933562
329.960214
329.987757
329.989348
330.024915
330.03146
330.032015
330.039898
330.056456
330.066472
330.092536
330.095437
330.097918
330.104194
330.135978
330.149274
330.155583
330.168174
330.178765
330.192227
330.21712
330.240006
330.241656
330.241979
330.248771
330.266962
330.267396
330.283438
330.306947
330.325295
330.339307
330.372849
330.378094
330.379891
330.391019
330.396633
330.40708
330.407463
330.409312
330.411171
330.427522
330.434818
330.4407
330.456446
330.465293
330.509334
330.530825
330.546159
330.553349
330.554617
330.565386
330.570234
330.57734
330.611225
330.612682
330.689024
330.690994
330.714107
330.739933
330.771556
330.802989
330.809904
330.809968
330.811177
330.818678
330.820277
330.823994
330.83694
330.838846
330.85117
330.853931
330.872822
330.874272
330.876375
330.890331
330.972081
330.972262
330.985939
330.999892
331.004413
331.03105
331.04668
331.048957
331.086554
331.091504
331.14155
331.155854
331.191042
331.199838
331.205675
331.248257
331.262555
331.270607
331.292756
331.305033
331.326789
331.334568
331.36895
331.387799
331.416044
331.441496
331.443942
331.467052
331.475459
331.487332
331.491342
331.4918
331.504745
331.5297
331.594457
331.594498
331.614445
331.625478
331.635544
331.649983
331.677354
331.686382
331.713889
331.724119
331.724873
331.767809
331.776637
331.791392
331.807246
331.813174
331.845505
331.859176
331.874291
331.905431
331.921898
331.927672
331.946703
331.96848
331.984812
331.987307
331.993987
332.004752
332.016868
332.037616
332.040534
332.042326
332.042896
332.05045
332.07661
332.077925
332.078509
332.090343
332.151903
332.155289
332.178561
332.187938
332.209571
332.231841
332.253466
332.254253
332.284936
332.295121
332.305235
332.31567
332.315844
332.323733
332.33003
332.38803
332.401274
332.472974
332.510088
332.545941
332.557952
332.559031
332.610832
332.611501
332.633188
332.650182
332.662877
332.663347
332.67177
332.693691
332.697298
332.702332
332.723901
332.736398
332.738176
332.743988
332.74434
332.795919
332.803108
332.860123
332.885499
332.906026
332.931594
332.956168
332.976701
333.006025
333.01459
333.020015
333.047205
333.089671
333.09162
333.100347
333.102542
333.14724
333.152894
333.175101
333.185749
333.193522
333.211387
333.215901
333.229616
333.253531
333.254873
333.258372
333.26425
333.276952
333.284649
333.306955
333.309477
333.322008
333.367377
333.391326
333.396341
333.407518
333.414819
333.41691
333.456334
333.476967
333.515706
333.523058
333.539364
333.550396
333.571183
333.588158
333.621194
333.624921
333.644238
333.685342
333.693546
333.708045
333.719235
333.725304
333.731235
333.762576
333.77373
333.785663
333.791041
333.81729
333.827121
333.834161
333.840388
333.845629
333.847834
333.858358
333.873486
333.883384
333.894003
333.897528
333.900566
333.914774
333.928885
333.931045
333.942507
333.980437
333.9959
334.000908
334.029488
334.04977
334.063584
334.075177
334.081453
334.097055
334.127105
334.143215
334.161995
334.171337
334.17556
334.203641
334.227237
334.244229
334.254073
334.352095
334.356197
334.359862
334.384841
334.4003
334.417863
334.440591
334.451626
334.464073
334.484357
334.489297
334.491536
334.513589
334.520396
334.523888
334.544136
334.550718
334.598893
334.601229
334.631512
334.641543
334.653854
334.675645
334.683171
334.695033
334.709369
334.724311
334.784114
334.803144
334.87497
334.890245
334.908528
334.918516
334.924111
334.926663
334.981678
334.990251
334.999229
335.025865
335.027578
335.066658
335.068858
335.070328
335.076815
335.133489
335.141556
335.151323
335.161544
335.195089
335.200637
335.201581
335.208894
335.220035
335.24755
335.254534
335.256722
335.259519
335.286457
335.288592
335.30538
335.310591
335.32691
335.360281
335.364175
335.370345
335.376875
335.377521
335.387888
335.415283
335.419788
335.493589
335.497055
335.497057
335.499252
335.519315
335.520874
335.520929
335.563186
335.575501
335.584074
335.592339
335.647815
335.666907
335.682647
335.746835
335.755012
335.774744
335.790288
335.851526
335.852154
335.885134
335.9098
335.917967
335.957096
335.974756
335.977658
336.004955
336.020729
336.134416
336.150225
336.173864
336.197852
336.207398
336.244347
336.287978
336.301325
336.322716
336.349826
336.383621
336.386225
336.388583
336.426237
336.426546
336.46296
336.470722
336.473787
336.489654
336.550581
336.551909
336.553727
336.563789
336.573403
336.574375
336.648558
336.650429
336.664597
336.679453
336.714768
336.733207
336.769347
336.771069
336.814542
336.815537
336.847131
336.879403
336.879797
336.893801
336.917438
336.959362
336.982246
336.986654
337.014506
337.030463
337.040312
337.060274
337.06155
337.065309
337.076945
337.095787
337.096938
337.114411
337.123096
337.140647
337.150591
337.175326
337.17978
337.189795
337.191864
337.192603
337.223659
337.225516
337.262097
337.379907
337.386241
337.399248
337.407723
337.434112
337.439819
337.452891
337.457602
337.515778
337.534916
337.553859
337.624582
337.628215
337.635101
337.640071
337.737861
337.741772
337.76769
337.778058
337.806235
337.840762
337.872284
337.898275
337.908802
337.926662
337.928751
337.963925
337.977587
338.019689
338.037365
338.066628
338.179005
338.215761
338.254632
338.275617
338.310483
338.311861
338.31511
338.370945
338.384239
338.41353
338.46955
338.563806
338.565095
338.585589
338.592013
338.701399
338.711752
338.713989
338.72062
338.723549
338.727267
338.74543
338.746075
338.83392
338.86024
338.871703
338.897665
338.980089
338.984562
339.043678
339.060734
339.062434
339.082224
339.111485
339.114476
339.129432
339.146817
339.159083
339.16153
339.168848
339.221134
339.267669
339.328938
339.362568
339.382915
339.43194
339.435398
339.464452
339.499631
339.533693
339.538636
339.550491
339.583562
339.626134
339.630124
339.635751
339.67547
339.681681
339.707926
339.713155
339.763311
339.789422
339.794403
339.807966
339.813685
339.81457
339.849104
339.892276
339.896484
339.897718
339.909599
339.92217
339.924136
340.038581
340.083075
340.145111
340.221981
340.253376
340.330226
340.348177
340.414389
340.415762
340.417334
340.439222
340.466036
340.475816
340.499627
340.563477
340.648081
340.720828
340.73413
340.7537
340.817728
340.821739
340.829381
340.832086
340.838861
340.929609
340.99918
341.011223
341.066837
341.087091
341.154418
341.192732
341.201049
341.216081
341.284923
341.384635
341.521166
341.538039
341.612912
341.762302
341.874526
341.892511
341.945529
341.990006
342.101461
342.120712
342.159019
342.239404
342.283683
342.302354
342.347248
342.483728
342.599963
342.654681
342.665247
342.850298
342.898005
342.905446
342.9137
343.004698
343.012853
343.029151
343.122569
343.150393
343.233667
343.331643
343.354165
343.364981
343.401461
343.445719
343.509746
343.671351
343.789974
343.841158
343.865957
343.989169
344.012181
344.122203
344.1528
344.166584
344.194601
344.295513
344.340921
344.440701
344.479241
344.518197
344.544853
344.553493
344.564852
344.583969
344.73961
344.747591
344.760892
344.839222
344.955013
344.978379
344.98667
345.042164
345.088327
345.131049
345.169722
345.252012
345.286484
345.370748
345.383373
345.392802
345.407495
345.412753
345.494752
345.525503
345.540658
345.649473
345.656661
345.823898
345.893163
345.917336
346.015428
346.03234
346.066708
346.239997
346.26316
346.350409
346.427125
346.48346
346.563295
346.59932
346.611896
346.634163
346.688248
346.701013
346.821703
347.027705
347.115681
347.168334
347.183307
347.226537
347.361117
347.413333
347.713394
347.767984
347.782997
347.929983
347.943194
347.998084
347.998299
348.036909
348.15407
348.161456
348.176138
348.265958
348.29323
348.333146
348.392901
348.426006
348.533165
348.656474
348.661594
348.731821
348.919726
349.001395
349.070971
349.125669
349.166602
349.243456
349.356705
349.35772
349.443177
349.49059
349.513654
349.55935
349.719896
349.872038
349.957005
349.977176
350.068495
350.179321
350.570593
350.643053
350.799986
350.84762
350.97797
351.118331
351.18771
351.261467
351.80057
351.895197
352.020029
352.068841
352.074206
352.201448
352.336093
352.344258
352.464936
352.480856
352.673511
352.762044
352.932838
353.180548
353.204483
353.211508
353.414182
353.654413
353.864727
354.064321
354.180161
354.209406
354.213073
354.21962
354.58865
354.865936
355.018955
355.072527
355.131429
355.209498
355.3954
355.396745
356.330917
356.551092
356.70017
356.717701
356.775535
356.888356
357.076124
357.452426
357.505039
357.761124
357.921488
358.712241
358.744402
358.927152
359.46275
359.529936
360.078768
360.197198
360.31423
360.3254
360.904208
361.332288
362.029138
362.309889
362.580735
362.657376
362.71361
363.005354
363.886049
364.015448
364.058669
364.099691
364.280356
365.305431
365.471455
365.582019
366.125807
366.671561
368.132554
368.774566
369.032667
369.163675
369.299034
370.07206
371.292742
372.176378
373.389449
373.988035
374.200815
375.127197
375.698776
378.065417
378.822744
379.095577
380.976346
381.468329
382.239797
384.255419
384.936591
387.053774
387.088264
390.355391
416.046535
434.594205
448.347025
481.379605
496.843976
503.390922
535.870471
648.148739
656.173395
688.07184
1232.903659
1521.018269
