1276.483005
1319.591142
1381.849054
1385.444847
1399.001785
1413.323925
1420.235855
1428.260134
1455.381148
1463.570506
1473.166038
1477.183177
1479.566215
1483.641263
1498.241011
1498.985726
1502.771851
1510.934485
1511.041674
1513.26378
1516.465444
1521.001978
1522.245037
1541.027825
1555.561993
1561.323921
1576.121877
1577.134176
1600.779218
1607.877245
1609.499757
1611.018231
1624.641491
1624.757532
1630.144101
1630.38432
1643.291999
1652.755456
1654.07212
1657.652878
1675.478389
1677.29438
1678.978804
1686.370638
1688.507448
1688.727845
1688.853835
1688.875988
1689.108973
1690.682458
1693.061495
1693.23136
1694.09674
1694.621164
1695.05807
1698.24062
1699.934391
1701.595704
1702.07219
1702.072361
1702.097678
1703.18535
1703.323914
1703.871232
1704.007865
1704.302473
1704.672171
1705.535319
1708.242943
1708.577382
1708.708887
1708.911714
1709.037152
1709.427238
1709.510376
1709.997377
1710.718961
1710.800986
1710.871012
1710.969773
1711.600714
1711.608683
1711.977128
1712.664351
1712.902221
1713.193201
1713.238821
1713.645245
1713.854056
1713.934437
1713.962089
1714.084394
1714.353413
1714.544975
1715.154769
1715.185534
1715.384265
1715.52014
1715.968558
1717.527674
1717.622128
1717.663009
1717.70258
1717.949968
1718.491248
1718.67868
1718.702958
1719.183795
1719.663088
1719.744368
1720.001476
1720.153401
1721.279091
1721.281518
1721.628818
1721.704626
1722.060791
1722.087504
1722.095041
1722.100826
1723.072858
1723.101491
1723.127656
1723.184118
1723.301921
1724.060701
1724.159344
1724.253853
1724.387585
1724.701847
1724.759135
1725.053243
1725.127622
1725.309563
1725.394305
1725.451649
1725.920481
1726.096501
1726.161968
1726.443766
1726.747494
1726.749877
1727.189819
1727.428762
1727.45901
1727.543784
1727.851545
1728.205446
1728.594274
1728.76412
1728.891897
1729.084416
1729.176225
1729.217338
1729.265084
1729.439524
1729.532869
1729.983567
1730.213323
1730.375015
1730.675197
1730.720538
1730.77361
1730.900925
1731.082824
1731.092206
1731.202297
1731.209912
1731.49623
1731.624319
1731.646072
1731.95026
1731.973394
1732.032349
1732.066744
1732.131066
1732.487193
1732.683843
1732.822135
1733.034378
1733.188838
1733.211993
1733.407157
1733.421011
1733.500416
1733.521849
1733.566463
1733.694265
1733.812313
1733.880352
1734.057459
1734.127162
1734.196007
1734.419696
1734.449576
1734.51513
1734.721329
1734.922113
1734.946607
1734.970658
1734.98361
1735.333854
1735.556629
1735.58138
1735.631193
1735.686634
1735.966681
1736.254045
1736.379464
1736.623559
1736.701495
1736.884501
1737.011392
1737.34274
1737.424909
1737.550064
1737.55367
1738.049839
1738.230073
1738.24113
1738.388843
1738.679944
1738.850135
1739.05101
1739.216933
1739.581379
1739.993689
1740.100485
1740.251051
1740.506935
1740.517596
1740.856341
1741.125341
1741.205651
1741.215927
1741.265298
1741.411435
1741.503688
1741.636643
1741.68885
1741.828169
1742.097074
1742.172476
1742.234998
1742.244643
1742.707136
1742.801708
1742.825813
1742.948191
1742.963272
1743.200163
1743.458218
1743.540301
1743.563968
1743.852992
1744.05968
1744.094768
1744.242102
1744.277994
1744.314745
1744.410918
1744.479532
1744.823302
1744.945737
1745.105974
1745.214297
1745.231061
1745.384597
1745.467777
1745.637617
1746.087524
1746.188231
1746.190762
1746.437497
1746.718144
1746.825653
1747.127226
1747.138006
1747.166589
1747.274948
1747.447227
1747.463643
1747.563328
1747.56946
1747.691341
1747.73419
1747.736408
1747.938282
1748.019879
1748.194334
1748.228999
1748.34706
1748.431246
1748.47898
1748.574253
1748.976003
1749.137145
1749.463519
1749.545231
1749.570203
1749.585563
1749.715209
1749.755985
1749.908872
1749.914928
1749.927018
1750.102006
1750.1379
1750.16208
1750.244986
1750.485156
1750.56746
1750.617978
1750.730699
1750.910495
1751.018106
1751.182663
1751.226265
1751.290569
1751.337012
1751.37366
1751.489448
1751.61976
1751.658358
1751.688181
1751.691239
1751.829419
1751.849283
1752.025892
1752.152334
1752.175163
1752.249343
1752.270555
1752.316605
1752.371386
1752.418388
1752.47491
1752.662006
1752.670741
1752.743351
1752.797616
1752.830318
1752.844058
1752.851485
1752.870533
1753.149936
1753.221379
1753.296233
1753.305502
1753.647361
1753.69008
1753.710268
1753.761415
1753.779603
1753.89846
1753.911124
1753.951652
1753.994137
1754.056892
1754.369964
1754.389925
1754.576312
1754.62346
1754.752084
1754.782719
1754.879672
1755.093322
1755.209121
1755.237679
1755.307119
1755.31656
1755.320849
1755.351108
1755.442651
1755.571302
1755.72776
1755.784201
1755.950011
1756.251225
1756.285884
1756.334086
1756.352906
1756.45554
1756.456595
1756.531347
1756.63225
1756.699934
1756.957999
1756.969571
1757.525147
1757.679522
1757.875392
1757.884996
1757.885522
1757.915603
1757.93935
1757.997884
1758.033378
1758.04275
1758.178448
1758.185369
1758.198532
1758.208463
1758.38697
1758.409973
1758.436202
1758.580769
1758.636221
1758.843029
1758.890757
1759.007954
1759.010064
1759.071468
1759.123726
1759.129708
1759.155441
1759.204428
1759.216043
1759.27068
1759.278478
1759.358043
1759.394456
1759.42402
1759.430464
1759.443862
1759.598949
1759.652629
1759.938209
1760.050488
1760.15048
1760.24597
1760.254019
1760.291661
1760.335646
1760.369836
1760.389766
1760.54683
1760.551931
1760.566369
1760.595121
1760.802748
1760.938367
1761.029691
1761.060993
1761.127164
1761.139561
1761.15164
1761.399968
1761.404807
1761.412844
1761.69264
1761.775763
1761.804088
1761.831884
1761.858716
1761.91622
1762.001764
1762.015388
1762.026498
1762.053343
1762.175596
1762.215949
1762.254228
1762.329499
1762.354819
1762.358581
1762.392258
1762.428808
1762.441112
1762.45548
1762.500257
1762.507568
1762.574779
1762.661002
1762.669169
1762.770718
1762.778904
1762.808866
1762.869318
1762.94305
1762.957822
1763.002966
1763.008294
1763.017707
1763.024471
1763.043533
1763.179239
1763.184902
1763.199271
1763.208717
1763.261015
1763.311676
1763.348256
1763.61083
1763.617918
1763.716362
1763.74408
1763.746241
1763.757082
1763.77442
1763.795651
1763.861286
1763.955029
1764.238039
1764.246162
1764.255544
1764.309082
1764.353434
1764.620292
1764.659401
1764.660295
1764.849501
1764.889731
1764.928069
1764.939746
1765.012406
1765.38953
1765.468408
1765.606372
1765.649075
1765.722689
1765.786786
1765.875807
1765.901029
1765.963516
1766.007324
1766.24576
1766.280189
1766.306709
1766.314258
1766.343624
1766.407923
1766.638159
1766.677152
1766.71315
1766.83473
1767.028193
1767.209961
1767.287675
1767.566516
1767.625549
1767.62589
1767.627276
1767.638817
1767.670682
1767.723006
1767.765383
1767.79169
1767.814192
1767.939003
1767.999442
1768.002962
1768.003229
1768.117954
1768.208634
1768.2293
1768.232444
1768.326011
1768.347722
1768.444758
1768.467948
1768.523367
1768.545139
1768.546136
1768.573075
1768.619476
1768.691714
1768.700292
1768.748053
1768.757959
1768.846534
1768.907621
1769.007575
1769.012879
1769.089094
1769.191524
1769.28136
1769.298836
1769.321752
1769.408505
1769.433325
1769.463284
1769.526239
1769.566676
1769.639162
1769.687153
1769.791731
1769.801345
1769.809711
1769.891398
1769.990183
1769.991212
1769.99936
1770.009628
1770.048349
1770.094263
1770.193976
1770.269247
1770.333218
1770.497955
1770.511594
1770.529265
1770.592712
1770.601501
1770.607323
1770.692157
1770.737442
1770.762213
1770.795431
1770.824486
1770.944733
1771.064911
1771.07256
1771.176144
1771.189787
1771.221087
1771.246861
1771.370631
1771.467456
1771.495546
1771.534334
1771.639272
1771.64448
1771.684472
1771.694423
1771.702516
1771.707316
1771.715699
1771.821632
1771.84464
1771.858995
1771.876136
1771.994561
1772.027518
1772.086517
1772.142336
1772.20235
1772.224692
1772.238929
1772.286075
1772.411828
1772.459467
1772.517958
1772.56671
1772.617063
1772.620498
1772.726274
1772.737209
1772.765251
1772.895803
1772.899136
1772.917602
1772.971568
1772.988798
1773.042924
1773.104871
1773.116439
1773.117682
1773.11846
1773.37889
1773.409431
1773.426427
1773.431441
1773.514113
1773.615027
1773.709195
1773.711691
1773.967915
1774.152483
1774.193188
1774.217427
1774.334637
1774.492178
1774.550426
1774.60169
1774.646216
1774.700982
1774.714829
1774.718212
1774.760017
1774.778633
1774.816203
1774.817652
1774.852082
1774.950527
1774.991136
1775.000892
1775.026974
1775.030495
1775.054684
1775.08183
1775.094099
1775.133191
1775.1435
1775.196358
1775.222791
1775.238836
1775.269597
1775.283762
1775.454997
1775.478548
1775.490987
1775.503723
1775.53623
1775.539417
1775.541867
1775.556464
1775.643515
1775.966168
1775.990076
1776.06106
1776.086018
1776.090704
1776.141234
1776.187289
1776.32191
1776.360111
1776.379027
1776.396598
1776.398137
1776.482347
1776.539884
1776.636626
1776.692705
1776.757402
1776.790262
1776.80664
1776.819756
1776.859136
1776.937744
1776.971447
1777.018463
1777.094468
1777.161855
1777.226449
1777.228163
1777.335776
1777.512279
1777.555461
1777.605868
1777.625729
1777.627157
1777.669312
1777.756815
1777.779083
1777.815187
1777.830144
1777.858933
1777.909781
1777.911079
1777.971484
1778.177561
1778.198685
1778.270953
1778.280764
1778.339938
1778.349147
1778.454755
1778.637259
1778.72336
1778.787052
1778.818406
1778.931653
1779.02661
1779.074375
1779.097168
1779.131102
1779.166036
1779.214157
1779.416047
1779.468953
1779.580083
1779.612567
1779.618438
1779.635164
1779.635392
1779.70017
1779.82483
1779.866748
1779.984364
1779.995855
1780.00065
1780.005086
1780.015111
1780.026883
1780.063006
1780.192479
1780.258584
1780.296774
1780.459211
1780.461028
1780.495383
1780.496772
1780.518624
1780.544106
1780.604526
1780.611293
1780.717267
1780.852528
1781.051644
1781.127825
1781.160514
1781.167085
1781.190402
1781.35277
1781.444756
1781.451191
1781.45814
1781.479829
1781.508072
1781.529822
1781.548166
1781.651253
1781.728679
1781.737035
1781.756532
1781.765556
1781.935594
1782.023525
1782.072479
1782.084208
1782.168857
1782.29297
1782.303827
1782.314951
1782.36874
1782.636034
1782.683647
1782.688483
1782.713791
1782.768636
1782.804788
1782.806293
1782.81243
1783.050562
1783.13829
1783.193271
1783.281885
1783.298952
1783.327847
1783.34191
1783.378507
1783.411906
1783.496803
1783.53819
1783.558969
1783.568501
1783.572821
1783.677934
1783.706635
1783.753657
1783.80179
1783.81664
1783.821914
1783.838759
1783.985385
1784.019035
1784.090971
1784.104836
1784.121262
1784.177762
1784.242382
1784.250431
1784.267246
1784.349299
1784.357912
1784.44778
1784.885341
1784.901102
1784.94402
1785.017116
1785.096731
1785.097108
1785.195546
1785.255317
1785.267621
1785.454549
1785.460696
1785.526255
1785.544471
1785.549123
1785.594037
1785.650816
1785.695742
1785.875235
1785.876265
1785.924698
1785.99017
1786.046777
1786.050126
1786.051626
1786.205355
1786.20724
1786.317107
1786.328059
1786.500814
1786.502568
1786.509202
1786.510412
1786.530123
1786.570713
1786.57769
1786.645486
1786.655643
1786.699618
1786.834484
1786.845026
1786.9739
1786.980065
1787.012906
1787.055239
1787.071993
1787.073286
1787.103082
1787.126539
1787.163477
1787.195791
1787.288459
1787.379131
1787.41653
1787.449919
1787.547334
1787.555502
1787.635311
1787.676972
1788.068972
1788.101245
1788.106791
1788.145101
1788.160557
1788.250385
1788.348259
1788.376515
1788.390424
1788.414571
1788.41538
1788.458375
1788.504595
1788.56455
1788.611825
1788.664193
1788.677618
1788.692932
1788.744467
1788.753003
1788.769582
1788.821712
1788.841792
1788.883247
1788.922331
1789.00615
1789.091523
1789.126565
1789.1894
1789.195753
1789.301727
1789.311078
1789.334023
1789.335079
1789.358539
1789.362638
1789.395089
1789.397744
1789.426316
1789.447319
1789.496442
1789.503819
1789.509803
1789.523747
1789.578839
1789.648388
1789.718385
1789.736378
1789.792337
1789.860542
1789.863524
1789.909354
1789.968847
1789.974449
1790.064011
1790.16828
1790.201996
1790.224601
1790.280734
1790.358234
1790.394875
1790.473011
1790.487889
1790.512948
1790.577253
1790.582548
1790.661263
1790.699186
1790.701142
1790.792325
1790.947842
1791.014656
1791.036513
1791.103219
1791.219508
1791.221273
1791.321724
1791.355559
1791.381251
1791.382415
1791.637466
1791.639163
1791.662406
1791.761347
1791.773862
1791.785706
1791.916588
1792.091777
1792.147546
1792.149651
1792.234851
1792.399029
1792.408649
1792.470496
1792.563076
1792.586021
1792.597756
1792.648604
1792.878888
1792.969741
1792.972417
1792.991315
1793.052767
1793.056523
1793.080265
1793.112892
1793.13328
1793.183232
1793.248264
1793.344339
1793.591139
1793.86584
1793.885878
1793.886436
1793.894492
1793.90804
1794.006451
1794.015017
1794.069326
1794.131492
1794.16383
1794.191054
1794.256788
1794.286118
1794.286627
1794.314461
1794.320427
1794.368791
1794.379462
1794.417293
1794.457936
1794.525568
1794.616131
1794.647131
1794.711818
1794.742036
1794.759165
1794.822474
1794.824191
1794.946367
1794.994922
1795.007983
1795.083383
1795.094292
1795.158954
1795.195954
1795.203169
1795.232219
1795.327798
1795.359119
1795.457552
1795.514337
1795.540346
1795.549217
1795.685482
1795.690187
1795.716428
1795.733813
1795.832795
1795.837018
1795.858064
1795.858321
1795.859359
1795.879176
1795.882919
1795.901559
1795.925752
1795.995093
1796.087063
1796.107823
1796.113349
1796.194037
1796.251083
1796.261168
1796.297311
1796.365476
1796.37128
1796.379987
1796.388844
1796.434301
1796.509613
1796.584472
1796.648935
1796.663049
1796.712109
1796.76331
1796.830062
1796.878484
1796.911557
1796.933548
1796.971991
1796.996569
1797.054527
1797.060419
1797.073828
1797.084058
1797.158172
1797.177259
1797.221167
1797.278964
1797.28343
1797.304084
1797.373066
1797.376569
1797.378918
1797.387635
1797.460638
1797.504992
1797.690297
1797.725782
1797.785082
1797.807401
1797.885485
1797.926202
1797.935706
1798.018261
1798.07534
1798.148714
1798.171884
1798.207416
1798.222985
1798.252186
1798.344315
1798.372691
1798.381177
1798.443533
1798.466436
1798.555124
1798.598202
1798.618532
1798.650061
1798.723007
1798.78313
1798.83328
1798.862025
1798.874194
1798.990711
1799.020553
1799.230688
1799.291541
1799.450869
1799.511512
1799.638998
1799.651719
1799.759333
1799.833312
1799.835043
1799.94631
1800.010644
1800.07555
1800.095164
1800.349321
1800.376397
1800.414648
1800.433087
1800.641619
1800.650588
1800.66246
1800.704908
1800.708193
1800.789602
1800.816628
1800.825255
1800.831614
1800.838844
1800.875883
1801.077502
1801.242307
1801.248146
1801.266701
1801.382738
1801.383485
1801.562091
1801.67749
1801.693831
1801.778783
1801.812204
1801.965017
1801.971296
1801.987756
1802.019915
1802.064386
1802.223883
1802.328619
1802.386854
1802.422512
1802.450757
1802.456604
1802.46602
1802.467742
1802.578563
1802.601204
1802.60974
1802.621241
1802.648872
1802.70663
1802.721812
1802.780925
1802.871337
1802.889086
1802.971043
1803.061713
1803.089176
1803.175848
1803.187491
1803.296611
1803.298802
1803.305533
1803.312833
1803.399948
1803.477162
1803.515874
1803.571516
1803.595304
1803.613797
1803.622913
1803.639899
1803.647013
1803.691228
1803.709183
1803.751101
1803.831211
1803.832315
1803.833698
1803.844421
1803.952549
1803.996346
1804.02635
1804.06275
1804.069586
1804.115993
1804.190368
1804.221267
1804.23137
1804.307124
1804.328923
1804.339824
1804.367069
1804.415633
1804.449917
1804.530625
1804.581484
1804.590012
1804.629159
1804.658352
1804.665715
1804.708589
1804.81071
1804.8227
1804.895614
1804.917668
1805.007599
1805.008232
1805.013195
1805.031684
1805.032793
1805.050578
1805.069954
1805.075555
1805.077747
1805.092401
1805.172459
1805.183948
1805.205384
1805.271321
1805.274802
1805.340048
1805.438206
1805.485137
1805.505242
1805.56978
1805.632174
1805.635225
1805.675216
1805.684881
1805.691932
1805.692936
1805.741598
1805.976012
1806.047021
1806.100928
1806.103209
1806.133591
1806.159903
1806.222999
1806.232751
1806.48172
1806.506778
1806.545196
1806.557426
1806.611099
1806.626898
1806.85083
1806.858155
1806.891619
1806.902018
1806.930789
1806.931312
1806.948328
1806.97337
1807.040733
1807.093109
1807.109712
1807.212739
1807.22882
1807.348365
1807.352816
1807.354132
1807.424487
1807.503178
1807.525874
1807.562044
1807.675954
1807.806616
1807.89851
1807.909157
1808.069735
1808.229978
1808.2653
1808.275118
1808.279307
1808.292537
1808.315442
1808.360511
1808.419269
1808.538286
1808.602467
1808.619032
1808.641495
1808.642555
1808.664439
1808.688841
1808.743182
1808.76322
1808.991389
1809.061077
1809.10881
1809.136743
1809.206053
1809.257813
1809.295676
1809.320831
1809.378399
1809.402438
1809.513818
1809.627583
1809.670619
1809.684241
1809.700744
1809.75449
1809.944349
1810.086854
1810.145986
1810.177371
1810.183088
1810.192066
1810.249898
1810.276848
1810.294861
1810.343278
1810.344492
1810.345833
1810.529513
1810.634678
1810.650581
1810.708474
1810.741574
1810.796652
1810.799487
1810.87465
1810.941457
1811.019438
1811.044531
1811.098341
1811.098352
1811.273574
1811.28377
1811.313187
1811.330275
1811.353846
1811.563421
1811.599011
1811.694264
1811.765502
1811.778948
1811.799341
1811.824944
1811.831483
1811.879108
1811.898021
1811.988485
1812.020899
1812.102408
1812.133114
1812.237732
1812.266988
1812.316653
1812.328421
1812.399702
1812.405962
1812.433643
1812.440652
1812.527508
1812.542827
1812.547027
1812.553649
1812.74041
1812.781144
1812.796306
1812.834441
1812.840823
1812.885944
1812.88725
1812.897115
1812.999995
1813.050316
1813.075939
1813.078447
1813.114009
1813.120171
1813.122656
1813.279855
1813.315063
1813.507634
1813.522078
1813.59609
1813.628204
1813.654235
1813.780771
1813.837474
1813.853717
1813.953289
1814.005455
1814.012619
1814.041126
1814.04338
1814.093398
1814.184461
1814.184728
1814.231196
1814.247821
1814.309196
1814.313959
1814.336524
1814.337711
1814.342275
1814.358235
1814.437304
1814.552716
1814.560674
1814.561804
1814.591876
1814.601762
1814.700803
1814.703668
1814.73024
1814.795519
1814.965574
1815.009471
1815.026308
1815.026924
1815.207606
1815.231647
1815.318237
1815.362376
1815.581266
1815.607123
1815.617139
1815.653809
1815.751273
1815.792609
1815.836007
1815.843161
1816.00282
1816.070365
1816.156861
1816.18045
1816.19304
1816.263415
1816.421475
1816.451372
1816.469652
1816.515667
1816.541541
1816.585568
1816.598978
1816.612747
1816.686127
1816.688597
1816.694268
1816.789172
1816.806165
1816.851886
1816.871492
1816.904859
1816.973401
1816.995645
1817.003863
1817.012528
1817.047153
1817.079544
1817.11802
1817.136351
1817.137637
1817.192599
1817.298186
1817.383548
1817.386027
1817.489329
1817.724855
1817.7919
1817.823803
1817.84456
1817.870624
1817.93462
1818.04209
1818.096929
1818.100131
1818.148471
1818.182575
1818.200273
1818.207782
1818.360813
1818.377067
1818.387602
1818.450946
1818.483559
1818.491268
1818.493603
1818.52127
1818.61277
1818.630373
1818.64854
1818.657308
1818.702231
1818.717707
1818.792492
1818.819094
1818.892247
1818.928487
1818.956928
1818.958918
1819.057319
1819.071018
1819.104776
1819.239911
1819.259183
1819.37175
1819.388422
1819.423773
1819.53356
1819.546898
1819.56898
1819.592226
1819.686456
1819.778141
1819.86119
1820.049421
1820.059416
1820.17248
1820.201997
1820.251838
1820.254208
1820.258359
1820.284694
1820.319597
1820.418363
1820.455547
1820.499001
1820.543826
1820.573627
1820.85668
1821.013279
1821.088452
1821.103188
1821.138632
1821.200362
1821.257811
1821.257877
1821.321485
1821.58089
1821.656544
1821.700807
1821.705514
1821.758332
1821.809832
1821.849562
1821.872128
1821.88737
1821.901608
1821.917586
1821.961204
1822.016063
1822.032947
1822.149218
1822.23334
1822.29472
1822.300901
1822.358432
1822.517177
1822.559352
1822.565819
1822.681395
1822.711159
1822.727474
1822.771138
1822.842301
1822.852722
1822.984179
1822.995677
1823.023441
1823.049558
1823.124619
1823.147265
1823.164195
1823.178649
1823.296446
1823.338742
1823.339912
1823.375636
1823.52428
1823.540804
1823.558182
1823.588636
1823.593518
1823.614106
1823.650965
1823.652071
1823.653402
1823.654969
1823.687463
1823.799169
1823.859678
1823.932942
1823.934873
1824.092885
1824.12711
1824.218652
1824.221785
1824.31672
1824.370059
1824.581516
1824.638261
1824.740951
1824.827383
1824.847554
1824.854521
1824.861259
1824.947312
1824.987261
1825.119719
1825.158508
1825.18206
1825.212916
1825.251973
1825.360254
1825.507382
1825.525496
1825.600296
1825.64931
1825.674225
1825.689069
1825.796386
1825.840847
1825.857733
1825.874828
1825.884589
1825.993427
1826.016214
1826.174909
1826.183002
1826.210723
1826.309966
1826.34867
1826.764127
1826.791894
1826.835959
1826.844899
1826.866225
1826.874334
1826.880839
1826.935004
1826.971321
1826.986087
1826.997511
1827.119555
1827.152727
1827.242727
1827.306967
1827.388592
1827.521381
1827.542573
1827.580968
1827.612014
1827.68665
1827.777777
1827.836899
1827.839751
1827.847111
1827.869193
1827.914768
1827.946782
1828.040242
1828.108614
1828.294
1828.312169
1828.330693
1828.493248
1828.503204
1828.503999
1828.524415
1828.621215
1828.661384
1828.698973
1828.7251
1828.777759
1828.900471
1829.041034
1829.136269
1829.396932
1829.559943
1829.56121
1829.631378
1829.641712
1829.666378
1829.719107
1829.875971
1829.915957
1830.043918
1830.080435
1830.089908
1830.27114
1830.351399
1830.37595
1830.410937
1830.463767
1830.476624
1830.518366
1830.556009
1830.574291
1830.581121
1830.65798
1830.676481
1830.782516
1830.81665
1830.874074
1830.946263
1830.965355
1830.972917
1830.97494
1831.002144
1831.013558
1831.020678
1831.041214
1831.110604
1831.144841
1831.30052
1831.334407
1831.369231
1831.490858
1831.496114
1831.589004
1831.792218
1831.960054
1831.981921
1832.052456
1832.231725
1832.261036
1832.353733
1832.474433
1832.488103
1832.515262
1832.625236
1832.773677
1832.805703
1832.907018
1832.963139
1833.00427
1833.072961
1833.122619
1833.203078
1833.235206
1833.305413
1833.30704
1833.459367
1833.464836
1833.489626
1833.579976
1833.60433
1833.612712
1833.732293
1833.761221
1833.835876
1833.867502
1833.885969
1833.967648
1834.019717
1834.346249
1834.363556
1834.388866
1834.466057
1834.489565
1834.553595
1834.557026
1834.663472
1834.708456
1834.88109
1834.900224
1835.018023
1835.236431
1835.417264
1835.495
1835.54723
1835.682608
1835.924925
1836.036923
1836.11114
1836.13984
1836.227585
1836.293126
1836.446933
1836.457506
1836.511209
1836.609565
1836.627471
1836.628729
1836.63453
1836.643833
1836.691678
1836.832676
1836.916192
1836.920391
1836.970864
1837.015312
1837.018854
1837.067701
1837.077971
1837.122976
1837.290618
1837.329111
1837.342752
1837.441585
1837.455415
1837.466702
1837.469965
1837.505518
1837.599204
1837.672134
1837.723111
1837.764113
1837.804124
1837.889253
1837.898369
1838.2307
1838.292571
1838.407774
1838.465178
1838.485357
1838.666732
1838.686426
1838.776566
1838.905312
1839.043738
1839.258963
1839.289415
1839.311648
1839.35238
1839.417203
1839.455992
1839.505089
1839.521803
1839.529005
1839.543645
1839.853942
1839.896506
1839.904487
1839.968938
1840.067474
1840.084642
1840.223716
1840.241452
1840.261987
1840.517909
1840.553062
1840.555241
1840.61107
1840.684837
1840.73821
1840.756952
1840.757393
1840.78369
1840.790313
1840.971015
1841.102931
1841.212805
1841.256647
1841.344103
1841.382989
1841.383623
1841.514607
1841.559612
1841.5733
1841.597358
1841.62692
1841.727252
1841.78242
1841.812681
1841.877321
1841.882981
1841.906722
1841.928482
1842.137153
1842.36219
1842.46185
1842.70156
1842.721045
1842.772221
1843.236946
1843.256534
1843.28057
1843.301563
1843.43169
1843.488491
1843.524594
1843.603024
1843.610629
1843.620677
1843.771664
1844.05641
1844.167504
1844.230589
1844.242158
1844.290703
1844.328199
1844.360806
1844.49813
1844.55099
1844.616314
1844.636811
1844.68917
1844.719759
1844.733402
1844.756701
1844.823077
1845.032537
1845.089312
1845.198076
1845.335424
1845.515615
1845.556779
1845.565631
1845.570025
1845.63539
1845.686304
1845.783316
1845.867046
1846.034421
1846.054721
1846.154198
1846.227966
1846.407447
1846.494737
1846.582243
1846.596863
1846.606892
1846.611447
1846.654952
1846.687977
1846.732373
1846.854048
1846.856806
1847.033001
1847.255716
1847.318296
1847.329556
1847.352944
1847.359088
1847.394935
1847.477747
1847.527509
1847.577337
1847.725384
1847.737749
1847.840349
1847.887231
1847.917805
1848.108443
1848.120699
1848.151514
1848.171076
1848.31279
1848.59519
1848.687443
1848.734051
1848.820384
1848.985706
1849.002339
1849.110218
1849.158474
1849.228224
1849.534327
1849.626848
1849.666332
1849.812448
1849.887694
1850.046477
1850.098577
1850.195185
1850.407877
1850.41992
1850.620839
1850.68683
1850.73282
1850.866562
1850.871028
1850.991289
1851.120508
1851.208008
1851.370845
1851.415683
1851.449405
1851.69379
1851.885489
1852.031412
1852.18812
1852.22054
1852.339197
1852.344122
1852.42981
1852.447778
1852.450307
1852.480578
1852.993169
1852.994865
1853.275614
1853.394948
1853.617815
1853.627353
1854.013052
1854.077887
1854.266213
1854.271194
1854.445041
1854.498937
1854.613848
1854.617791
1854.703257
1854.771464
1854.771652
1854.778063
1854.870415
1854.948218
1854.951582
1855.012685
1855.062347
1855.261793
1855.38986
1855.420995
1855.507151
1855.527945
1855.578847
1855.623092
1855.727848
1855.997055
1855.998678
1856.044781
1856.10162
1856.595248
1856.611341
1856.647509
1856.783189
1856.996032
1857.259711
1857.262291
1857.495471
1857.56656
1857.761204
1857.949877
1857.983591
1857.989519
1858.137771
1858.22875
1858.416162
1858.474457
1858.493176
1858.537754
1858.588279
1858.80926
1859.087325
1859.247547
1859.697489
1859.905356
1860.031526
1860.077554
1860.136559
1860.159021
1860.18008
1860.181572
1860.189156
1860.215661
1860.343401
1860.383252
1860.623912
1860.64328
1860.799241
1860.879062
1861.185579
1861.263247
1861.297841
1861.65061
1861.664606
1862.115445
1862.250224
1862.331117
1862.52634
1862.757459
1862.87026
1862.894852
1862.956875
1863.098898
1863.197624
1863.297048
1863.48241
1863.575445
1863.796412
1864.254467
1864.266542
1864.325048
1864.488604
1864.522706
1864.723186
1864.941568
1864.950565
1864.958566
1864.979705
1864.980821
1865.35189
1865.362966
1865.398756
1865.708214
1865.896009
1866.108228
1866.462916
1866.855882
1867.088377
1867.115558
1867.314211
1867.3535
1867.466473
1867.632753
1867.633708
1868.31113
1868.555373
1868.659513
1868.687722
1868.785609
1868.879909
1869.005069
1869.246084
1869.375767
1869.444658
1869.688893
1869.860665
1869.919933
1869.990804
1870.147352
1870.205759
1870.324149
1870.438331
1870.557587
1870.621043
1871.271672
1871.602993
1871.737098
1871.764605
1871.90694
1872.056206
1872.208335
1872.352109
1872.388814
1872.529698
1872.703425
1873.483757
1873.695734
1873.813814
1874.158186
1874.380562
1874.546407
1874.665466
1874.790685
1875.477526
1875.496365
1875.531519
1875.75067
1875.902926
1876.029262
1876.198248
1876.829636
1876.970906
1877.0735
1877.176355
1877.26077
1877.275169
1877.375488
1877.546289
1877.613862
1877.854002
1877.884061
1878.173594
1878.393249
1878.513219
1878.795051
1878.82386
1878.924611
1879.234868
1879.239181
1879.521732
1879.541957
1880.13059
1880.238646
1880.485678
1880.525616
1880.861526
1880.86323
1880.881193
1880.930244
1881.241666
1881.311928
1881.413106
1881.46007
1881.535702
1881.629626
1881.800296
1881.857653
1881.86779
1882.111352
1882.408278
1882.6407
1882.847724
1882.897027
1883.408081
1883.864934
1883.975113
1884.099139
1884.195877
1884.998541
1885.21632
1885.457846
1885.463263
1885.66725
1886.109942
1886.251309
1886.553173
1886.555234
1886.740563
1886.832721
1887.28006
1887.343111
1887.969423
1888.006473
1888.347713
1888.387359
1888.550051
1888.679405
1888.713197
1888.730884
1890.082012
1890.177841
1890.298572
1890.774585
1890.783877
1890.789798
1891.235974
1891.405117
1891.573577
1892.011036
1893.678566
1893.749446
1893.785748
1894.09881
1894.252389
1894.558217
1894.8743
1895.068203
1895.186227
1895.38925
1895.416185
1895.54605
1895.59264
1895.992852
1896.01018
1896.277038
1896.669859
1897.119794
1897.385015
1898.12441
1898.531058
1899.04102
1899.69797
1900.050713
1900.539864
1900.561701
1900.794184
1900.846279
1901.031745
1901.179882
1901.204626
1901.219151
1901.996798
1902.374451
1902.525828
1903.500444
1903.533255
1903.685755
1903.774447
1904.001195
1904.006641
1904.459597
1905.236593
1905.283612
1905.809193
1906.538691
1907.19102
1907.731365
1907.997796
1908.144312
1908.358234
1908.68413
1908.760263
1908.983201
1909.089398
1909.23353
1909.778215
1909.996639
1910.030704
1910.196185
1910.488122
1910.865081
1910.977265
1911.863095
1911.980403
1912.359546
1912.885773
1913.109194
1913.23481
1914.232703
1914.423846
1914.596238
1914.663586
1914.94137
1915.117982
1915.253211
1916.512537
1916.823722
1916.880184
1917.24198
1918.073139
1918.501182
1918.538277
1918.546532
1919.037141
1920.8016
1921.018395
1921.245287
1921.441111
1922.60561
1923.308453
1923.769955
1924.483922
1924.603401
1925.612534
1926.591388
1927.849622
1928.049067
1928.324902
1928.403991
1929.463093
1930.500143
1931.090705
1932.26553
1932.635831
1933.881885
1935.009794
1935.195729
1936.437578
1937.267054
1938.709725
1939.794541
1939.971611
1940.047613
1940.137724
1940.920499
1941.053611
1941.079085
1941.47496
1941.496963
1942.070918
1942.173234
1942.437955
1943.423902
1944.523321
1945.724525
1946.595055
1946.71782
1947.641502
1948.133147
1948.285067
1948.513637
1948.527787
1948.618621
1949.126649
1950.17663
1950.401626
1950.979151
1952.735055
1952.892416
1953.305932
1954.739893
1955.098665
1955.928455
1955.958434
1957.380244
1957.542059
1958.099366
1958.92351
1959.719012
1960.131002
1960.959914
1961.175148
1961.890676
1961.897912
1962.020407
1964.390797
1964.579794
1965.685295
1965.946417
1966.39734
1967.212091
1967.215302
1967.360141
1967.840626
1968.278621
1968.316664
1968.956864
1969.497671
1969.675313
1970.159329
1970.223245
1970.228555
1970.388753
1970.4936
1970.630216
1971.037231
1972.582052
1972.624083
1973.780247
1974.584903
1975.428294
1977.451866
1977.781538
1978.38868
1980.185477
1981.112604
1981.12305
1981.229175
1982.50711
1982.645253
1982.730101
1983.127245
1984.571069
1985.521487
1985.634461
1985.729191
1987.688361
1988.227744
1988.427943
1991.340421
1991.829826
1991.8329
1993.096325
1993.605707
1994.718135
1996.836862
1997.320607
1997.953389
1997.976242
1998.945047
1999.318815
1999.643656
2000.329808
2000.35977
2000.511332
2000.708763
2001.720326
2002.117402
2002.639387
2003.340079
2004.547506
2004.574198
2006.046599
2006.836293
2009.296947
2010.60536
2012.200802
2012.688435
2013.465424
2015.657894
2016.144267
2017.376069
2017.722455
2019.003114
2019.995621
2020.61049
2021.653238
2021.745683
2022.98736
2023.290551
2023.385373
2023.582137
2023.884846
2024.570549
2024.87691
2024.927637
2025.014605
2026.127118
2026.686119
2029.08726
2029.513659
2029.991505
2030.632974
2031.403875
2032.043807
2033.482276
2033.961027
2034.676405
2035.054309
2036.473265
2036.684858
2036.777776
2037.057648
2039.081806
2039.552973
2040.303117
2040.465985
2043.609443
2044.656887
2046.360111
2047.436564
2049.556292
2053.691507
2054.461799
2054.758726
2056.390512
2056.472771
2056.815373
2056.901031
2058.330844
2060.303154
2061.174662
2061.953639
2063.211307
2064.269611
2064.505449
2067.112882
2069.142544
2070.344578
2071.087505
2071.192639
2071.877256
2075.006808
2079.709602
2079.826658
2083.804801
2084.18024
2086.029838
2086.222721
2087.61519
2088.538909
2089.207637
2089.480195
2090.298388
2091.964391
2094.033962
2095.197449
2095.519725
2097.621392
2101.591832
2104.812895
2105.743711
2106.378055
2107.359509
2107.941709
2109.389918
2109.706541
2110.188767
2110.870236
2113.400479
2114.372125
2115.825734
2117.10985
2117.659979
2117.814441
2118.228996
2120.132017
2122.260749
2125.142202
2126.2682
2126.695864
2128.83763
2132.684917
2133.072231
2134.123441
2135.048494
2138.677138
2139.285864
2139.544999
2141.116634
2144.473393
2146.410854
2147.438493
2153.294265
2153.308299
2155.555331
2156.867639
2161.18876
2164.816328
2164.986389
2168.625167
2170.742747
2174.297481
2177.175034
2186.052825
2190.149977
2194.217983
2203.086303
2221.582721
2230.886693
2231.077342
2232.729666
2243.220385
2260.284788
2268.908985
2273.253966
2277.038336
2277.58966
2290.73968
2304.079203
2306.277687
2306.622017
2313.713846
2322.273524
2323.143917
2328.867567
2355.800514
2356.521674
2373.35834
2376.591347
2413.420212
2442.203808
2478.979189
2483.851795
2539.280012
2590.066612
2607.661937
2632.393287
2799.108499
3117.649651
3901.525616
