1.473933
1.499647
7.124234
7.360554
7.483716
7.683082
7.703573
7.713314
7.762072
7.815969
8.045408
8.297067
8.431367
8.483139
8.676201
8.828571
8.939865
9.291488
9.471582
9.531068
9.581274
9.712276
9.958385
10.040539
10.212004
10.318301
10.330122
10.367634
10.385398
10.449595
10.503769
10.729311
10.851803
10.992846
11.045076
11.053178
11.075551
11.30116
11.519726
11.540829
11.559516
11.586136
11.69798
11.73265
12.013228
12.132883
12.155425
12.181587
12.294673
12.439427
12.467578
12.500398
12.563869
12.565359
12.714513
12.760299
12.809017
12.931456
12.940556
12.960998
13.099961
13.102897
13.202469
13.229243
13.253915
13.376659
13.387261
13.431796
13.503398
13.619474
13.734943
13.774606
14.048863
14.084943
14.158394
14.397238
14.404774
14.586506
14.60673
14.671397
14.672049
14.674934
14.70122
14.76644
14.796456
14.817235
14.938834
14.99277
15.116616
15.308741
15.432275
15.51132
15.525106
15.52895
15.556282
15.567388
15.672332
15.673603
15.86783
16.040701
16.048873
16.256247
16.417842
16.479019
16.61755
16.754173
16.953501
16.966675
16.977605
16.993555
17.001271
17.194587
17.208605
17.237159
17.395062
17.525675
17.591714
17.752952
17.773663
17.841389
17.915684
18.43066
18.591468
18.68259
18.739419
18.990935
19.019912
19.047522
19.259075
19.299637
19.422336
19.603374
19.795876
19.819874
19.866927
20.185511
20.56994
20.781606
20.885328
20.953971
21.111227
21.303321
21.397293
21.465805
21.634681
22.076611
22.420516
22.771739
23.046594
23.467885
23.525634
23.945501
23.971871
24.042966
24.122648
24.131451
24.614763
24.82837
24.971108
25.232492
25.318682
25.348041
25.613902
27.190025
28.199659
29.301246
30.200441
31.098069
31.42487
31.979111
31.997022
36.481635
38.27736
42.073859
42.52399
45.201882
45.701731
46.458954
46.774735
47.412433
49.422044
49.742334
50.009239
50.732682
56.88945
68.042406
81.25016
93.120677
105.533403
107.128496
109.687259
111.508104
112.071518
112.374948
112.608061
112.716467
113.712906
115.068571
115.59866
118.827902
119.296679
119.553217
119.850489
120.53007
120.531468
120.982666
121.056914
121.242898
121.477511
122.569263
122.644452
122.664832
122.782719
122.857674
123.060235
123.2152
123.301309
123.809703
123.903279
124.297853
124.378486
124.574393
124.717862
124.953154
125.179014
125.21709
125.283175
125.339225
125.615093
125.635276
125.652211
125.694646
125.797284
126.147711
126.642729
126.67787
126.795709
126.96312
127.031524
127.217551
127.346496
127.497101
127.712998
128.254967
128.52244
128.53655
128.605179
128.765227
128.987284
129.026285
129.096472
129.173508
129.187967
129.427994
129.808003
129.910875
129.938842
129.965556
130.166419
130.434503
130.465041
130.683793
130.745887
131.290067
131.392479
131.423445
131.59223
131.67292
131.687869
131.74971
131.867243
132.032656
132.180651
132.207617
132.275576
132.345286
132.419496
132.475304
132.49473
132.716813
132.872588
132.923379
133.045901
133.281712
133.30214
133.342222
133.454609
133.907916
134.038721
134.966312
135.362472
135.37235
135.397929
135.431668
135.773048
136.60119
137.38982
137.438104
137.937158
137.988276
138.206137
138.597087
139.19626
140.044508
140.724063
141.722642
143.155605
143.184195
143.23643
143.608965
144.606523
145.49233
146.0864
146.225586
146.606775
147.401208
148.194824
148.602879
148.673163
148.815688
151.150195
151.209965
151.376344
151.627848
151.84477
152.116516
152.171273
152.205771
152.350936
153.117226
153.496386
154.203361
154.26015
154.321914
154.846222
155.092771
155.15064
156.086593
156.204998
156.485953
156.563319
157.354047
157.527105
157.675389
157.743295
157.784906
157.998859
158.295015
158.690431
158.759033
159.063041
159.359025
159.639312
160.342061
160.859008
160.87161
161.789294
162.531164
162.851593
163.466474
164.116794
165.929827
168.830522
169.91408
170.72004
170.825744
170.975725
171.312999
172.348135
172.456615
173.092962
174.739885
177.002383
177.253668
177.729377
177.810077
177.836282
178.25892
178.98568
181.675932
183.37677
183.510121
185.473318
187.660055
188.442658
188.634245
189.026028
190.808158
191.121764
191.475167
191.763776
192.161844
193.536736
194.117538
195.035839
196.507831
197.947872
199.237733
199.987323
201.91155
202.847341
205.22084
205.465264
207.97978
213.662743
216.357734
216.54112
220.726215
224.496493
226.294713
227.075298
227.268104
227.733253
229.754813
229.925189
230.752123
231.510328
231.919539
232.029361
232.403014
232.512058
232.88553
233.40471
233.641608
233.964617
234.369653
234.7997
234.928193
235.26687
235.783786
236.055653
236.173046
236.396678
236.699454
236.768235
237.036755
237.100707
237.501768
238.019159
238.139754
238.165017
238.502044
238.605808
239.132334
239.311783
239.493561
239.670462
240.984268
241.051262
241.497556
241.523012
242.223412
243.197847
243.333426
243.545256
244.13124
244.26721
245.819142
247.107102
247.356256
248.236175
248.556415
249.290545
249.35549
250.126274
250.6194
250.695442
254.204729
254.906477
255.922722
259.753205
260.456545
262.030233
263.223209
264.060584
265.620775
265.917052
269.187614
274.454706
275.791766
275.91741
277.160168
277.871643
279.733917
301.508778
303.259057
310.357279
317.886407
321.234496
330.306166
333.90734
335.333939
340.655248
343.731903
351.089421
365.523075
368.854207
370.764249
389.966891
407.301215
407.806523
413.851695
416.673473
418.792968
419.852796
420.225665
436.536649
440.538301
444.028079
446.183904
447.239515
449.376245
450.704962
453.165085
460.690896
460.91276
465.803858
478.027319
479.67681
480.310072
485.772254
486.518245
494.380575
499.934096
501.257278
505.066378
512.004635
514.269207
514.281637
517.225286
522.006485
525.296185
526.140997
526.610462
530.026209
531.624296
537.889192
547.982525
556.72111
559.072271
560.395594
567.587715
568.039972
570.052561
590.408849
610.413713
612.30402
624.163392
635.048527
646.12757
685.261626
686.119451
743.387931
783.734567
817.422271
887.67054
938.782132
940.197484
940.30275
949.472456
949.689879
965.349171
996.106019
996.25418
996.671019
1001.180016
1007.46011
1028.90936
1043.725617
1046.06066
1063.317679
1067.792346
1074.349174
1082.157179
1121.612787
1128.341285
1135.137294
1140.364798
1141.307392
1157.171692
1175.894194
1181.487587
1181.647064
1187.241426
1202.74127
1208.486748
1216.023329
1218.317259
1223.296911
1225.837984
1254.028502
1272.632877
1333.2799
1339.10494
1342.900594
1350.05794
1356.408578
1360.735977
1374.144509
1385.682245
1399.919676
1400.104687
1417.115333
1429.167983
1430.449968
1431.125495
1432.866772
1433.325899
1438.228616
1440.02659
1441.204545
1447.954315
1452.052743
1452.225435
1456.111215
1460.220728
1461.78572
1461.869023
1462.452399
1462.551549
1471.077652
1472.53034
1475.717023
1478.792796
1479.66103
1485.186127
1489.643305
1490.982717
1491.086992
1499.284087
1499.905646
1501.420281
1502.006322
1509.875187
1510.025376
1522.824589
1523.033418
1524.627096
1524.857478
1526.595892
1540.085762
1550.795308
1554.878681
1576.390061
1577.311101
1579.485508
1580.185123
1580.403342
1581.905312
1589.723972
1592.280023
1597.905173
1602.226932
1603.003324
1604.201875
1616.935079
1620.346009
1620.681792
1629.007309
1644.371712
1649.32165
1650.000872
1653.89138
1658.093008
1660.888307
1661.587088
1664.132789
1677.800698
1681.929644
1689.071847
1702.791513
1704.984693
1708.837517
1720.046906
1722.890613
1730.020844
1739.302087
1749.367153
1751.181374
1753.20855
1836.963872
1858.078133
1890.776976
1952.122064
2064.35138
2198.081002
2198.560618
5160.240612
5161.424647
6719.895834
7939.668079
10110.457932
23924.970042
