402.565182
412.179989
416.988467
424.777201
425.945777
437.967686
446.359118
447.43384
455.54629
461.656276
465.828289
486.55701
489.071281
494.871941
500.929141
501.694596
507.437756
516.314566
522.306054
524.852252
558.520671
565.689011
579.698805
593.040788
598.184884
607.052758
615.228115
615.717952
615.984085
617.378463
617.497819
617.5544
617.98138
618.421033
619.018474
619.498797
619.922632
620.164171
620.307484
620.985191
621.19729
621.296267
621.64788
621.920239
622.31946
622.654876
622.926265
623.17857
623.185033
623.494376
623.830091
623.970694
624.057509
624.168117
625.017003
625.079362
625.109463
625.207633
625.7876
625.817294
625.844658
625.955101
626.011518
626.189671
626.332891
626.556257
626.583328
626.932293
627.24927
627.605366
627.674095
627.894652
627.895448
627.932791
628.174126
628.89689
628.898371
629.221753
629.513529
629.541207
629.588458
629.997848
630.106978
630.233707
630.239058
630.535951
630.55228
630.568613
630.599332
630.617416
630.624992
630.828444
631.088712
631.119647
631.153056
631.201265
631.266511
631.462303
631.581221
631.642475
631.675295
631.920994
632.021248
632.074563
632.155164
632.336138
632.366967
632.415307
632.472813
632.530497
632.632436
632.684937
632.711891
632.744801
632.822884
632.876533
632.916831
632.926903
632.948648
633.29056
633.339507
633.409266
633.55054
633.70966
633.727451
634.202875
634.211438
634.306502
634.347987
634.552651
634.555282
634.634799
634.754827
634.906233
634.995253
635.060626
635.185932
635.222664
635.465124
635.528677
635.549297
635.590714
635.715176
635.721862
635.731973
635.815133
635.912021
636.142333
636.142381
636.196433
636.456802
636.68466
636.795449
637.108066
637.17012
637.242426
637.282869
637.286545
637.334163
637.37923
637.397387
637.43327
637.462972
637.494199
637.526196
637.629076
637.799585
637.872454
637.896946
637.952927
637.969008
638.032352
638.094464
638.183204
638.24357
638.389915
638.439656
638.488684
638.670745
638.75865
638.767645
638.783303
638.912647
638.987992
639.024028
639.035427
639.126872
639.127442
639.143267
639.149057
639.261976
639.368083
639.368524
639.37604
639.522392
639.562532
639.594336
639.603976
639.651547
639.74927
639.803338
639.920763
640.197156
640.222866
640.274404
640.27817
640.321725
640.332735
640.455889
640.457546
640.530873
640.578991
640.653259
640.676985
640.685876
640.723431
640.8724
640.971078
640.994278
641.016902
641.116063
641.152007
641.188739
641.229638
641.309158
641.315262
641.348653
641.584235
641.742519
641.796307
641.79873
641.805676
641.847345
641.954847
641.99845
642.050053
642.120255
642.181418
642.254524
642.306949
642.352252
642.388116
642.40181
642.430327
642.440512
642.468389
642.504371
642.521596
642.546873
642.667399
642.676623
642.694053
642.710055
642.757577
642.761961
642.805525
642.826323
642.852074
642.873455
642.88498
642.932903
643.105703
643.158621
643.179911
643.282615
643.314062
643.325515
643.338967
643.362371
643.400194
643.445679
643.508785
643.534677
643.568452
643.607188
643.71164
643.725478
643.782459
643.840207
643.906239
643.937018
643.937373
644.001185
644.061827
644.070906
644.081269
644.09193
644.135138
644.182905
644.241935
644.293166
644.299388
644.332008
644.339127
644.367649
644.374222
644.410713
644.420525
644.547794
644.572409
644.599404
644.649821
644.693737
644.759844
644.78856
644.822383
644.977307
644.982049
645.00934
645.023576
645.034011
645.076187
645.134017
645.184238
645.203776
645.222062
645.264414
645.33197
645.344283
645.447206
645.484317
645.551004
645.566061
645.569148
645.571101
645.582978
645.619527
645.625907
645.663891
645.669894
645.740301
645.78135
645.856122
645.880573
645.883379
645.907245
645.913278
645.947499
645.957333
645.971933
645.979126
646.046207
646.068433
646.088477
646.128363
646.132934
646.142447
646.144406
646.175404
646.209379
646.219873
646.237791
646.340121
646.360374
646.446006
646.579607
646.702109
646.761214
646.766772
646.806459
646.93425
646.941255
647.016851
647.071889
647.088111
647.100273
647.150529
647.164365
647.177785
647.206438
647.230144
647.313515
647.33176
647.39014
647.431925
647.461035
647.466431
647.594299
647.612772
647.662088
647.672363
647.680631
647.707771
647.770321
647.776929
647.78345
647.82872
647.849788
648.114297
648.116311
648.1267
648.161264
648.184036
648.26014
648.262436
648.294557
648.296279
648.306455
648.361136
648.385406
648.404334
648.435848
648.567138
648.569709
648.600602
648.720461
648.792693
648.880158
648.886324
648.918759
648.95134
648.965543
648.977426
648.985551
649.020097
649.053004
649.082912
649.236983
649.282201
649.289351
649.303335
649.307422
649.3234
649.334432
649.40025
649.406608
649.463964
649.603597
649.624129
649.650193
649.678115
649.686417
649.696829
649.734613
649.768906
649.79656
649.797092
649.832439
650.141494
650.164415
650.258658
650.294114
650.308128
650.323449
650.360914
650.370837
650.41072
650.414706
650.546989
650.547908
650.646866
650.67077
650.749396
650.753258
650.764177
650.81345
650.848977
650.86722
650.905687
650.942866
650.989104
651.002251
651.0121
651.10257
651.181822
651.230014
651.272586
651.291134
651.306888
651.354674
651.373123
651.399201
651.50334
651.532729
651.606153
651.625872
651.656307
651.772718
651.800037
651.807785
651.808009
651.842685
651.84551
651.848767
651.922831
651.989561
652.02728
652.059754
652.063161
652.106495
652.142698
652.158199
652.196721
652.206135
652.304141
652.323767
652.323976
652.337822
652.34242
652.361948
652.382596
652.427594
652.438864
652.452372
652.471047
652.48713
652.520056
652.585767
652.614759
652.641218
652.676445
652.752012
652.758756
652.761486
652.780587
652.794806
652.816153
652.882355
652.911042
652.916293
652.934683
652.938001
653.032922
653.041025
653.061808
653.110178
653.115447
653.143104
653.190601
653.213974
653.237365
653.254161
653.257769
653.28483
653.318619
653.336408
653.345193
653.363861
653.400304
653.402511
653.426769
653.433088
653.445594
653.459891
653.491424
653.529703
653.568998
653.676863
653.681995
653.716955
653.752752
653.762684
653.816616
653.851584
653.903101
653.919573
653.927641
653.951582
653.955111
653.958761
653.986642
654.007467
654.00758
654.057954
654.07402
654.132377
654.143485
654.152352
654.153805
654.155325
654.159995
654.187569
654.204292
654.249192
654.268967
654.318063
654.31982
654.359822
654.373881
654.40277
654.463107
654.465599
654.530348
654.532191
654.554561
654.55811
654.667981
654.687843
654.689314
654.745491
654.775496
654.79059
654.808934
654.832335
654.956548
654.959523
655.040277
655.053394
655.062281
655.06376
655.084177
655.08939
655.123627
655.160775
655.161485
655.2071
655.214258
655.265831
655.270499
655.2795
655.321525
655.34933
655.34953
655.376876
655.438967
655.477439
655.505806
655.566648
655.573814
655.643632
655.660006
655.699682
655.705168
655.736433
655.750446
655.781421
655.87048
655.871997
655.871998
655.885713
655.953017
655.953365
655.9569
656.034576
656.03984
656.057082
656.061274
656.105333
656.112657
656.163064
656.172164
656.187375
656.217757
656.228245
656.233203
656.235888
656.236377
656.272961
656.320382
656.348416
656.394203
656.4015
656.401579
656.420129
656.45865
656.510575
656.513267
656.518897
656.519575
656.521436
656.526811
656.548512
656.630748
656.6316
656.640558
656.658706
656.671331
656.673757
656.789061
656.803832
656.869136
656.872319
656.893652
656.937333
656.947102
656.964478
656.971561
656.974454
656.980365
656.991121
657.007345
657.011382
657.053089
657.082307
657.133465
657.145083
657.253312
657.280406
657.302966
657.340028
657.424272
657.476967
657.486333
657.520586
657.527798
657.54915
657.564018
657.625127
657.638933
657.652298
657.665791
657.6983
657.698603
657.711236
657.714383
657.714826
657.715671
657.716077
657.718442
657.784004
657.811604
657.843279
657.862927
657.888508
657.91222
657.969616
657.987136
658.14037
658.152541
658.180726
658.2546
658.25572
658.289903
658.29178
658.314445
658.334409
658.348311
658.373838
658.390393
658.394306
658.503954
658.535583
658.547441
658.606231
658.648472
658.659175
658.776644
658.780348
658.787644
658.830253
658.831936
658.922333
658.940262
658.956833
659.053347
659.134719
659.1651
659.180521
659.217215
659.229026
659.268683
659.285932
659.309161
659.351525
659.360147
659.362202
659.370104
659.384662
659.399618
659.405619
659.412593
659.453409
659.482575
659.592123
659.631474
659.704072
659.714182
659.746481
659.766359
659.790122
659.803575
659.886906
659.891925
659.894859
659.924224
659.9284
659.940309
659.940811
659.992035
660.006134
660.027268
660.040843
660.123457
660.143922
660.167291
660.216122
660.238157
660.259523
660.259898
660.282886
660.311394
660.31198
660.327237
660.32736
660.344077
660.384741
660.392744
660.41327
660.434109
660.442141
660.442764
660.486447
660.493957
660.506484
660.596311
660.597042
660.604679
660.6245
660.627937
660.634215
660.63591
660.643125
660.654313
660.702745
660.708907
660.749251
660.767527
660.800251
660.8021
660.851501
660.864278
660.923616
660.941937
660.952838
660.954626
660.959359
660.966545
660.96847
660.987452
661.020192
661.048956
661.056382
661.060052
661.060462
661.073412
661.133547
661.140098
661.215169
661.224766
661.244613
661.253842
661.267172
661.28883
661.321003
661.328764
661.340635
661.382576
661.550165
661.598061
661.623285
661.628486
661.62862
661.650721
661.681377
661.699226
661.703899
661.742563
661.762599
661.793619
661.800037
661.844363
661.933185
661.946173
661.988411
662.000788
662.006546
662.067483
662.077644
662.087415
662.090656
662.094199
662.195241
662.259081
662.289546
662.294164
662.327516
662.394349
662.408575
662.470753
662.47497
662.487757
662.493229
662.495145
662.509765
662.526711
662.546461
662.55976
662.572652
662.589069
662.592327
662.598707
662.65922
662.669146
662.729599
662.741031
662.763126
662.777714
662.778694
662.78031
662.792947
662.805327
662.875934
662.937142
662.96289
662.975293
662.984149
663.001116
663.044849
663.05289
663.080729
663.090863
663.101229
663.107162
663.128102
663.138032
663.150627
663.161025
663.168283
663.226971
663.236398
663.246587
663.260268
663.263216
663.264883
663.293881
663.364058
663.380806
663.384439
663.396357
663.414151
663.416407
663.460523
663.49958
663.503697
663.515094
663.52938
663.59333
663.625624
663.636391
663.672502
663.73342
663.735292
663.735931
663.778181
663.842801
663.855119
663.901765
663.924256
663.932648
663.94318
664.008375
664.009112
664.010378
664.028328
664.04
664.067546
664.069889
664.072131
664.095843
664.109911
664.127306
664.144086
664.163182
664.199488
664.295882
664.334329
664.354192
664.363683
664.365736
664.428868
664.488088
664.502592
664.506311
664.507287
664.521505
664.570096
664.594591
664.60555
664.616914
664.644086
664.82874
664.82899
664.840873
664.843677
664.862042
664.901548
664.909627
664.915182
664.922164
664.977386
665.005691
665.033918
665.05312
665.077292
665.085571
665.118358
665.163624
665.184614
665.197148
665.205926
665.261132
665.264241
665.295776
665.312153
665.33625
665.340217
665.346452
665.349239
665.356219
665.361475
665.378445
665.383907
665.439553
665.517963
665.555737
665.59441
665.606319
665.662213
665.82904
665.844244
665.859207
665.871092
665.901386
665.996032
666.025901
666.068959
666.072038
666.076505
666.111877
666.184842
666.221114
666.221903
666.232253
666.284519
666.337224
666.370234
666.381917
666.389846
666.391138
666.4158
666.443746
666.445303
666.498331
666.503686
666.521033
666.587558
666.602256
666.604668
666.607936
666.631703
666.658712
666.697576
666.76397
666.774817
666.780307
666.78973
666.805527
666.815399
666.822601
666.828913
666.868102
666.885436
666.906717
666.920817
666.984391
666.984467
666.989455
666.995809
667.018607
667.078232
667.093655
667.096127
667.096179
667.096215
667.154379
667.176757
667.182013
667.206002
667.241535
667.256389
667.265877
667.276477
667.276907
667.3471
667.410336
667.425654
667.432434
667.471226
667.499177
667.510057
667.521218
667.523776
667.535747
667.548093
667.560474
667.560733
667.589191
667.594205
667.612768
667.636461
667.698268
667.726331
667.821161
667.870202
667.873312
667.923104
667.955839
667.970395
667.9713
668.060732
668.077939
668.082361
668.088387
668.115198
668.122438
668.139503
668.156457
668.161731
668.169891
668.171342
668.200326
668.215082
668.221927
668.245831
668.259029
668.287274
668.288697
668.297207
668.301139
668.3125
668.421562
668.438873
668.4866
668.513648
668.518129
668.577647
668.577782
668.584124
668.610796
668.638151
668.680359
668.682822
668.7085
668.719435
668.746662
668.785261
668.804038
668.814022
668.870608
668.873362
668.885411
668.903366
668.91163
668.922311
668.926254
668.969219
668.978351
668.994049
669.022092
669.071121
669.099632
669.154842
669.162088
669.168041
669.187358
669.209507
669.211772
669.237652
669.239341
669.244086
669.269438
669.324569
669.368297
669.387719
669.391093
669.405326
669.410468
669.441652
669.466649
669.523811
669.623257
669.63468
669.640831
669.657564
669.718857
669.765539
669.821878
669.834971
669.839787
669.888119
669.951926
669.999693
670.000447
670.009269
670.019442
670.037354
670.059125
670.068716
670.0844
670.12425
670.173239
670.21763
670.221121
670.224043
670.241423
670.294698
670.309882
670.328059
670.340165
670.363855
670.424288
670.480679
670.517148
670.526288
670.546418
670.563375
670.563661
670.581803
670.60375
670.640841
670.738095
670.750576
670.77688
670.821667
670.85586
670.895074
670.920538
670.997114
671.001076
671.007469
671.009131
671.04028
671.073239
671.110602
671.124099
671.238354
671.247487
671.247969
671.248536
671.269254
671.275412
671.275866
671.277064
671.293168
671.313314
671.322885
671.365893
671.378367
671.381142
671.383185
671.397857
671.419878
671.423368
671.509363
671.516259
671.528656
671.542196
671.545525
671.624998
671.629851
671.647426
671.663069
671.743708
671.796542
671.802735
671.867366
671.880163
671.939647
671.957471
671.966443
671.986747
672.031978
672.04552
672.047413
672.081438
672.094904
672.171992
672.179766
672.184117
672.211231
672.213928
672.246031
672.255315
672.297729
672.326623
672.434902
672.461469
672.478246
672.524627
672.528653
672.548921
672.564211
672.577449
672.591637
672.594696
672.606147
672.633869
672.671258
672.672682
672.680429
672.688742
672.691332
672.708407
672.717086
672.719202
672.728941
672.781906
672.816484
672.819907
672.83159
672.840105
672.883008
672.90316
672.906459
672.926925
672.952615
672.982162
672.983407
672.992883
673.072278
673.078158
673.085613
673.114226
673.124686
673.141457
673.202186
673.236109
673.263837
673.375962
673.376089
673.387302
673.393952
673.452856
673.461488
673.485055
673.550302
673.566958
673.569964
673.626456
673.702983
673.769459
673.835731
673.867175
673.870926
673.876829
673.928676
673.93727
673.967648
673.981668
674.004081
674.042036
674.048448
674.12125
674.148552
674.155074
674.198681
674.20516
674.265372
674.273892
674.282552
674.294645
674.295734
674.323585
674.324319
674.361705
674.458978
674.471193
674.488974
674.489458
674.508762
674.667773
674.685535
674.689987
674.704761
674.780441
674.815635
674.863729
674.863878
674.916103
674.955045
674.983595
675.139212
675.217482
675.227842
675.238773
675.284232
675.326816
675.357682
675.366045
675.36795
675.452922
675.490223
675.508862
675.522902
675.526741
675.545968
675.559062
675.573634
675.597044
675.654885
675.689927
675.692609
675.693348
675.710465
675.787472
675.796107
675.7987
675.807136
675.828515
675.836783
675.8385
675.892174
675.898037
675.898944
675.91498
675.94726
675.952271
676.004009
676.044605
676.061347
676.07971
676.114549
676.155754
676.16186
676.168629
676.208338
676.215922
676.314885
676.365225
676.384747
676.440912
676.481237
676.594333
676.637198
676.665433
676.681347
676.714099
676.783495
676.804718
676.836507
676.937516
676.964742
676.97206
677.058792
677.094846
677.157976
677.184337
677.222342
677.246455
677.246805
677.262755
677.268956
677.269454
677.285871
677.294474
677.3658
677.40489
677.408729
677.431425
677.437205
677.446519
677.469388
677.516583
677.548673
677.560632
677.577014
677.596744
677.612883
677.646786
677.655426
677.679891
677.69869
677.740098
677.789793
677.811746
677.815364
677.841941
677.861762
677.87222
677.982462
678.018836
678.024511
678.039081
678.044097
678.049537
678.082871
678.106831
678.110821
678.115351
678.127944
678.131265
678.134254
678.153739
678.265726
678.276895
678.279676
678.333094
678.347888
678.393889
678.481902
678.523252
678.543827
678.552673
678.564408
678.59033
678.653925
678.667468
678.713563
678.732934
678.7791
678.785024
678.790498
678.847483
678.935235
678.965053
678.969119
678.976533
678.984614
679.008507
679.023294
679.052354
679.053116
679.108512
679.135104
679.194575
679.265656
679.276645
679.2855
679.293505
679.307937
679.309722
679.315307
679.32072
679.331084
679.354815
679.39397
679.418033
679.451643
679.45667
679.457715
679.502909
679.535805
679.652508
679.671538
679.690447
679.719328
679.77293
679.781548
679.801855
679.833942
679.853
679.859629
679.976592
679.992361
679.996269
680.023039
680.027015
680.031665
680.064651
680.071642
680.086786
680.114951
680.151262
680.166568
680.180039
680.192854
680.199477
680.210367
680.216464
680.221354
680.24324
680.251602
680.312648
680.318707
680.328847
680.335062
680.35531
680.355815
680.364946
680.377857
680.400278
680.401722
680.447293
680.455655
680.568717
680.589277
680.595892
680.600362
680.609097
680.616209
680.638596
680.646969
680.664677
680.695074
680.797637
680.805454
680.890112
680.892231
680.917992
680.933372
680.934921
680.95689
680.959154
680.97045
680.986745
680.989104
681.010602
681.031136
681.056874
681.09428
681.095059
681.101106
681.115097
681.120882
681.124725
681.179081
681.214951
681.34703
681.366156
681.390306
681.44658
681.455499
681.522204
681.522955
681.544963
681.593734
681.618947
681.621558
681.622253
681.624005
681.631817
681.636937
681.655066
681.72182
681.737074
681.756084
681.786747
681.789672
681.804702
681.87999
681.887413
681.906564
681.930855
682.004122
682.027423
682.035397
682.064216
682.096094
682.105977
682.129569
682.152392
682.157591
682.202941
682.219328
682.266649
682.31256
682.312853
682.321263
682.337248
682.368826
682.424647
682.429737
682.479066
682.539882
682.59407
682.612133
682.627376
682.665574
682.666861
682.670569
682.74644
682.775006
682.781156
682.800587
682.807961
682.820852
682.907436
682.925816
682.981564
683.03126
683.078748
683.087324
683.104362
683.129383
683.166393
683.183511
683.203874
683.257517
683.262713
683.275808
683.294684
683.334661
683.354759
683.356967
683.404571
683.405358
683.547441
683.561272
683.575801
683.593432
683.597212
683.610823
683.677942
683.694044
683.810391
683.852249
683.904216
683.922207
684.004331
684.077955
684.117028
684.122219
684.142596
684.150344
684.251497
684.2547
684.283416
684.411204
684.446755
684.484813
684.498112
684.574665
684.621151
684.627694
684.701214
684.784122
684.829488
684.832953
684.852511
684.897234
684.914119
685.124103
685.276019
685.329335
685.335978
685.447443
685.476822
685.490273
685.563774
685.570769
685.617315
685.65862
685.815664
685.81808
685.88662
685.914913
685.916906
685.925155
685.96581
686.014196
686.023119
686.030122
686.046959
686.05831
686.059063
686.080711
686.108536
686.117417
686.118972
686.149613
686.153149
686.221777
686.273448
686.307963
686.350497
686.373666
686.428199
686.435203
686.439326
686.515054
686.565653
686.634413
686.645534
686.652933
686.705164
686.750756
686.856834
686.89184
686.896608
686.922139
686.979006
687.028602
687.129319
687.21571
687.216862
687.222326
687.24605
687.250381
687.287178
687.303219
687.305923
687.384774
687.422494
687.522756
687.550302
687.613679
687.623989
687.635685
687.658655
687.718563
687.783469
687.799727
687.815703
687.864845
687.931331
687.978395
688.063574
688.07835
688.082234
688.085353
688.086809
688.107806
688.172689
688.216092
688.227956
688.234652
688.245312
688.307953
688.348325
688.356673
688.391275
688.44155
688.454589
688.512102
688.544993
688.557167
688.600233
688.62041
688.793164
688.924876
689.022554
689.060817
689.135216
689.169403
689.183318
689.183885
689.211796
689.235445
689.246765
689.333731
689.347538
689.356775
689.40919
689.413105
689.419315
689.426407
689.427249
689.441133
689.476258
689.513224
689.545712
689.554724
689.60023
689.613343
689.639268
689.64506
689.652762
689.704846
689.722732
689.731863
689.774965
689.807284
689.858004
689.864727
689.901759
689.91495
690.058174
690.087039
690.203418
690.240893
690.29141
690.334193
690.46857
690.508412
690.542503
690.560309
690.570531
690.585646
690.595662
690.618619
690.704366
690.7414
690.896503
690.898352
690.910182
690.974716
691.001486
691.007278
691.029742
691.118026
691.149839
691.253405
691.260425
691.290662
691.317828
691.336882
691.381619
691.442829
691.602622
691.61487
691.765811
691.773907
691.831245
691.878862
691.912834
691.926089
691.928257
691.942354
691.948071
691.971355
692.026177
692.042323
692.058763
692.091414
692.110939
692.171657
692.201427
692.208259
692.21425
692.392226
692.470852
692.471623
692.523976
692.58188
692.612181
692.637438
692.670253
692.774017
692.884159
692.917085
692.93932
692.952725
692.964916
692.97569
692.979446
693.143627
693.2077
693.228421
693.255628
693.288835
693.306156
693.319815
693.348928
693.384884
693.420628
693.431319
693.540157
693.544801
693.548219
693.594264
693.620257
693.70377
693.829716
693.916883
693.931923
693.954005
693.969065
693.981874
693.983575
693.99506
694.005261
694.014606
694.09265
694.118716
694.159012
694.172923
694.255387
694.367166
694.381951
694.401187
694.403295
694.415615
694.431076
694.446034
694.451443
694.471619
694.490827
694.535268
694.625669
694.631803
694.658761
694.741228
694.74765
694.80313
694.83299
694.859241
694.874809
695.107359
695.220736
695.305415
695.377148
695.415054
695.648558
695.678572
695.899373
695.914939
695.95178
695.968881
695.971339
696.047197
696.086192
696.125551
696.132343
696.156578
696.160055
696.218385
696.234587
696.275509
696.356347
696.430082
696.468479
696.51761
696.538436
696.599331
696.714831
696.728464
696.734836
696.799566
696.969185
697.005644
697.016734
697.024709
697.032576
697.056286
697.170358
697.181746
697.244436
697.280858
697.334057
697.378659
697.406118
697.434837
697.448385
697.52184
697.637699
697.743054
697.746577
697.764767
697.815942
697.914518
697.928575
697.976529
698.013929
698.015031
698.080812
698.154326
698.156139
698.187147
698.204345
698.214851
698.240352
698.257444
698.265295
698.300123
698.460245
698.473494
698.523379
698.557498
698.590205
698.675719
698.702835
698.727151
698.918757
698.977772
698.983431
699.010893
699.076091
699.165581
699.256521
699.269532
699.272312
699.324783
699.334309
699.4236
699.559372
699.600101
699.601111
699.662882
699.67498
699.685548
699.700907
699.791803
699.877351
699.970911
700.104259
700.163236
700.182711
700.204533
700.313592
700.330191
700.343871
700.439713
700.44609
700.507782
700.524152
700.525033
700.617112
700.692154
700.692243
700.708782
700.75038
700.757178
700.773077
700.803959
700.987607
701.020938
701.02282
701.073115
701.091475
701.107083
701.180047
701.19182
701.214912
701.269905
701.427968
701.487917
701.512168
701.52655
701.683334
701.70758
701.718685
701.773076
701.801878
701.894586
701.907168
701.927835
701.981436
701.983581
702.000953
702.150535
702.180066
702.194013
702.232159
702.33312
702.360696
702.448483
702.554915
702.557344
702.850837
702.869776
702.892398
702.94601
702.954645
703.066517
703.107179
703.118082
703.126223
703.226957
703.255065
703.347379
703.436912
703.46913
703.483005
703.551509
703.552032
703.617848
703.644722
703.670803
703.7298
703.750966
703.845063
703.924881
704.320586
704.423903
704.449223
704.503034
704.516606
704.555375
704.576411
704.722453
705.04187
705.163282
705.217325
705.345881
705.356267
705.390886
705.396634
705.447455
705.647926
705.718173
705.790879
705.794407
705.797436
705.865036
705.963742
706.033842
706.046642
706.095628
706.156632
706.189843
706.194625
706.235389
706.30275
706.415972
706.437853
706.486933
706.515875
706.572688
706.643308
706.657128
706.766262
706.92
706.958473
707.036764
707.167236
707.175278
707.197627
707.251238
707.487697
707.625466
707.643322
707.693697
707.722887
707.742273
707.853992
707.875168
707.897008
707.999218
708.073172
708.092138
708.112895
708.125286
708.128473
708.143393
708.259239
708.299212
708.30512
708.43253
708.486078
708.488989
708.492766
708.534028
708.558144
708.602439
708.633928
708.683415
708.708317
708.789057
708.792216
708.826061
708.865192
708.869619
708.982974
709.009095
709.050467
709.234699
709.267271
709.342178
709.342927
709.437555
709.643159
709.744608
709.799233
709.861535
709.868097
709.901115
709.908569
709.9843
710.020052
710.305451
710.310134
710.366042
710.423868
710.448834
710.490428
710.536478
710.566379
710.581798
710.598888
710.616194
710.631609
710.683331
710.709787
711.074579
711.130572
711.316169
711.395835
711.458222
711.493479
711.497439
711.515966
711.53049
711.802351
711.811719
711.842414
711.952714
711.956086
711.963922
711.997598
712.013184
712.013866
712.078688
712.169332
712.180616
712.196323
712.20151
712.26865
712.370935
712.497289
712.573101
712.675146
712.757076
712.851216
712.894176
712.953244
713.043629
713.050762
713.15904
713.23053
713.287118
713.507862
713.526771
713.600996
713.615087
713.692193
713.771977
713.778994
713.859859
714.016825
714.143056
714.254405
714.316957
714.337456
714.350215
714.376804
714.407539
714.439141
714.480541
714.499049
714.535829
714.560303
714.657208
714.679452
714.818726
715.112431
715.160695
715.248167
715.274254
715.414863
715.461381
715.546188
715.597283
715.724329
715.776617
715.945398
715.957551
716.241241
716.398356
716.479413
716.535141
716.542021
716.662271
716.777875
716.907654
716.975668
717.049832
717.118152
717.284309
717.333314
717.447908
717.499259
718.074523
718.135732
718.266125
718.374719
718.449083
718.546657
718.58403
718.620599
718.644382
718.79743
718.860292
718.873279
719.025908
719.108172
719.143696
719.253941
719.267465
719.340162
719.341574
719.365428
719.448132
720.071137
720.192835
720.289277
720.378391
720.460582
720.601672
720.621079
720.678648
720.905061
721.25719
721.421992
721.466443
721.52916
721.581364
721.826214
721.857854
721.858574
721.924402
721.929723
722.159905
722.198185
722.217229
722.24259
722.27478
722.52969
722.566297
722.643902
722.835458
722.920358
722.951
723.014662
723.082768
723.4034
723.41374
723.458149
723.526697
723.637676
723.730185
724.004982
724.097265
724.183122
724.483783
724.793176
724.794217
724.911524
725.016273
725.1212
725.13273
725.1909
725.3813
725.418198
725.464652
725.567922
725.66473
725.708854
725.74745
725.875863
725.928196
726.254049
726.393664
726.41677
726.694292
726.796439
726.81791
726.842143
727.025228
727.056352
727.127399
727.356936
727.393041
727.442104
727.592721
727.720314
727.907596
728.307014
728.412462
728.41786
728.436764
728.45102
728.521582
728.548599
728.678853
728.760472
728.820329
729.111627
729.547501
729.57291
729.582094
729.849824
729.916271
729.982515
730.435947
730.495463
730.497975
731.083763
731.11088
731.389728
731.549495
731.595471
731.629821
731.631361
731.860243
731.990063
732.185282
732.186485
732.587542
732.798451
732.948218
732.995369
733.045077
733.264569
733.534873
733.694664
733.728931
733.824001
733.891019
734.070974
734.14822
734.190894
734.208664
734.343106
734.593313
734.863664
735.259322
735.341106
735.468551
735.511124
735.512467
735.674873
735.745582
735.797031
736.027692
736.130615
736.691922
736.815618
736.991388
737.253744
737.265308
737.665526
737.913327
737.997053
738.031797
738.193148
738.375059
739.108248
739.245116
739.319554
739.744225
740.06732
740.280332
740.379826
740.471571
741.053619
741.101851
741.259433
741.663924
741.831456
742.273959
742.279558
742.83491
742.923448
743.078682
743.225886
743.459169
743.70901
744.492621
744.660753
744.670565
744.763848
744.770544
745.08901
745.357613
745.979915
746.104126
746.329346
746.342814
746.519521
746.691682
747.242196
747.92684
748.110193
748.262227
748.39541
748.478383
748.708406
748.782933
748.979034
749.019295
749.587801
749.735441
749.77326
749.834799
749.91619
750.287637
750.790265
750.965061
751.050686
751.166106
751.409441
752.012905
752.219241
752.351023
753.038963
753.452328
753.497073
754.115215
754.124939
754.298405
754.318024
754.452809
754.711914
755.056164
755.204853
755.49497
756.000405
756.662299
756.862561
756.935325
757.272857
757.376712
757.541909
757.947425
758.121629
758.142245
759.948078
760.147686
760.374623
760.671634
762.342785
762.344006
762.583033
762.595518
762.754465
763.045144
764.458384
765.068176
765.378145
765.704673
766.210631
766.558921
767.07623
767.159431
768.091889
768.590501
768.910454
769.44419
769.762503
769.802227
769.831537
770.093448
770.474434
770.536631
771.622778
771.845896
772.694448
774.805933
775.348714
775.412601
776.210394
776.293248
776.905099
777.883249
778.564191
778.909513
779.811499
781.754268
782.15724
782.892094
784.894699
785.244189
785.707462
785.810759
785.975916
786.288901
787.133445
787.222442
787.256638
788.023015
788.146212
788.421443
789.348883
790.734757
791.366344
792.077968
792.671571
793.136837
793.941394
796.112124
796.288251
798.13774
798.282404
798.46296
798.981886
799.59492
803.827857
810.594351
813.890922
814.163458
816.484233
816.710535
817.74572
822.942841
823.4222
825.187795
831.902423
837.554988
844.782026
845.519072
855.572631
867.649034
898.160972
918.917404
925.959137
989.207995
1033.946345
2489.737232
2524.42002
2531.588853
2534.951399
2555.751076
2642.546512
2677.529526
2714.741145
2740.88465
2761.605311
2770.499838
3083.121904
4188.650527
5699.584433
6092.363123
6149.519422
