1.527146
1.601513
2.78308
4.067264
6.924114
7.586934
7.606472
7.624278
7.630217
7.697855
7.870939
7.886309
8.012531
8.190211
8.205395
8.220678
8.253627
8.706717
8.95759
9.216315
9.276252
9.384341
9.446473
9.521874
9.612985
9.620731
9.699528
9.806962
9.86323
9.990776
10.119429
10.679428
10.78651
10.791798
10.893992
10.970839
11.321359
11.400735
11.471374
11.484347
11.530553
11.686794
11.7491
11.865909
11.924176
11.977129
12.017493
12.124911
12.165187
12.224041
12.331602
12.341608
12.350802
12.418236
12.455731
12.465932
12.551871
12.559784
12.583372
12.609832
12.629848
12.654141
12.783902
12.787396
12.819991
12.827117
13.047487
13.293318
13.36847
13.44841
13.488615
13.606507
13.707084
13.860837
13.927555
13.985203
14.227093
14.318605
14.368661
14.621181
14.704622
14.834689
14.875469
15.127926
15.159907
15.161953
15.270195
15.398422
15.539991
15.571801
15.592724
15.807763
15.827764
16.024217
16.065513
16.229448
16.333716
16.676458
16.747685
16.786789
17.206396
17.222841
17.273799
17.52535
17.965603
18.147534
18.604221
18.764788
18.829469
19.050971
19.097591
19.434865
19.676849
20.440771
20.655722
20.681077
20.774021
21.782175
22.199123
22.288158
22.823531
22.96617
23.518588
23.548925
24.060515
24.205747
24.385519
24.521836
24.591225
24.614565
24.94043
25.32311
25.361908
25.598144
25.625601
26.254909
26.439384
26.469492
27.488687
27.988503
28.226135
30.221962
30.879632
30.916198
31.457866
31.997823
32.008475
32.107615
32.126879
33.194672
33.234711
34.318785
35.696709
37.459855
37.739649
38.945243
39.16601
40.198691
44.779162
53.232974
54.939679
58.15368
60.531731
61.13953
61.324466
68.17229
77.50985
80.360371
81.265551
84.545789
85.71735
87.616463
97.797414
102.63672
109.157432
111.730393
113.397546
115.161697
115.340975
115.575968
115.583623
117.044814
117.373042
117.66073
117.928282
118.090036
118.809829
120.350234
120.676078
120.906217
121.913288
122.201447
122.358628
122.420665
122.425407
123.796159
123.84134
124.313112
124.413829
124.418943
124.823536
125.39811
125.495824
125.522688
125.68958
125.773946
125.821379
125.899381
125.900003
126.015256
126.240156
126.248194
126.435611
126.443502
126.802858
126.998387
127.08927
127.423381
127.466967
127.505883
127.63896
127.783567
127.795664
128.113795
128.435766
128.565847
128.748112
128.8279
129.125991
129.272497
129.313298
129.383339
129.449485
129.675672
130.52114
130.563494
130.653837
130.674356
130.856549
131.02347
131.299854
131.303456
131.345534
131.453248
132.095342
132.483072
132.665306
133.088824
133.211429
133.242261
133.320836
133.463949
133.576779
133.696924
133.70652
134.016794
134.045841
134.173549
134.369147
134.433528
134.873059
135.215865
135.45483
136.002755
136.033596
136.083963
136.380414
136.40794
136.494399
136.77173
137.045677
137.940638
138.096329
138.456779
138.964967
139.144692
139.256241
139.302842
140.588334
141.93863
142.232631
142.518423
142.821091
142.96595
142.993297
143.320087
143.55726
143.981999
144.013493
144.317498
144.370385
144.426723
146.680155
146.804009
146.862958
146.903016
147.125784
147.156971
147.242478
147.743057
147.918941
147.971055
148.009566
148.152565
148.371422
148.652583
148.806071
149.14794
149.288059
150.103351
150.210134
150.286061
150.448966
150.674201
151.000413
151.000879
151.136212
151.189076
151.215082
151.351966
151.357119
151.396012
151.565737
151.729813
152.155718
152.292549
152.556753
152.716718
152.927461
152.951788
153.372494
153.546351
153.702937
153.92935
154.064919
154.579732
154.58897
154.803728
155.271216
155.286197
155.628407
157.089609
157.18334
157.611903
157.618806
158.705229
158.850697
158.880058
159.165376
159.63451
159.904877
161.552771
162.315985
162.76564
162.77549
164.147076
164.40746
165.649891
166.056814
166.880014
167.56501
167.666087
167.694118
167.958784
168.325027
168.522993
168.523993
169.757976
170.391271
170.9553
171.917078
172.171457
172.39838
172.81967
172.874304
172.908124
173.932417
173.941045
174.432813
174.596747
174.957103
175.155126
175.274678
175.300502
175.356515
176.023403
176.046021
176.763787
177.002236
177.082618
177.469335
177.613118
177.692219
177.798042
177.849391
178.09843
178.27028
178.589774
178.682762
178.88256
178.896693
179.063814
179.119787
179.326314
179.379312
179.46986
179.491214
179.557923
179.560626
179.59994
179.896397
179.923107
179.995129
180.120498
180.277039
180.328519
180.374158
180.377244
180.439245
180.443488
181.206361
181.460386
181.671917
181.829571
181.849549
181.94454
181.972206
182.092154
182.104377
182.127088
182.511378
182.600469
182.618698
182.682247
182.688204
182.693116
183.136277
183.234471
183.673639
183.705348
183.727956
183.771077
183.854062
183.928785
184.087571
184.313792
184.35023
184.436236
184.534115
184.615562
184.858595
184.918802
186.317175
186.344376
186.36934
186.46275
186.526169
186.570046
186.732933
186.872074
186.890874
186.894321
186.953251
187.036358
187.292135
187.309159
187.952487
187.965121
188.139597
188.233261
188.243419
188.399667
188.562643
188.620026
188.884754
188.964124
188.997916
189.003262
189.008958
189.015564
189.039919
189.294091
189.346598
189.778749
189.80521
189.81946
190.068379
190.23204
190.272753
190.438729
190.546787
190.954754
191.137428
191.260702
191.309678
191.546534
191.645338
191.790303
191.904685
191.97229
192.208123
192.376845
192.639407
192.646724
192.676909
192.80412
193.241187
193.242667
193.294555
193.303503
193.355274
193.53798
193.549218
193.603364
193.628995
193.65181
193.663825
193.721384
193.73503
193.89869
194.050481
194.078168
194.146027
194.338517
194.447156
194.611433
195.120619
195.386957
195.404503
195.559073
195.80273
195.943871
196.321683
196.418312
196.436949
196.590889
196.669613
196.978637
197.017332
197.233078
197.365638
197.812625
197.965802
197.992103
198.113814
198.237612
198.239482
198.335385
198.638464
198.716712
198.914084
198.930481
199.015518
199.502416
199.585274
199.65219
199.673632
199.67573
199.793477
199.927839
199.93665
200.042708
200.071527
200.145918
200.31584
200.328669
200.613503
200.704159
201.052259
201.139815
201.236412
201.38192
201.512387
201.676822
201.73263
201.825456
201.976507
202.003368
202.097707
202.392991
202.605818
202.91227
203.020686
203.286111
203.300902
203.895818
203.973531
204.127044
204.355327
204.777716
205.184671
205.202016
205.332918
205.333784
205.334498
205.371089
205.385467
205.891567
206.043362
206.443859
206.506541
206.852107
207.462196
207.674645
207.790118
208.325385
208.474962
208.921669
209.477367
209.664139
209.679553
209.785887
210.187902
210.406218
210.42973
210.500437
210.721095
210.899857
210.958566
211.010756
211.155535
211.604626
211.909058
211.96008
212.097884
212.255183
212.27709
213.220903
213.355455
213.978528
214.718712
214.818006
215.041355
215.172767
215.552555
215.587389
216.122525
216.168783
216.319669
216.484681
216.676427
217.118736
217.274215
217.5111
217.798454
217.821166
218.241212
219.13955
219.304554
219.461737
219.666797
220.445332
221.434103
222.340828
222.446928
223.559992
223.844489
224.738039
226.176569
226.355801
227.102107
228.746636
228.864917
229.2922
229.463015
229.566182
229.60293
229.903614
231.41372
231.690137
232.892635
232.925893
233.118621
233.858717
233.99507
235.215329
235.627498
236.167704
236.721755
236.928913
237.050825
238.022975
239.506299
239.507828
239.534583
239.781715
239.793741
240.215489
240.733511
241.642796
242.127388
243.397607
244.823611
245.565282
246.254471
246.255892
246.31633
246.894068
247.161232
247.310433
249.574298
250.312342
250.348807
250.50849
251.278766
253.125872
253.346049
253.934826
254.056013
255.60845
256.373036
256.747362
257.929253
258.552614
260.645234
260.695129
261.173
262.289117
264.233392
264.476489
264.500201
266.328259
267.259154
268.883846
268.905824
273.801199
275.09586
277.097596
277.707794
282.415364
283.718869
287.110645
287.42672
291.573248
291.737385
296.338776
297.471212
303.927587
305.646535
308.108561
310.990566
315.244411
316.033966
316.74273
317.927501
318.999245
319.8815
323.199791
325.109644
325.416626
325.590102
328.808449
331.422864
335.00297
337.184499
337.744084
338.740004
342.765782
343.665686
343.668791
344.144405
348.271166
349.560805
351.050492
351.6377
354.20813
354.830788
357.04285
357.205533
358.014121
359.507188
360.334391
362.150135
362.40897
364.493641
364.852963
365.851971
366.084225
366.309322
366.535465
366.920316
367.606136
367.630801
369.818404
370.014692
370.221352
373.669131
373.95741
374.890855
375.258524
377.367376
377.766627
378.157674
380.942746
381.816105
382.000726
382.343208
384.875299
385.240111
385.648806
387.105592
387.846161
387.921765
388.85619
391.210913
393.288979
393.861948
394.176338
394.197181
396.37351
398.082421
398.485354
399.664096
401.483711
402.754167
403.953376
408.237857
414.744703
417.832918
418.070253
420.473663
422.400167
422.410394
423.146235
423.370488
423.407185
423.686239
427.028794
428.771367
431.627701
432.979327
434.233973
435.40895
439.002706
439.963366
439.986991
443.485078
443.721059
443.871757
443.945687
445.487544
448.194017
453.714801
454.972073
455.500101
456.967759
460.883135
461.630497
461.813418
464.511575
466.583822
470.933743
473.21872
477.241337
477.361619
481.545873
491.540477
494.88698
495.89565
500.741104
506.893498
512.244591
513.533628
517.949221
518.157157
521.187886
521.363427
523.503473
523.576023
524.214514
529.672309
531.569736
532.833296
533.549352
535.700265
536.586913
538.134013
539.924129
542.590346
542.838714
549.184039
550.643191
551.509118
552.827161
554.155643
559.233999
559.898994
561.387398
565.602344
566.035198
567.831384
570.548732
572.327215
573.224003
574.630814
576.200328
576.916687
580.658735
589.048594
591.571171
596.03245
596.123389
602.203351
602.243105
603.733732
604.945064
606.66438
607.218345
609.98535
610.177394
612.44432
613.913778
616.26244
616.375215
619.593401
620.759428
624.796661
626.939274
630.567482
632.745449
636.380568
638.449447
638.843167
641.38264
652.335708
654.748509
655.770812
657.070274
660.332586
660.77686
674.407676
683.158205
685.95306
692.328257
705.98744
748.919875
758.281118
868.177613
1642.463764
2233.306805
3088.662586
3740.035804
3855.02326
5032.071139
5389.033571
6535.364046
6568.676984
6967.171687
10800.347524
10800.387032
10800.394492
10801.259278
10802.971651
14405.384458
21600.963933
