2.78308
12.551871
142.232631
142.96595
142.993297
144.426723
147.156971
147.918941
148.806071
151.000413
151.565737
152.292549
152.951788
157.089609
167.694118
168.522993
168.523993
170.9553
172.39838
173.941045
174.432813
176.023403
177.002236
177.692219
177.798042
177.849391
179.063814
179.560626
179.59994
180.120498
180.277039
180.439245
181.829571
182.511378
182.688204
183.673639
183.771077
183.928785
184.35023
186.344376
186.570046
187.965121
188.139597
188.562643
189.346598
189.778749
189.80521
191.546534
192.676909
193.303503
193.628995
193.89869
194.611433
196.321683
199.927839
202.605818
203.895818
206.043362
207.462196
207.674645
214.718712
228.864917
231.41372
233.118621
235.627498
236.167704
236.721755
239.507828
243.397607
247.310433
250.312342
250.348807
253.125872
253.346049
254.056013
260.645234
262.289117
308.108561
315.244411
316.74273
317.927501
318.999245
323.199791
325.416626
325.590102
335.00297
338.740004
343.668791
349.560805
354.20813
364.493641
367.630801
370.014692
370.221352
378.157674
388.85619
431.627701
512.244591
517.949221
532.833296
559.898994
604.945064
607.218345
657.070274
683.158205
705.98744
1642.463764
10802.971651
