13.810613
15.360385
15.436818
16.132287
16.276104
17.063886
17.640703
18.105153
19.580548
19.949848
23.116159
25.06004
26.583837
31.555534
41.446935
45.544454
64.024597
64.486045
70.556828
120.457294
130.451252
134.591999
145.168518
155.757548
172.892392
181.65749
194.558144
198.264546
201.025957
211.814882
214.221194
214.964833
240.241689
249.0498
250.750792
257.660681
269.63632
270.310138
271.161574
288.860959
291.830995
296.437255
307.737582
322.879731
345.82196
368.485034
368.87832
377.802294
383.085344
391.501836
397.853874
397.989745
400.156657
400.761528
406.011887
410.944207
415.262258
429.614181
440.655207
