214.527505
214.778349
217.294351
218.613495
218.671403
219.218349
219.300459
219.470342
220.325981
220.368255
221.332078
221.913416
222.050232
222.171749
223.687147
224.063057
225.089834
225.867374
226.496697
226.669191
226.991199
226.997433
227.378968
227.586356
228.134409
228.144479
228.226991
228.309857
228.383735
228.440829
228.502816
228.639538
229.376366
229.634897
229.889012
230.014372
230.021582
230.176778
230.358493
230.628243
230.774358
230.839664
230.868003
230.97247
231.047856
231.188748
231.31897
231.560744
231.59579
231.62571
231.846074
231.932491
232.069851
232.383442
232.645743
232.761727
232.875709
232.92333
233.08008
233.418457
233.780647
233.894094
233.962726
234.01164
234.032426
234.151941
234.199018
234.262437
234.381768
234.467357
234.733771
234.784638
234.866971
234.965586
235.157984
235.341139
235.520346
235.705991
235.7558
235.819937
235.82801
235.863902
235.879679
236.01146
236.037569
236.074764
236.549896
236.733085
236.76671
236.834236
236.838181
237.159839
237.466081
237.909259
237.999273
238.532214
238.704069
238.716133
238.854445
238.935179
239.167692
239.184073
239.27798
239.544313
239.692444
239.737838
240.050718
240.146742
240.684783
240.808568
241.05613
241.154383
241.285808
241.338131
241.350729
241.554284
242.095612
242.454527
242.567543
242.709869
242.759709
242.769143
243.091191
243.209222
243.315244
243.463789
243.473342
243.534211
243.558677
243.56353
243.98661
243.988964
244.195288
244.305162
244.495404
244.726724
245.055032
245.104358
245.21016
245.298998
245.319626
245.47544
245.734689
245.961723
246.017824
246.593164
246.685836
246.788045
246.960923
247.000112
247.588848
247.83873
248.297045
248.425143
248.683584
249.061221
249.097731
249.226441
249.265579
249.458483
249.733105
249.850894
249.962799
250.057608
250.273051
250.348661
250.419487
250.575971
250.691209
250.694266
250.731398
250.961724
251.46175
251.836019
251.843345
252.352331
252.540252
252.881462
253.881861
254.218796
254.652695
254.660544
255.208568
255.469303
255.479043
255.586111
256.270041
256.646734
256.668032
256.969328
257.005432
257.300243
257.672401
258.379729
259.233295
259.233338
259.352497
260.648417
260.702789
260.710954
261.659855
262.31461
263.031388
263.376183
263.964733
265.057802
265.207651
265.740052
265.903905
265.988666
266.907958
268.352837
268.51766
268.793574
268.884137
268.961957
269.315147
270.345672
271.595041
272.290824
272.414893
272.481224
273.143124
273.257067
273.379822
273.631324
273.914824
274.147444
274.565744
274.849925
274.942752
275.550007
275.713672
275.72114
275.881152
276.032413
276.077106
276.280902
276.540038
276.732101
276.831478
276.871533
276.920859
276.950159
276.970892
277.058316
277.916606
277.985546
277.995961
278.090997
278.235353
278.495313
278.647506
278.665357
278.733588
278.755424
278.818146
278.845976
279.204011
279.65059
279.989218
280.014637
280.205749
280.250465
280.268443
280.270123
280.459904
280.628499
280.646658
280.714829
280.784614
280.980006
281.037863
281.40241
281.549135
281.742887
281.773727
281.862935
281.879177
281.941744
282.025676
282.117861
282.186088
282.187688
282.234461
282.280677
282.378986
282.422234
282.481257
282.877513
283.050465
283.229237
283.516386
283.536159
283.562517
283.612967
283.713338
283.841364
284.173717
284.265265
284.29963
284.335168
284.454423
284.468279
284.478041
284.544052
284.588023
284.812062
284.94338
285.122553
285.143854
285.248994
285.450493
285.597335
285.615546
285.686972
285.687319
285.817645
286.165786
286.296086
286.557424
286.612054
286.619834
286.828897
286.835747
286.893546
286.949582
287.19003
287.222592
287.324748
287.503491
287.533245
287.657721
287.66308
287.826833
287.847913
287.903678
287.920293
287.925212
288.098681
288.110029
288.115439
288.125547
288.175393
288.238371
288.310727
288.469006
288.513611
288.696917
288.716228
288.721452
288.789286
288.874196
288.892229
289.108612
289.324682
289.370964
289.3843
289.620824
289.697522
289.850453
289.967056
290.032534
290.180733
290.516083
290.902934
290.957043
290.978248
290.985103
291.219859
291.369837
291.455765
291.613314
291.635681
291.63581
291.66471
291.810967
291.956364
292.145633
292.275007
292.321619
292.325862
292.32746
292.498627
292.726288
292.769866
292.78229
292.796332
293.267355
293.351686
293.420413
293.544042
293.765949
293.869222
293.947497
294.003076
294.007957
294.012886
294.111957
294.247661
294.382494
294.457684
294.557776
294.662394
294.679304
294.687786
294.857803
295.026901
295.103908
295.250053
295.267363
295.486058
295.652759
295.772708
295.867695
295.978098
296.032416
296.078998
296.124496
296.169352
296.24054
296.271692
296.293539
296.410153
296.438485
296.448412
296.536737
296.636102
296.751611
296.889201
297.036643
297.211109
297.396864
297.458487
297.740385
297.811458
297.958503
298.089247
298.198151
298.220422
298.229621
298.442327
298.528071
298.590107
298.677649
298.698192
298.945093
298.961214
298.980811
298.996044
299.063418
299.167638
299.291864
299.617652
299.850545
299.879673
300.148586
300.244931
300.572302
300.583368
300.615448
300.728104
300.825513
300.863058
301.19947
301.502486
301.529519
301.532019
301.601181
301.794792
301.862684
301.887175
301.90768
302.007931
302.020696
302.210283
302.379796
302.435181
302.538307
302.642723
302.646227
302.664308
302.792763
302.799796
302.816284
303.102741
303.332968
303.337423
303.419827
303.516344
303.613834
303.785482
304.014781
304.042323
304.155943
304.38712
304.525318
304.587321
304.680731
304.888011
304.909744
304.938186
304.957769
304.970639
305.142861
305.299941
305.304944
305.387057
305.488532
305.932751
306.048255
306.287099
306.310457
306.536035
306.594425
306.642417
306.675619
307.022844
307.058923
307.120423
307.209519
307.315566
307.401648
307.7085
307.795187
307.917558
307.993516
308.014842
308.063464
308.106823
308.26561
308.329589
308.350611
308.519026
308.624131
308.840779
308.925632
308.99086
309.004974
309.006515
309.008597
309.21323
309.282282
309.347368
309.464112
309.476678
309.545588
309.624604
309.967488
309.976512
309.995028
310.002255
310.034254
310.338988
310.509454
310.544662
310.559559
310.768128
310.812912
310.892709
310.901565
310.912981
310.990124
311.138471
311.201647
311.202389
311.208001
311.381456
311.456
311.621153
311.752752
312.161583
312.191117
312.339144
312.388555
312.400734
312.42906
312.447688
312.457482
312.490866
312.604127
312.660662
312.811041
312.913745
313.152838
313.173804
313.195526
313.254998
313.310947
313.423263
313.439747
313.609851
313.641318
313.732261
313.777486
313.795144
313.798661
313.926206
313.938825
314.003118
314.034204
314.244037
314.326682
314.462809
314.467344
314.530108
314.551585
314.563953
314.651421
314.703429
314.70733
314.913096
315.039644
315.133277
315.311997
315.389565
315.445712
315.506248
315.527158
315.62082
315.682035
315.912302
315.973084
315.991965
316.014708
316.247596
316.35571
316.431696
316.522788
316.582699
316.5958
316.771522
316.832501
316.837859
316.849769
316.863228
316.939603
316.943842
317.253386
317.359966
317.47869
317.610427
317.675931
317.713258
317.839451
317.91007
317.974195
318.099813
318.107062
318.154474
318.228617
318.525692
318.567484
318.590532
318.721042
318.756542
318.78649
318.874314
318.978034
318.990023
319.031348
319.121078
319.150578
319.152585
319.187845
319.422994
319.765394
319.775708
319.926462
320.260971
320.349396
320.742057
320.870858
320.976434
321.095224
321.099094
321.127146
321.275345
321.281905
321.291265
321.297357
321.429268
321.458882
321.461132
321.7807
321.887441
321.904981
321.991132
322.011542
322.18349
322.234969
322.332148
322.383746
322.619712
322.67212
323.08436
323.176619
323.217141
323.222343
323.390299
323.540909
323.548212
323.562626
323.611126
323.65335
323.682543
323.695547
323.845913
323.90622
323.946543
324.008913
324.015266
324.042655
324.04538
324.133567
324.174601
324.24458
324.382995
324.40128
324.652799
324.666982
324.700226
324.725063
324.777108
324.835636
324.899945
324.915673
325.141646
325.189512
325.296142
325.351191
325.40535
325.413266
325.501358
325.502732
325.716715
325.770803
325.810487
325.920943
325.930425
325.95101
326.009854
326.117537
326.143103
326.146659
326.210286
326.236992
326.27935
326.317181
326.458706
326.514451
326.606655
326.699429
326.800181
326.823326
326.865829
326.888953
327.007918
327.103729
327.139348
327.384186
327.420863
327.472505
327.508755
327.536195
327.555958
327.643075
327.750761
327.913763
327.921547
328.188006
328.343543
328.34881
328.434501
328.50269
328.506295
328.565118
328.756102
328.768402
328.797676
328.91099
329.005602
329.03245
329.034297
329.428004
329.465024
329.588376
329.589185
329.606634
329.656633
329.685363
329.7499
329.790326
329.809849
329.819919
329.969957
329.974616
330.113555
330.161178
330.167686
330.212874
330.236052
330.281978
330.322436
330.438711
330.454728
330.487928
330.614089
330.635753
330.697039
330.867616
331.110903
331.251358
331.695481
331.779198
331.865038
331.903974
331.920427
332.028817
332.225165
332.264111
332.377967
332.798985
332.837026
332.847328
332.909146
332.935543
332.975492
333.098862
333.393759
333.401131
333.525725
333.540007
333.56665
333.597099
333.792705
334.0888
334.183505
334.264372
334.29836
334.339874
334.436518
334.551442
334.700721
334.705625
334.73157
334.738046
334.77826
334.848935
334.946819
335.140303
335.178814
335.210143
335.239558
335.281039
335.328861
335.35688
335.417145
335.428229
335.578845
335.690507
335.761497
335.777545
336.167622
336.241026
336.492179
336.652192
336.669263
336.688884
336.718943
336.923022
337.002593
337.130559
337.300203
337.510889
337.564981
337.650486
337.65176
337.683023
337.704742
337.876888
337.902074
338.14946
338.186752
338.259381
338.470343
338.529532
338.532191
338.593098
338.804063
339.118931
339.141605
339.247512
339.363943
339.645246
339.667927
339.728839
339.734441
339.74214
339.749984
339.818138
339.886386
339.951742
340.051013
340.182519
340.201598
340.324761
340.543181
340.558188
340.629632
340.70474
340.820232
340.843705
340.907014
341.012878
341.04519
341.067431
341.325592
341.43161
341.553569
341.722992
341.725313
342.062453
342.09929
342.147855
342.2202
342.225778
342.33901
342.404575
342.442664
342.467114
342.609917
342.682051
342.738826
342.832734
342.902812
342.99956
343.13965
343.327003
343.338903
343.389333
343.417493
343.450435
343.459891
343.65113
343.753301
343.87804
344.011211
344.109082
344.156331
344.160832
344.247728
344.268488
344.340686
344.443821
344.446239
344.483156
344.619533
344.662299
344.821018
344.884505
344.885716
345.032565
345.060395
345.187814
345.237668
345.266271
345.317752
345.442643
345.773277
345.808295
346.062377
346.172525
346.245604
346.34039
346.362209
346.389806
346.553014
346.644717
346.648248
346.669223
346.717357
346.728259
347.037581
347.079111
347.169459
347.21227
347.464853
347.616124
347.6517
347.670345
347.676177
348.034149
348.316218
348.344873
348.437965
348.471738
348.579628
348.783642
348.847461
348.91946
348.925121
348.925637
349.137534
349.183186
349.240347
349.357866
349.690933
349.779906
349.823685
349.841125
349.94363
349.963098
350.018045
350.030657
350.069594
350.205834
350.2814
350.396448
350.450192
350.478783
350.577305
350.612496
350.850334
351.04736
351.070646
351.102214
351.117243
351.136923
351.188146
351.433629
351.467919
351.669522
351.762555
351.811768
351.816754
352.212053
352.297316
352.309788
352.619702
352.64814
352.681441
352.741076
352.844781
352.892623
353.060455
353.173073
353.180341
353.255817
353.540332
353.787538
353.796641
353.807566
353.882208
353.938668
353.990127
354.129896
354.155877
354.173145
354.287644
354.389725
354.406103
354.742095
354.856903
354.948377
354.950472
354.97096
355.158851
355.510353
355.516862
355.558542
355.702578
355.980519
356.144892
356.156236
356.527723
356.550899
356.770874
356.852122
356.966015
357.181464
357.219139
357.422588
357.448696
357.493445
357.582475
357.584694
357.774148
357.790268
357.875153
358.1802
358.185279
358.237
358.406903
358.478585
358.5237
358.562734
358.674843
358.686118
359.038765
359.234829
359.243227
359.26393
359.425777
359.516113
359.57793
359.673071
359.784062
359.806714
359.82164
359.854391
360.079984
360.08233
360.437921
360.734635
360.94241
361.062708
361.084557
361.096203
361.138639
361.195029
361.237311
361.415662
361.589241
361.742618
361.990184
362.182972
362.413761
362.745396
362.782746
362.93106
363.00641
363.018044
363.035977
363.645079
363.657296
363.72284
363.84062
363.93712
364.07693
364.218928
364.230615
364.32521
364.449087
364.458112
364.740294
364.774176
364.856395
365.11432
365.225418
365.309491
365.313567
365.339696
365.568515
365.731414
365.86455
365.965498
366.003936
366.301172
366.378583
366.4422
366.455927
367.072412
367.110339
367.349094
367.436846
367.547672
367.568491
367.67586
367.684505
367.922745
368.048384
368.079659
368.178096
368.327444
368.561902
368.745956
368.825108
368.984367
369.054531
369.301284
369.329295
369.397896
369.614885
369.662726
369.832371
369.867864
370.326809
370.371493
370.48277
370.566109
370.760679
370.806542
371.033077
371.217545
371.245034
371.279784
371.328174
371.35388
371.436881
371.479382
371.544202
371.544299
371.744832
371.767584
372.044402
372.140012
372.347384
372.363662
372.447556
372.694785
372.81098
372.822968
372.962595
373.27738
373.305321
373.308765
373.310455
373.320629
373.323426
373.390447
373.469453
373.64866
373.687429
374.002072
374.053543
374.155112
374.161057
374.483624
374.554186
374.599937
374.698464
374.815513
374.829196
374.906719
375.236936
375.405083
375.655594
375.69666
375.823874
376.263288
376.274888
376.29561
376.524593
376.537448
376.790642
376.893766
376.918818
376.946135
377.002004
377.349692
377.38581
377.452205
377.505774
377.508107
377.534574
377.804882
377.914937
377.954348
378.045132
378.14137
378.14574
378.656705
378.702967
378.830815
379.142807
379.171104
379.433846
379.693799
379.74424
379.926123
379.954693
380.044184
380.075154
380.090505
380.101076
380.143867
380.146641
380.217352
380.46122
380.545026
380.853117
380.980526
381.17926
381.613084
381.898034
381.974539
382.122409
382.238921
382.331775
382.380525
382.680688
382.721341
382.794916
382.832822
382.928489
383.02008
383.046768
383.364984
383.509653
383.565759
383.637183
383.74081
383.83026
383.981194
384.01215
384.09839
384.167479
384.224777
384.845619
385.14797
385.227763
385.235207
385.36859
385.378305
385.569595
385.63252
385.968085
386.129066
386.136486
386.236054
386.388763
386.446525
386.479252
386.572702
386.582922
386.620401
386.631875
386.773155
386.838526
386.917324
386.954406
386.974935
387.017605
387.018056
387.180635
387.364658
387.43388
387.588791
388.293458
388.347684
388.504932
388.515572
388.636336
388.726653
388.738266
388.74652
388.831042
388.977761
389.105947
389.336975
389.352073
389.416864
389.46467
389.484214
389.624461
389.806416
389.830094
389.88002
390.014507
390.055055
390.145022
390.283541
390.411751
390.446966
390.562371
390.725811
390.851863
390.933159
391.101676
391.15729
391.261445
391.339314
391.632032
391.984149
392.308836
392.327337
392.370734
392.414601
392.492676
392.494399
392.509993
393.011999
393.023644
393.10857
393.367845
393.487833
393.559277
393.596771
393.66941
393.748927
393.890323
393.920669
393.951244
394.193878
394.39119
394.629204
394.747534
394.844739
394.888898
395.00359
395.253793
395.258103
395.29204
395.427849
395.509182
395.518279
395.580421
395.636376
395.740133
395.887145
395.977639
395.978781
396.005441
396.065221
396.219573
396.349888
396.432606
396.636515
396.667666
396.731135
397.032916
397.200137
397.32887
397.664324
397.691697
398.014367
398.227291
398.316375
398.483184
398.796693
399.115959
399.195432
399.196801
399.256355
399.287926
399.297642
399.382839
399.397763
399.405839
399.611273
399.611498
399.641054
399.861927
399.872446
399.929012
400.017553
400.094558
400.243803
400.252532
400.322725
400.450407
400.476365
400.488455
400.515082
400.61631
401.283916
401.546101
401.650709
401.659902
401.734297
401.767639
401.843875
401.89438
401.951817
401.995588
402.026913
402.050563
402.092368
402.21025
402.268393
402.282866
402.351317
402.366023
402.955387
402.964335
403.007675
403.152913
403.174472
403.284136
403.331634
403.394103
403.39774
403.545121
403.649905
403.74006
403.740823
403.813065
403.832298
403.862035
404.067137
404.164762
404.219545
404.403877
404.784828
405.011874
405.069704
405.101731
405.107745
405.263671
405.387905
405.467909
405.476996
405.667573
405.681013
405.848785
405.916936
405.95157
406.231622
406.344882
406.576615
406.577623
406.663777
406.86427
407.075796
407.243564
407.51645
407.602394
407.610538
407.843054
407.895763
407.982408
408.040977
408.096688
408.247763
408.274481
408.444102
408.640278
408.746104
408.753298
408.818252
408.863954
408.872686
408.886396
409.096549
409.245253
409.276726
409.460653
409.686908
409.730519
409.733072
409.819344
409.895739
409.971432
409.97507
410.021903
410.220609
410.234478
410.235742
410.326712
410.439442
410.611357
410.62481
410.662101
410.681589
410.737991
410.842602
411.176682
411.345884
411.474941
411.732364
411.958636
412.084363
412.129707
412.241877
412.279509
412.761498
412.812391
412.852131
412.91613
412.990936
412.994255
413.129041
413.136784
413.197469
413.256384
413.284075
413.311563
413.453531
413.734717
413.750956
413.858297
413.981186
414.004457
414.498084
414.579301
414.798114
414.826066
414.828959
414.835909
415.101027
415.233426
415.410782
415.440398
415.534746
415.666055
415.779208
415.801604
415.915834
415.932017
415.946718
415.954245
415.992779
416.113786
416.150424
416.545817
416.595047
416.635699
416.645957
416.722545
416.761342
416.826093
417.064409
417.152954
417.195859
417.464225
417.519913
417.532536
417.552527
417.565852
417.608042
417.613172
417.678541
417.750658
417.792997
417.845021
417.911996
418.090081
418.184739
418.24053
418.270331
418.437683
418.476607
418.537162
418.550328
418.720532
418.729446
418.774578
418.850178
418.90038
419.281542
419.295398
419.334663
419.343943
419.353001
419.383203
419.414111
419.436085
419.521231
419.628013
419.807862
419.867109
419.905805
419.921924
419.949413
419.991441
420.052562
420.185349
420.339486
420.390162
420.400004
420.408156
420.526116
420.817536
420.832406
420.903006
421.068739
421.086069
421.388008
421.514391
421.541112
421.575934
421.612031
421.722156
421.79416
421.812121
421.819328
422.04586
422.064
422.22732
422.54121
422.631515
422.689942
422.852584
422.868114
422.913583
422.936573
423.020008
423.112033
423.11966
423.152366
423.440676
423.473441
423.799865
423.805607
424.005326
424.057867
424.095266
424.109493
424.308685
424.388634
424.446845
424.536992
424.576623
424.623326
424.664355
424.677734
424.701203
424.817346
424.871792
424.910064
425.061581
425.182593
425.22144
425.421068
425.471501
425.647088
425.759935
425.859874
425.871841
425.931443
425.990553
425.994867
426.02814
426.149614
426.230442
426.252661
426.687264
426.915835
426.936791
427.249882
427.395851
427.531524
427.635817
427.640642
427.9171
427.965231
427.987871
428.184272
428.193163
428.255439
428.590701
428.871334
429.078469
429.160752
429.18335
429.342127
429.34855
429.351618
429.604459
429.631204
429.690468
429.701794
429.712044
429.748762
429.883837
429.885566
430.110469
430.169006
430.234455
430.279861
430.39517
430.423534
430.5043
430.527921
430.6038
430.702556
430.727246
430.831472
430.834539
430.94921
430.972151
431.016816
431.212018
431.220163
431.29464
431.345977
431.402012
431.439903
431.480811
431.524848
431.542264
431.550589
431.721129
431.723188
431.763379
431.968717
432.093753
432.110203
432.254992
432.272326
432.437846
432.444761
432.46344
432.568397
432.647556
432.743086
432.892472
432.93625
433.174488
433.220268
433.298234
433.354453
433.47027
433.510352
433.605155
433.73023
433.885107
433.88796
433.92506
434.00849
434.130769
434.181999
434.197451
434.342882
434.438433
434.550862
434.665501
434.780725
434.985218
435.027555
435.033203
435.066435
435.126024
435.224723
435.332022
435.370833
435.526597
435.537961
435.595951
435.66103
435.714085
435.722425
435.733649
435.856872
435.871969
435.910208
436.199751
436.224904
436.414331
436.692761
436.694043
436.962758
436.973875
437.020922
437.057219
437.410299
437.572567
437.703097
437.742575
437.746464
437.759401
437.906556
438.069474
438.233574
438.319189
438.342736
438.382713
438.395149
438.628386
438.642492
438.645778
438.682694
438.729657
438.77034
438.797096
438.800294
438.913964
438.979097
439.25804
439.314918
439.436001
439.463999
439.659621
439.713913
439.893723
439.967973
440.080447
440.292993
440.30643
440.906993
441.080452
441.092696
441.214177
441.220497
441.268731
441.30931
441.412841
442.107421
442.178194
442.269335
442.391229
442.576512
442.740252
442.759427
442.8105
442.836912
442.932657
443.065837
443.080397
443.099935
443.265469
443.576405
443.734043
444.021248
444.093329
444.246219
444.564649
444.615435
444.741943
444.819976
444.97091
444.986772
445.1258
445.183464
445.191578
445.202482
445.367927
445.373285
445.393494
445.565293
445.777371
445.8149
446.076556
446.081604
446.095078
446.112522
446.172341
446.193972
446.599269
446.608003
446.620184
447.207766
447.225646
447.372822
447.463083
447.635398
447.775673
447.783208
448.069903
448.117174
448.168643
448.191812
448.235991
448.33325
448.811654
449.006605
449.060991
449.170389
449.1983
449.414721
449.687341
450.899647
450.971084
451.432432
451.584029
451.790285
451.800526
451.867402
452.279868
452.469668
452.862631
452.970711
453.283891
453.303515
453.322195
453.820979
453.860745
454.035369
454.059195
454.23462
454.325941
454.469357
455.10155
455.170669
455.345553
455.875695
455.921816
455.980538
456.291416
456.415815
456.598871
457.000537
457.251583
457.25159
458.317298
458.652952
458.685856
458.790018
459.51268
460.281685
460.348724
460.353311
460.537593
460.550818
460.760137
461.442946
461.792132
461.948089
462.503278
462.909319
462.931345
463.251697
463.756898
464.286175
464.746466
465.284992
465.713833
465.821931
466.019107
466.225683
466.461096
466.863673
467.227596
467.241733
467.909868
468.532051
470.199048
470.650628
470.871184
471.088465
471.508191
472.273879
473.020711
473.282413
473.590766
473.932221
474.888618
476.442149
476.845394
476.94943
477.006909
477.877774
478.280924
478.930572
481.656462
481.666965
482.28943
482.633162
483.48919
483.602487
483.884656
484.189789
485.170358
485.733726
485.798018
485.954434
486.323346
487.339674
487.372864
488.544842
489.495015
490.717755
491.560691
491.729994
492.109831
493.938368
494.64352
496.271547
498.726759
501.50108
504.761007
507.793845
509.762245
511.245219
514.485406
514.681836
516.758558
517.806749
519.820661
521.136467
522.115057
522.247899
523.146478
523.178793
529.862545
545.531969
548.567273
553.10775
553.616572
565.694161
573.630001
579.979215
584.282913
588.075026
651.655735
652.581553
667.441831
679.177348
731.780756
740.089631
746.534517
904.764814
946.798368
1010.092644
1101.18836
1138.1888
1770.493766
