19.138943
23.290428
174.392055
187.475569
187.720911
187.768172
188.008102
191.18903
191.541512
192.932202
193.38188
194.278291
195.641712
195.859872
197.541989
198.030899
198.05658
198.713602
198.90769
198.983095
199.095139
200.518037
200.793611
201.762104
202.088612
202.093711
204.83512
207.878033
207.942021
208.03975
208.975217
209.898848
212.438306
212.848836
212.860112
213.701455
214.809112
215.389699
215.578636
215.962357
217.063367
217.659749
218.01772
218.283716
219.224991
220.484029
221.146123
221.382693
222.49252
225.578984
226.379552
226.997294
227.023959
227.543333
228.627033
228.8187
230.810705
233.119358
237.09329
238.275907
238.822242
239.427384
241.121745
243.397563
246.961631
260.897617
262.736059
289.191306
302.831439
331.754752
338.600125
339.350924
343.796473
343.846764
343.962464
344.093729
350.006043
354.038786
355.851325
358.08096
359.64153
364.983903
365.38825
368.63356
370.403806
375.511726
377.020933
378.845817
379.720342
398.636328
402.499278
410.982237
428.124827
442.24586
442.355711
472.403823
544.454246
564.325063
565.802714
570.572453
584.675739
681.257548
697.667659
719.504281
721.322385
721.686362
724.045211
748.558698
761.899415
815.095812
921.2294
1110.56439
1114.593562
1132.356515
1141.511282
1197.540767
1204.996668
1238.99767
1247.371826
1326.546005
1343.852651
1361.602773
1403.766436
1432.112528
1448.93276
1593.117009
1694.025888
2029.710114
2635.139167
7639.346485
10803.386049
