1368.545002
1393.737187
1395.072943
1397.083796
1403.650708
1408.525276
1409.279333
1409.771739
1410.500388
1412.385577
1416.592429
1417.286499
1425.698023
1426.512113
1427.747931
1430.114235
1432.807221
1440.732286
1441.340053
1448.689906
1448.831115
1451.403361
1459.53331
1465.672279
1466.573364
1468.633791
1472.310292
1473.381992
1474.150649
1479.98104
1480.02982
1489.141879
1490.586547
1509.600436
1516.938722
1525.951488
1536.836283
1542.224444
1548.42634
1552.393073
1552.698197
1573.086402
1580.82322
1589.368666
1589.756101
1590.766677
1607.947938
1618.164754
1620.029704
1625.46492
1625.760839
1626.670266
1628.715348
1629.73635
1650.870828
1652.532892
1654.701789
1655.059912
1676.416075
1683.793268
1688.730508
1697.063402
1702.449622
1704.204468
1708.419712
1711.578076
1712.488471
1713.275716
1733.602582
1733.749401
1746.745054
1757.084705
1767.637673
1769.703887
1796.89563
1800.618872
1851.248951
1871.207284
1906.43597
1926.502304
1940.394598
1988.771391
2032.086379
2073.436637
2093.766664
2106.222136
2114.076335
2117.44718
2128.192658
2134.04483
2134.813347
2134.875236
2135.092451
2136.267267
2136.591936
2140.292443
2140.924188
2141.049704
2141.635328
2141.923875
2142.568693
2142.936232
2142.969553
2144.62792
2145.4752
2145.606501
2145.900537
2145.919956
2145.969837
2146.023584
2146.268361
2146.754653
2147.27178
2147.994641
2148.246886
2148.365444
2149.203866
2149.215388
2149.764321
2150.304559
2150.414857
2150.416964
2150.744496
2150.814307
2151.463519
2151.845062
2152.45886
2153.147522
2153.391856
2153.622108
2153.756907
2154.967563
2155.591575
2155.739838
2155.865009
2156.031126
2156.251886
2156.293592
2156.688915
2156.741606
2157.45059
2157.970271
2158.418087
2159.323761
2159.546898
2160.167601
2160.374404
2160.455187
2160.740175
2160.896234
2160.999923
2161.355515
2161.358379
2161.490854
2161.625192
2162.780917
2162.944844
2163.259545
2163.585821
2163.694951
2165.470702
2165.859133
2166.256439
2166.685132
2167.131528
2167.306453
2167.409272
2167.718329
2167.876619
2168.044141
2168.131868
2168.214023
2168.316888
2169.083135
2169.092474
2169.363276
2169.808841
2169.883855
2170.343064
2171.390579
2171.582157
2172.127157
2172.493286
2172.839794
2173.967394
2174.240695
2175.006548
2175.074257
2175.090385
2175.13157
2175.984934
2176.010126
2176.013758
2176.184827
2176.466318
2176.562361
2176.586946
2177.095267
2177.899851
2178.035284
2178.179611
2178.398589
2178.705999
2178.817091
2178.934879
2180.091332
2180.366009
2181.074211
2181.494082
2181.702373
2182.512343
2182.541884
2182.799211
2183.252924
2183.597132
2183.782948
2184.280167
2184.794065
2184.794107
2184.951481
2185.215185
2185.335864
2185.426655
2185.459234
2185.539963
2185.720771
2185.970344
2186.741186
2187.708592
2187.828394
2187.919642
2189.280451
2189.286843
2189.516954
2189.631224
2190.960956
2191.032955
2191.150326
2191.235339
2191.324146
2191.397791
2191.878427
2191.878806
2192.208869
2192.274403
2192.565894
2192.606384
2193.495699
2193.514408
2194.002474
2194.094834
2194.241125
2194.39426
2194.774421
2195.181232
2195.531837
2195.543648
2195.655279
2195.838459
2196.234047
2196.379438
2196.512336
2196.588831
2196.964947
2197.179011
2197.843758
2197.896251
2197.989911
2198.119718
2198.493058
2198.617862
2198.80522
2198.940949
2199.128254
2199.130027
2199.217175
2199.313239
2199.321124
2200.478989
2200.565934
2200.63278
2200.933411
2200.938067
2201.184602
2201.296327
2201.319218
2201.449237
2201.491751
2201.562918
2201.987443
2202.087326
2202.297451
2202.336861
2202.686959
2203.119014
2203.162422
2203.394426
2203.553964
2203.558672
2203.638609
2203.900992
2204.009566
2204.064164
2204.216083
2204.364204
2204.645879
2204.914429
2205.648027
2205.925512
2206.075305
2206.088626
2206.502876
2206.597651
2206.666364
2206.720898
2206.859765
2207.121508
2207.265765
2207.595361
2207.691778
2207.914429
2208.229273
2208.482307
2209.056986
2209.387727
2209.564112
2209.809129
2209.828639
2209.838796
2210.112904
2210.213999
2210.237917
2210.322389
2210.393718
2210.630191
2210.887296
2211.11937
2211.153621
2211.619375
2211.84118
2211.908843
2211.978579
2212.119769
2212.359756
2212.609195
2213.069814
2213.382321
2213.428364
2213.578592
2214.093147
2214.225624
2214.672019
2214.78782
2214.83437
2214.879251
2215.282701
2215.468246
2215.553801
2215.662777
2215.670653
2215.705967
2215.787343
2215.862892
2216.171955
2216.311237
2216.557037
2216.643629
2217.007495
2217.327454
2217.58916
2217.605122
2217.858393
2218.019127
2218.121888
2218.264753
2218.484065
2218.819939
2218.879582
2219.077122
2219.219026
2219.238135
2219.441376
2219.534565
2219.784512
2219.865928
2219.869778
2219.986129
2220.084033
2220.197859
2220.274182
2220.364657
2220.394925
2220.484291
2220.589056
2220.621037
2221.122683
2221.390163
2221.900191
2221.949873
2221.9854
2222.984492
2223.045116
2223.353745
2223.387751
2223.41124
2223.411251
2223.481586
2223.812514
2223.864229
2224.017949
2224.09483
2224.103922
2224.383362
2224.644552
2224.69816
2224.822673
2224.838233
2224.870243
2224.879284
2224.940545
2225.391807
2225.394226
2225.467068
2225.570619
2225.583492
2225.617132
2225.758138
2225.802774
2226.009984
2226.092419
2226.407404
2226.576725
2226.766793
2226.83877
2226.896256
2226.981789
2227.202987
2227.294216
2227.309726
2227.56163
2227.56995
2227.597246
2227.635703
2227.641939
2227.652397
2227.730094
2227.766553
2227.968106
2228.021712
2228.030566
2228.039814
2228.083039
2228.205528
2228.294842
2228.555188
2228.746563
2228.765771
2228.812087
2228.910072
2229.128793
2229.230049
2229.236858
2229.337684
2229.420034
2229.482127
2229.954141
2230.348087
2230.588617
2230.630338
2230.869074
2231.129762
2231.217568
2231.311215
2231.359582
2231.364808
2231.583788
2232.05139
2232.455087
2232.518739
2232.536078
2232.71127
2232.71266
2232.893392
2232.909822
2233.017201
2233.017973
2233.389306
2233.475881
2233.538924
2233.735683
2233.74688
2234.02194
2234.340042
2234.714986
2234.750889
2234.882739
2235.011935
2235.095945
2235.459794
2235.540866
2235.900376
2235.910131
2235.966037
2235.966555
2236.019309
2236.022853
2236.119925
2236.147052
2236.408734
2236.416731
2236.557442
2237.028733
2237.08189
2237.162304
2237.294809
2237.429557
2237.68856
2237.910001
2238.123506
2238.387095
2238.433929
2238.65973
2238.731867
2239.037099
2239.112106
2239.128647
2239.163902
2239.22213
2239.432029
2239.579205
2239.586702
2239.709346
2239.972433
2240.075646
2240.104839
2240.114408
2240.176499
2240.196668
2240.529484
2240.743107
2240.78239
2240.850191
2240.953622
2241.126217
2241.18496
2241.25528
2241.277245
2241.435475
2241.651651
2241.709837
2241.884707
2241.91216
2242.120388
2242.190306
2242.257508
2242.312476
2242.318134
2242.321952
2242.342426
2242.346649
2242.405832
2242.487437
2242.798878
2242.90153
2243.085785
2243.12393
2243.263687
2243.352129
2243.468106
2243.607498
2243.776303
2244.055415
2244.179647
2244.20692
2244.397538
2244.471958
2244.642425
2245.067617
2245.412278
2245.499026
2245.799789
2245.854664
2245.878964
2245.926804
2245.983542
2245.989871
2246.013727
2246.046407
2246.194064
2246.225558
2246.365117
2246.371114
2246.750487
2246.832525
2246.836329
2246.887173
2247.009316
2247.208627
2247.232894
2247.240975
2247.241516
2247.414564
2247.453387
2247.612417
2247.779312
2247.787999
2247.93179
2248.157912
2248.252414
2248.351973
2248.356849
2248.369337
2248.372094
2248.385701
2248.513734
2248.519527
2248.64792
2248.681217
2248.712214
2248.992835
2249.153068
2249.193148
2249.381311
2249.553831
2249.874649
2249.92166
2250.100619
2250.108216
2250.153601
2250.321393
2250.3268
2250.331162
2250.513096
2250.532916
2250.632951
2250.872778
2251.068939
2251.119618
2251.386822
2251.420948
2251.533873
2251.553789
2251.678653
2251.887091
2252.292837
2252.299365
2252.310984
2252.338932
2252.357423
2252.379231
2252.449492
2252.455101
2252.503198
2252.718061
2252.731489
2252.732659
2252.737258
2252.74951
2252.848429
2252.900833
2253.264865
2253.40375
2253.4792
2253.661604
2253.787562
2253.827944
2253.988451
2254.220649
2254.224228
2254.317839
2254.331028
2254.380437
2254.392164
2254.456853
2254.513993
2254.533331
2254.754247
2254.868814
2254.879281
2254.907144
2255.247528
2255.463116
2255.495244
2255.814349
2255.900817
2255.987524
2256.006384
2256.352512
2256.447985
2256.469443
2256.526266
2256.712295
2256.791852
2257.016774
2257.031449
2257.04192
2257.298257
2257.406816
2257.410273
2257.422502
2257.43475
2257.771366
2257.831325
2257.852162
2257.914361
2257.972722
2258.069685
2258.187633
2258.45865
2258.588208
2258.762721
2258.773421
2258.832991
2258.899838
2259.228788
2259.251973
2259.573787
2259.611369
2259.65355
2259.667605
2259.76581
2259.935663
2259.985523
2260.083366
2260.198771
2260.430487
2260.4999
2260.931916
2261.424016
2261.512051
2261.557374
2261.63428
2261.786671
2261.952751
2261.972383
2261.99029
2262.113678
2262.151179
2262.191588
2262.204305
2262.398355
2262.451871
2262.619807
2262.744733
2262.844654
2262.950847
2263.061855
2263.140359
2263.194989
2263.23971
2263.24788
2263.257053
2263.314604
2263.339579
2263.516744
2263.575496
2263.602793
2263.613146
2263.926215
2263.950375
2263.998528
2264.010095
2264.24185
2264.495717
2264.541607
2264.585791
2264.72692
2264.838242
2264.927718
2264.97612
2265.07031
2265.099028
2265.194725
2265.249298
2265.309906
2265.313785
2265.731844
2265.736541
2265.786801
2265.793174
2265.855588
2265.884624
2266.136657
2266.174482
2266.247059
2266.254148
2266.300705
2266.422681
2266.550745
2266.556309
2266.569516
2266.927674
2266.939005
2267.138201
2267.204002
2267.218767
2267.514678
2267.671942
2267.698232
2267.751539
2267.847715
2268.006193
2268.174757
2268.251044
2268.598786
2268.612819
2268.807371
2268.899892
2268.911593
2268.980576
2268.993998
2269.318113
2269.445659
2269.555355
2269.707983
2269.814403
2269.840215
2269.8729
2269.94018
2270.366782
2270.390006
2270.427925
2270.472226
2270.513564
2270.513806
2270.618277
2270.665271
2270.695997
2270.860309
2270.921243
2271.000544
2271.060226
2271.343004
2271.532624
2271.686896
2271.845896
2271.936892
2271.993958
2272.069144
2272.123603
2272.160774
2272.360034
2272.419843
2272.671335
2272.702706
2273.062705
2273.080227
2273.16814
2273.27926
2273.336497
2273.338732
2273.424194
2273.586313
2273.841654
2273.927159
2273.96611
2274.027416
2274.150714
2274.161124
2274.246606
2274.246818
2274.395534
2274.451319
2274.522872
2274.576932
2274.607556
2274.772682
2274.786834
2274.80978
2275.030976
2275.181059
2275.582718
2275.785945
2275.863398
2275.867881
2275.880733
2275.948017
2275.9577
2276.225828
2276.2576
2276.536634
2276.647327
2276.687298
2276.735095
2276.841067
2276.874277
2276.966017
2276.966859
2276.992876
2277.077758
2277.157142
2277.286323
2277.368714
2277.607414
2277.720832
2277.989191
2278.089363
2278.10554
2278.263764
2278.300827
2278.318844
2278.426948
2278.666461
2278.747153
2278.771756
2278.973876
2279.372062
2279.482481
2279.561412
2279.599953
2279.711187
2279.934054
2280.012693
2280.089716
2280.230001
2280.283263
2280.320608
2280.332513
2280.432244
2280.454777
2280.466841
2280.503967
2280.521475
2280.626079
2280.708272
2280.770037
2280.964604
2280.985612
2281.105089
2281.174253
2281.202899
2281.260913
2281.571398
2281.730774
2281.975052
2282.03158
2282.114454
2282.186591
2282.189832
2282.194965
2282.236092
2282.306741
2282.348632
2282.425956
2282.718698
2283.113015
2283.222119
2283.332583
2283.497187
2283.533323
2283.543291
2283.660054
2283.711591
2283.784259
2283.803295
2283.955803
2283.957968
2283.963204
2284.135003
2284.391719
2284.551929
2284.64069
2284.808767
2285.108915
2285.264749
2285.284746
2285.286141
2285.34668
2285.399435
2285.468555
2285.504964
2285.644309
2285.651366
2285.675372
2285.74191
2286.005679
2286.078711
2286.125078
2286.29862
2286.371091
2286.509647
2286.662497
2286.683875
2286.738822
2286.743281
2286.745834
2286.783736
2286.799524
2286.810072
2286.824849
2287.172533
2287.252405
2287.31374
2287.321042
2287.389698
2287.397439
2287.455461
2287.543548
2287.680496
2287.704493
2287.885814
2287.983204
2288.101575
2288.135836
2288.193135
2288.198142
2288.228771
2288.415133
2288.523017
2288.54204
2288.581543
2288.672223
2288.730962
2288.740832
2288.774766
2288.802824
2288.931535
2289.344095
2289.347331
2289.4731
2289.536138
2289.564457
2289.707954
2289.737393
2289.774738
2289.782653
2289.941013
2290.042153
2290.067254
2290.074754
2290.087559
2290.095383
2290.138321
2290.148731
2290.174156
2290.931949
2290.952563
2291.000061
2291.088212
2291.239634
2291.29961
2291.315531
2291.610865
2291.690133
2291.814618
2291.904105
2292.044924
2292.107953
2292.2089
2292.221005
2292.225395
2292.253607
2292.255792
2292.26979
2292.307742
2292.382534
2292.793071
2292.801683
2292.989948
2293.050213
2293.073821
2293.114394
2293.214511
2293.235453
2293.282813
2293.581959
2293.65685
2293.667669
2293.672849
2293.868485
2293.902317
2293.932998
2293.997648
2294.123164
2294.157905
2294.186959
2294.261191
2294.429696
2294.463394
2294.574405
2294.623796
2294.696731
2294.775213
2294.800869
2294.890604
2294.904164
2294.942738
2294.98046
2294.983443
2294.984775
2295.006662
2295.219028
2295.345472
2295.349154
2295.409546
2295.493079
2295.658341
2295.764338
2295.921701
2295.937355
2296.057549
2296.102786
2296.191553
2296.349935
2296.351501
2296.411457
2296.413221
2296.417136
2296.43463
2296.458023
2296.614009
2296.813961
2296.830332
2296.859735
2296.863829
2296.911358
2296.930335
2296.931465
2297.092289
2297.325998
2297.468931
2297.562664
2297.68141
2297.896434
2297.981555
2298.150619
2298.161432
2298.197041
2298.276586
2298.30588
2298.368442
2298.474765
2298.586557
2298.700836
2298.823293
2299.093469
2299.329378
2299.467763
2299.581396
2299.677171
2299.767907
2299.855002
2299.871184
2299.963221
2300.024781
2300.10503
2300.132833
2300.15612
2300.587178
2300.68347
2300.885675
2300.943817
2301.092258
2301.164213
2301.178699
2301.448392
2301.502575
2301.50896
2301.690053
2301.897662
2301.897982
2302.016063
2302.036232
2302.132098
2302.19109
2302.290247
2302.383251
2302.425532
2302.426492
2302.532598
2302.544237
2302.720265
2302.783942
2302.929732
2302.939722
2302.992694
2303.248811
2303.351953
2303.371673
2303.384767
2303.418729
2303.435133
2303.43831
2303.690993
2303.705555
2303.755524
2304.32317
2304.693919
2304.72309
2304.766719
2304.807386
2305.248577
2305.282812
2305.285435
2305.339037
2305.402472
2305.48861
2305.50967
2305.77212
2305.821369
2305.954747
2306.403686
2306.462369
2306.644046
2306.76227
2306.81592
2306.894215
2306.995075
2307.026392
2307.110105
2307.124664
2307.446246
2307.477045
2307.544934
2307.708056
2307.806508
2307.825001
2307.960569
2308.009987
2308.010038
2308.302054
2308.46001
2308.474273
2308.615802
2308.628635
2308.916642
2309.241498
2309.337603
2309.356904
2309.470748
2309.483912
2309.515483
2309.605135
2309.709471
2309.741799
2310.094145
2310.205491
2310.210539
2310.237526
2310.267723
2310.362901
2310.380642
2310.397141
2310.407756
2310.489743
2310.561798
2310.752806
2310.77072
2310.802803
2310.826592
2310.992246
2311.161084
2311.201659
2311.322353
2311.350071
2311.423167
2311.520428
2311.71564
2311.72121
2311.724745
2312.04282
2312.078907
2312.134013
2312.331324
2312.336884
2312.587227
2312.812831
2312.93
2312.986395
2313.178599
2313.268781
2313.339938
2313.464784
2313.526683
2313.531363
2313.55926
2313.559458
2313.64604
2313.696289
2313.832512
2314.08217
2314.094409
2314.14867
2314.38428
2314.427247
2314.458239
2314.559321
2314.560952
2314.843522
2314.884922
2314.996456
2315.060202
2315.265023
2315.421335
2315.500003
2315.587637
2315.844374
2315.848763
2315.895283
2316.003404
2316.011286
2316.032295
2316.072466
2316.128774
2316.447712
2316.536758
2316.56907
2316.634129
2316.729423
2316.73693
2316.740312
2317.127948
2317.173888
2317.252981
2317.322612
2317.337562
2317.483196
2317.572606
2317.629898
2317.738391
2317.758544
2317.822059
2317.835549
2317.880931
2317.934633
2318.054728
2318.139747
2318.207934
2318.267823
2318.298868
2318.602223
2318.653442
2318.675195
2318.709888
2318.885088
2318.89159
2318.918598
2319.138386
2319.188945
2319.255052
2319.49327
2319.514338
2319.521325
2319.546324
2319.575448
2319.691022
2319.720333
2319.847747
2319.882373
2319.890651
2319.989057
2320.132713
2320.278628
2320.387065
2320.400839
2320.452811
2320.712227
2320.886487
2320.904439
2320.952321
2321.066199
2321.204114
2321.20692
2321.224005
2321.271013
2321.31513
2321.316427
2321.324096
2321.332426
2321.353288
2321.399391
2321.483922
2321.758711
2321.76127
2321.859672
2321.872411
2322.002418
2322.031265
2322.043648
2322.332439
2322.340142
2322.417781
2322.547294
2322.598219
2322.726685
2322.816859
2322.831614
2322.993884
2323.012464
2323.24039
2323.3112
2323.408054
2323.468283
2323.532284
2323.547747
2323.675951
2323.687517
2323.791837
2323.92573
2324.14558
2324.202192
2324.227505
2324.325517
2324.380264
2324.39509
2324.443468
2324.448507
2324.475363
2324.522468
2324.551748
2324.607766
2324.678624
2324.861718
2325.134301
2325.308932
2325.37757
2325.38668
2325.412754
2325.430116
2325.491685
2325.636745
2325.885509
2325.921903
2326.070671
2326.181938
2326.255963
2326.290934
2326.292062
2326.344604
2326.359378
2326.388001
2326.67886
2326.906144
2326.929124
2327.075479
2327.091306
2327.39524
2327.428505
2327.487372
2327.500223
2327.597661
2327.697402
2327.844972
2327.849045
2327.924612
2327.93159
2327.945541
2327.961756
2328.096187
2328.126382
2328.186797
2328.187436
2328.277233
2328.39045
2328.487789
2328.51756
2328.539417
2328.801122
2328.854459
2328.856264
2328.964702
2329.117987
2329.199624
2329.244213
2329.25934
2329.262597
2329.325182
2329.671546
2329.721689
2329.776996
2329.970506
2330.06139
2330.201182
2330.214174
2330.332944
2330.928993
2331.155389
2331.156516
2331.400221
2331.412261
2331.436474
2331.618715
2331.631338
2331.67069
2331.68348
2331.878993
2331.984048
2332.052359
2332.128532
2332.147619
2332.312253
2332.484887
2332.704127
2332.713982
2332.841195
2332.902356
2332.960554
2333.077393
2333.1107
2333.184448
2333.203695
2333.250715
2333.452415
2333.567328
2333.611512
2333.830638
2333.845866
2334.062007
2334.121331
2334.123592
2334.219112
2334.313762
2334.335132
2334.349965
2334.362052
2334.394229
2334.447998
2334.460218
2334.48629
2334.681841
2334.736199
2334.895409
2334.948167
2334.978536
2335.044939
2335.188803
2335.234545
2335.255572
2335.285109
2335.357494
2335.39519
2335.701466
2336.030307
2336.159171
2336.203193
2336.238733
2336.304284
2336.465748
2336.62268
2336.719385
2336.724613
2336.75381
2336.963044
2336.963299
2336.984103
2337.086789
2337.118243
2337.181965
2337.218065
2337.353168
2337.471418
2337.543565
2337.604107
2337.722493
2337.841555
2337.850083
2337.859923
2338.011976
2338.11136
2338.233028
2338.244747
2338.273492
2338.279215
2338.334544
2338.430234
2338.532459
2338.631877
2338.8051
2338.926553
2339.296703
2339.322015
2339.373363
2339.504709
2339.51783
2339.657914
2339.864093
2340.012699
2340.027447
2340.128655
2340.321906
2340.405886
2340.447676
2340.449872
2340.467882
2340.559343
2340.905382
2340.913916
2340.945632
2341.024957
2341.111443
2341.271207
2341.394565
2341.499928
2341.633352
2341.660369
2341.683536
2341.702939
2341.779262
2341.914629
2341.952882
2342.055632
2342.286706
2342.334384
2342.352229
2342.41763
2342.442689
2342.44683
2342.537121
2342.673393
2342.745062
2342.795731
2343.029525
2343.039921
2343.097316
2343.155485
2343.155542
2343.171122
2343.206518
2343.245141
2343.276854
2343.279401
2343.280476
2343.361125
2343.425866
2343.627828
2343.696878
2343.713254
2343.94678
2343.989215
2344.005313
2344.07598
2344.279593
2344.293942
2344.376812
2344.413864
2344.544096
2344.689313
2344.793887
2344.860058
2344.867003
2345.081489
2345.085987
2345.148025
2345.244855
2345.399822
2345.428954
2345.447436
2345.534276
2345.598427
2345.703245
2345.788307
2345.808924
2345.828004
2345.978722
2346.025949
2346.071573
2346.098432
2346.256997
2346.350723
2346.377681
2346.406575
2346.437733
2346.462939
2346.514632
2346.604215
2346.858948
2346.889881
2346.986289
2347.013659
2347.085914
2347.116841
2347.327432
2347.429428
2347.576794
2347.641597
2347.739197
2347.866212
2347.945456
2348.062002
2348.158921
2348.28496
2348.451459
2348.467011
2348.512067
2348.739884
2348.742493
2348.794192
2348.825612
2348.839545
2348.999672
2349.002696
2349.005403
2349.055223
2349.315454
2349.358268
2349.44708
2349.60362
2349.660951
2349.784572
2349.805237
2349.818677
2349.826441
2349.855031
2349.856631
2350.129744
2350.181928
2350.342948
2350.34384
2350.497435
2350.592862
2350.737469
2350.749545
2350.763065
2350.799912
2351.037795
2351.103297
2351.242656
2351.354431
2351.448719
2351.761348
2351.819424
2351.827388
2351.92698
2352.04508
2352.048364
2352.168359
2352.32501
2352.513006
2352.605129
2352.645634
2352.672483
2352.739352
2352.890121
2353.008982
2353.041051
2353.071445
2353.180848
2353.204602
2353.334907
2353.40681
2353.593439
2353.764339
2353.84498
2353.886971
2354.038444
2354.251646
2354.540966
2354.629113
2354.775029
2354.882447
2354.935668
2354.980153
2355.137113
2355.276597
2355.334613
2355.37427
2355.442869
2355.580912
2355.585232
2355.607569
2355.700815
2355.852888
2355.887277
2355.910733
2355.921698
2356.268097
2356.497432
2356.547368
2356.605078
2357.251418
2357.332468
2357.408848
2357.54203
2357.61669
2357.651747
2357.689653
2357.711662
2358.049473
2358.252779
2358.262868
2358.319319
2358.615205
2358.866856
2359.085926
2359.124159
2359.170955
2359.20518
2359.511333
2359.562408
2360.159144
2360.25221
2360.264175
2360.318056
2360.334951
2360.393381
2360.521827
2360.55404
2360.641667
2360.81048
2361.094748
2361.21015
2361.221508
2361.235657
2361.258771
2361.339504
2361.830256
2361.983667
2361.986627
2362.119239
2362.156029
2362.375379
2362.472245
2362.604252
2362.652188
2362.744687
2362.774896
2362.862292
2362.890031
2362.942289
2362.965817
2362.981923
2362.996768
2363.079211
2363.119366
2363.120663
2363.138679
2363.152993
2363.164542
2363.294069
2363.387965
2363.458569
2363.594566
2363.635939
2363.772172
2363.834017
2363.875543
2363.88038
2363.954132
2364.077484
2364.110822
2364.169355
2364.215205
2364.26345
2364.391465
2364.482626
2364.63711
2364.748134
2364.965901
2364.986034
2365.018616
2365.099462
2365.157032
2365.172326
2365.356705
2365.412999
2365.63725
2365.661299
2365.716656
2366.027636
2366.071806
2366.188119
2366.348702
2366.371719
2366.575557
2366.645178
2366.665937
2366.74853
2367.001467
2367.429477
2367.604395
2367.652135
2367.720257
2367.932912
2367.958318
2367.983818
2367.984749
2368.081417
2368.157017
2368.195242
2368.292554
2368.40211
2368.477569
2368.530823
2368.545412
2368.821949
2368.859341
2368.865637
2368.973735
2368.99258
2369.197758
2369.269033
2369.408973
2369.498261
2369.498337
2369.503821
2369.559925
2369.721085
2369.887025
2369.953883
2370.082048
2370.12894
2370.224157
2370.251654
2370.341554
2370.711737
2370.819346
2370.866439
2370.909902
2370.98149
2371.214363
2371.304833
2371.645672
2371.701987
2371.836783
2371.868621
2372.122145
2372.163587
2372.348522
2372.545228
2372.875618
2372.901504
2373.030093
2373.13162
2373.326982
2373.372441
2373.435671
2373.500929
2373.594437
2373.776128
2373.827029
2373.838945
2373.993528
2373.998197
2374.051944
2374.146907
2374.154675
2374.337527
2374.341765
2374.492568
2374.585044
2374.634067
2374.902733
2375.000117
2375.10837
2375.603419
2375.757324
2375.84296
2376.284909
2376.315322
2376.319025
2376.510796
2376.655349
2377.195507
2377.478194
2377.725072
2377.76706
2377.885077
2378.523878
2378.626696
2378.849094
2378.908826
2379.2481
2379.307521
2379.314253
2379.599703
2379.719455
2379.924021
2380.062491
2380.1935
2380.247967
2380.317878
2380.513272
2380.551788
2380.729113
2380.806563
2380.97409
2381.200788
2381.773221
2381.812685
2382.332132
2382.378812
2382.451561
2382.747937
2383.027737
2383.040712
2383.210453
2383.406385
2383.665768
2383.762246
2384.073959
2384.090776
2384.242163
2384.579171
2384.596773
2384.652063
2384.765594
2384.78904
2384.857052
2385.217811
2385.513519
2385.805263
2385.821475
2385.874519
2385.905808
2386.050059
2386.228295
2386.484855
2386.65379
2386.661999
2386.683448
2386.705258
2386.771047
2387.642777
2387.652617
2387.773161
2387.965621
2387.98477
2388.299464
2388.820537
2388.936007
2388.950673
2388.9954
2389.46418
2389.491781
2389.825813
2389.877265
2389.884395
2390.231272
2390.626991
2390.644272
2390.75819
2390.860736
2390.872513
2390.975657
2391.085513
2391.200329
2391.275634
2391.704099
2391.711241
2391.755108
2391.789808
2392.088107
2392.337534
2392.412784
2392.531576
2392.752502
2392.823288
2392.978183
2393.215614
2393.321333
2393.471943
2393.791455
2393.921806
2394.177664
2394.543735
2394.722249
2394.760223
2395.295209
2395.496347
2395.514849
2395.810536
2395.984249
2396.069698
2396.075751
2396.496432
2396.671402
2396.673092
2396.74832
2396.762854
2396.854268
2396.932274
2396.965992
2397.01108
2397.075079
2397.27297
2397.410468
2397.869887
2397.929151
2397.943547
2397.992668
2398.284536
2398.299803
2398.402566
2398.473618
2398.549501
2399.111821
2399.477894
2399.654486
2399.655988
2400.094707
2400.403365
2400.403472
2400.410468
2400.629816
2400.758102
2400.944955
2401.124274
2401.320648
2401.461856
2401.677535
2401.690403
2401.977667
2402.013598
2402.08327
2402.153898
2402.154924
2402.161804
2402.302634
2402.32101
2402.784323
2402.795852
2402.875376
2402.926547
2403.922112
2403.93605
2403.998157
2404.253113
2404.424909
2404.44705
2404.464579
2404.503062
2404.594625
2404.663422
2404.692561
2404.7128
2404.792396
2404.939059
2404.978726
2405.230381
2405.542202
2405.807701
2406.310539
2406.429894
2406.537022
2406.674737
2406.783816
2406.902854
2406.951819
2407.040509
2407.107534
2407.644385
2407.806096
2407.947589
2408.1804
2408.794446
2409.262701
2409.456693
2409.543283
2409.544848
2409.761513
2409.939223
2410.550879
2410.571859
2410.898388
2411.072836
2411.147379
2411.356954
2411.900036
2412.213035
2412.536869
2412.573917
2412.874109
2413.065602
2413.268696
2413.487987
2413.527739
2413.793834
2413.825657
2414.284535
2414.599803
2414.63199
2414.68238
2414.954425
2415.002465
2415.136126
2415.141888
2415.158732
2415.191307
2415.216112
2415.224651
2415.568007
2415.806445
2415.947102
2416.067897
2416.272903
2416.525425
2416.780709
2417.208776
2417.297643
2417.577277
2417.603048
2417.613474
2417.702222
2417.749901
2417.81508
2418.170752
2418.743281
2418.761475
2418.816455
2418.838688
2419.676812
2419.944224
2420.006721
2420.483161
2421.173967
2421.297109
2421.675805
2421.784934
2421.808117
2421.814354
2422.115783
2422.243518
2422.268125
2422.513528
2422.719167
2422.814677
2423.112513
2423.206158
2423.23419
2423.531013
2423.634776
2423.949466
2424.004306
2424.106711
2424.135113
2424.334932
2424.604075
2424.710155
2424.997359
2425.293597
2425.570974
2425.770413
2425.77261
2426.618557
2426.788316
2426.826307
2426.92403
2427.02443
2427.391515
2428.401303
2428.803357
2429.010009
2429.674431
2429.792439
2429.915767
2429.939081
2430.051314
2430.793408
2430.83899
2430.922803
2431.137175
2431.232509
2431.318688
2431.441152
2431.944754
2431.978713
2433.380415
2433.566504
2434.789156
2435.742711
2435.962974
2436.122707
2436.304418
2436.40602
2436.552943
2437.082554
2437.232281
2437.398596
2437.502257
2437.583058
2437.704784
2438.194315
2438.226177
2438.526688
2438.613215
2438.843908
2439.351019
2440.155803
2440.218625
2440.416692
2440.799588
2442.073033
2442.222585
2442.590353
2442.896817
2443.236793
2443.864444
2443.908812
2444.028596
2444.809584
2445.681254
2446.089239
2446.218416
2446.466565
2446.81735
2446.843877
2447.459391
2447.8539
2447.880228
2447.969525
2448.557073
2448.821425
2448.929303
2449.212827
2449.821669
2449.890698
2450.16088
2450.988839
2451.476931
2451.73922
2451.748522
2451.76872
2451.845034
2452.412784
2453.038094
2454.123493
2454.414544
2454.468497
2454.605418
2454.645488
2454.873002
2454.940944
2455.068763
2455.253428
2455.45294
2455.550524
2455.876851
2456.68073
2457.010187
2457.585662
2457.722085
2458.712281
2459.575962
2459.747371
2460.012005
2461.111312
2461.208522
2461.350181
2461.37361
2461.607055
2461.922676
2462.115363
2462.585343
2462.76778
2462.871729
2463.60247
2463.925777
2464.420944
2464.973349
2465.272977
2465.317249
2465.415308
2465.80396
2466.216273
2466.345329
2466.558253
2466.988822
2467.65562
2467.88575
2467.910048
2468.384751
2468.568861
2469.250443
2469.560858
2470.043371
2470.346372
2471.298515
2471.571418
2473.202015
2473.241103
2473.922416
2474.059757
2474.607943
2474.890044
2475.474205
2477.788682
2478.031065
2478.363769
2479.81579
2480.784144
2480.836593
2481.503616
2481.600994
2483.142989
2485.057316
2486.892138
2487.072129
2487.449655
2488.546178
2489.576009
2489.93216
2490.701761
2490.784684
2490.826803
2491.829352
2492.028047
2492.064391
2492.295524
2492.414918
2492.707698
2492.757747
2492.787801
2493.226531
2494.600826
2494.680596
2494.775443
2495.119008
2495.28525
2496.783899
2497.127874
2497.465157
2497.73599
2497.762496
2498.833722
2499.154009
2500.933984
2501.438085
2502.077165
2502.11389
2502.477614
2502.719714
2503.34625
2505.74075
2506.685728
2506.868015
2507.570257
2507.576622
2507.639743
2508.101623
2508.789965
2510.471931
2510.728318
2511.530013
2511.565105
2512.234627
2512.38811
2512.634617
2513.896351
2514.354576
2514.79955
2515.862825
2516.350607
2518.466065
2518.978728
2519.157535
2520.20666
2521.685385
2522.176951
2522.342546
2522.555292
2522.565322
2523.068571
2523.11861
2523.570005
2524.781466
2526.687575
2527.139564
2527.575064
2528.791258
2530.977098
2531.366778
2532.045651
2533.653851
2534.334801
2534.862954
2535.716197
2536.767647
2537.506983
2538.0545
2538.353513
2541.447977
2542.113628
2542.467743
2545.354511
2545.605639
2546.296324
2547.366376
2550.722656
2551.284572
2553.998904
2558.062754
2558.23163
2560.011551
2561.059382
2561.135194
2566.438892
2567.953865
2568.203769
2568.880037
2569.237965
2569.890793
2570.439057
2570.785065
2571.299046
2572.112312
2573.518174
2579.018864
2579.222977
2579.422981
2580.037728
2580.730724
2582.559447
2583.253219
2584.360905
2590.240129
2591.409794
2594.051304
2597.060545
2598.50028
2599.554961
2600.209312
2604.562504
2604.783048
2605.235651
2606.087982
2607.892873
2609.077089
2609.230504
2611.167235
2611.631133
2611.865221
2612.080989
2612.121269
2612.830451
2614.809669
2615.042701
2615.396756
2616.500896
2617.793658
2619.300125
2620.841948
2621.133648
2621.891727
2623.13909
2625.456829
2625.709602
2627.145785
2628.868435
2629.780152
2632.079655
2634.117692
2637.011793
2638.238784
2638.349396
2640.134614
2640.763051
2644.604803
2644.763588
2644.978075
2645.071509
2645.316802
2647.3969
2650.393625
2653.498146
2653.578366
2654.742969
2655.420131
2658.26217
2660.266724
2661.438898
2662.240355
2662.436163
2664.614782
2665.619238
2667.176084
2671.23275
2671.765155
2673.639585
2675.505842
2676.793824
2677.864921
2679.283779
2682.526755
2682.994929
2683.205528
2686.389513
2691.358607
2695.027157
2698.695023
2701.438491
2703.733267
2707.680513
2715.806051
2719.64533
2722.726961
2733.177177
2734.571188
2736.690833
2737.975926
2741.943168
2742.260669
2742.316926
2742.772594
2743.222368
2743.308479
2745.382944
2746.368708
2746.899081
2747.758206
2750.008964
2752.383878
2753.369662
2753.726522
2757.42813
2757.808225
2764.351534
2769.01847
2772.763308
2772.953001
2774.475385
2778.893298
2779.17359
2781.777518
2782.623233
2793.361222
2796.140497
2807.131663
2811.573552
2813.943277
2814.989904
2816.322878
2817.148646
2819.626176
2828.78985
2832.428139
2832.997286
2840.317669
2848.07696
2881.574011
2892.99156
2906.304614
2907.376515
2912.602415
2913.580536
2914.26124
2927.951803
3148.493648
3731.529277
3775.492686
4005.649981
5226.080782
