1.515574
1.516966
1.54095
6.559002
6.907846
7.352398
7.466759
7.504843
7.511284
7.527955
7.615693
7.750114
7.778509
8.033288
8.341733
8.345524
8.34795
8.477177
8.650071
9.0174
9.232069
9.269786
9.301152
9.342689
9.349076
9.556474
10.133373
10.299653
10.514774
10.740467
10.894678
11.015505
11.03998
11.044132
11.06313
11.387366
11.443347
11.460427
11.504347
11.506202
11.626261
11.65888
11.787554
12.130135
12.169221
12.352526
12.454524
12.492032
12.492825
12.610756
12.627998
12.795806
12.873207
12.901566
12.913169
12.935326
13.102679
13.152868
13.306154
13.345647
13.426092
13.463233
13.496532
13.611595
13.620308
13.679304
13.743377
13.896055
13.96905
14.089374
14.139277
14.18807
14.346575
14.390457
14.547697
14.678014
14.6852
14.722733
14.771037
14.836593
15.024673
15.229587
15.270272
15.329333
15.536073
15.58329
15.655458
15.845098
15.862596
16.158658
16.245691
16.333847
16.605162
16.630974
16.975484
17.123841
17.464246
17.984304
18.128834
18.387096
18.818055
19.066062
19.146851
19.312435
19.447644
19.832813
19.91446
21.676381
22.167978
23.465954
23.470872
23.519366
23.597988
24.483628
24.873543
25.071822
25.123978
26.172837
26.330634
26.943398
29.254765
29.589285
29.746169
29.964953
32.462767
33.327498
35.953574
38.4609
43.209295
48.921178
56.465373
95.260016
108.252825
110.132172
112.186203
112.538664
112.938512
114.687713
118.724256
119.19932
119.338721
119.476417
119.963826
120.648329
120.707585
120.847243
121.025725
121.182604
121.384958
121.796984
121.835475
122.530375
122.766828
123.22759
123.321
123.497025
123.606552
123.95338
123.975258
123.998697
124.193883
124.71038
124.817958
124.894193
125.427058
125.779698
126.161254
126.184658
126.218314
126.315184
126.424283
126.639373
126.721808
127.208595
127.614579
127.764271
127.817322
127.843811
127.851192
128.403381
128.515486
128.73705
129.090451
129.11448
129.243808
129.260323
129.294762
129.367324
129.422736
129.746978
129.957603
130.06227
130.103755
130.181656
130.307556
130.460889
130.622988
130.81278
131.080228
131.341978
131.450776
131.584943
131.793267
131.820518
131.990064
132.445053
132.462537
132.581615
132.586956
132.774307
132.855316
132.907216
133.010142
133.100441
133.107917
133.750762
134.000206
134.108143
134.212459
134.356556
134.453151
134.491795
135.21177
135.417922
136.058808
136.4353
136.570307
136.669898
136.854843
137.003386
137.051539
137.684382
138.057166
138.871695
139.044233
140.092804
140.365323
140.597047
141.116248
142.01501
144.702708
145.876506
146.884356
147.170451
147.719214
148.371007
149.177677
149.434407
150.158083
150.301796
150.504704
151.024973
151.979137
152.267194
152.330368
152.559247
153.436188
153.717723
156.600081
157.909196
159.108345
159.423915
161.151998
162.461586
162.657926
162.950229
164.597003
167.677155
169.319293
170.135536
170.618734
171.519671
171.854768
172.882469
174.384451
174.612204
175.699887
176.552032
176.892644
177.496255
178.758047
179.427511
180.751352
183.381012
184.281182
186.120997
186.59349
188.595791
188.993261
191.240174
193.96499
194.07149
198.195168
198.303649
199.427182
201.316565
202.399073
204.086888
213.17833
215.431957
219.070484
221.30027
222.476578
222.825238
224.584767
225.90943
226.207704
226.342961
226.942677
227.72796
228.853352
229.076633
230.572541
230.953485
230.980771
231.055113
231.613381
231.710063
232.090674
232.273828
232.399051
232.432737
232.573335
233.487253
233.976852
234.481673
234.513053
234.668456
235.108265
235.236647
235.246682
235.577616
235.71134
235.802817
236.135658
236.205299
236.874027
237.280811
237.458375
238.145306
238.435794
238.921345
241.201935
241.263376
241.602546
241.876403
243.165839
244.454232
244.675413
245.417183
245.819357
247.282745
247.544607
248.221463
248.596535
248.902465
248.905909
250.319415
250.761446
252.486084
252.594686
252.799722
253.67531
253.754969
254.735905
256.457352
258.727178
259.723289
261.528358
261.530041
262.241036
262.29898
264.281057
265.573775
266.490122
271.255713
272.743954
277.847781
278.889333
281.924544
284.337053
284.870879
285.661335
287.318887
287.624827
288.423104
289.710076
294.848122
298.228184
298.911023
299.396111
304.136936
304.774817
306.397994
306.561557
310.58102
310.873546
311.431862
311.559157
313.814668
314.505221
315.200853
316.256434
316.832748
317.5744
318.527228
322.020199
322.061006
323.620659
323.997439
325.987629
335.577883
337.35732
337.655559
338.724366
339.217072
343.497661
348.130003
357.379528
359.290619
363.203593
363.31392
367.350349
372.956062
373.233446
373.772255
376.848821
386.908621
389.632288
392.224786
392.388185
393.482547
396.088755
399.666773
400.204956
406.327001
408.925742
411.847773
416.957212
419.071769
422.790642
426.22291
426.351138
426.567326
429.3053
439.228388
442.802083
451.770422
452.640045
453.785978
454.404141
456.224252
456.678538
462.643434
465.693821
470.135151
478.217447
479.720425
483.266033
483.709442
484.568159
486.874486
487.012101
494.413096
498.06155
502.481483
507.306324
520.366161
524.259312
525.824491
529.526662
531.966214
536.027137
556.878238
559.790533
560.780725
565.497816
577.783143
586.004292
586.570873
589.105064
590.378245
593.952949
634.520911
635.887296
637.071143
637.806294
646.145861
651.872325
655.775745
680.095791
684.579072
686.799549
690.508395
694.496181
706.172012
711.572137
712.642344
721.926127
724.644919
726.489122
731.924445
734.084012
739.834812
740.997124
745.165682
769.885908
770.501859
773.701907
778.719414
787.708302
791.316646
795.977185
797.442219
798.317231
822.742591
857.721274
903.942659
904.602109
906.623281
914.043791
924.693339
979.499912
989.0289
1018.514879
1021.152978
1036.288357
1050.77801
1079.287304
1087.19155
1097.355532
1098.689178
1123.484248
1149.409151
1153.348221
1154.929864
1155.696008
1168.079426
1168.310894
1169.590242
1173.777586
1180.55369
1191.451408
1205.720739
1208.446062
1209.664597
1213.974758
1216.823398
1219.110185
1228.223664
1270.643869
1271.062894
1281.042243
1281.5786
1284.04792
1288.117104
1290.770325
1295.051761
1303.093512
1304.230817
1304.417096
1307.900784
1314.188662
1331.540221
1332.091368
1332.796054
1333.442855
1337.009064
1363.269447
1369.729357
1369.997059
1393.513392
1400.187721
1412.333846
1415.76913
1424.89143
1432.760137
1435.660894
1468.788932
1494.017951
1552.268608
1773.769711
1877.751102
1916.356962
2096.135059
2227.791013
2661.42724
4654.768281
5160.224251
14405.598179
14405.745572
14406.192152
