11.243219
11.320858
12.77688
12.79613
13.720428
13.836997
14.150545
14.366283
14.61457
14.619791
14.651473
15.005951
15.766144
15.873467
16.729658
16.87008
17.006702
17.26595
17.852364
18.280141
18.397062
18.424842
18.553636
18.905968
19.056556
19.138943
19.17473
19.64653
19.728302
19.970492
21.015379
21.307329
21.346423
21.545348
22.518259
23.111854
23.290428
24.276274
24.747913
24.842508
25.155954
25.428555
25.803745
28.728894
30.387146
31.456332
34.644498
38.870972
42.445354
48.260761
51.687065
58.991187
59.65387
69.594201
69.684899
74.287799
77.148143
78.998856
101.818412
112.558301
120.720937
140.334848
140.424226
142.403067
143.133131
145.478048
145.482084
145.505615
146.331197
146.707573
148.171183
148.59259
148.920923
149.693719
149.694572
150.283917
150.531279
151.449277
151.821298
153.01694
153.235451
153.642888
157.364742
158.270349
159.998968
162.171663
163.777395
167.807269
167.892335
168.696468
169.513697
174.392055
176.000086
177.292481
177.733218
181.970112
182.169085
183.455939
183.462561
183.924082
184.758015
186.37067
186.505744
186.568942
187.475569
187.665423
187.720911
187.768172
188.008102
188.89398
189.051968
189.780291
190.066738
190.243578
190.671534
190.761106
191.154845
191.18903
191.541512
191.726734
191.984416
192.649425
192.932202
193.335798
193.38188
193.393339
193.507913
193.71175
194.121552
194.264488
194.278291
194.569892
194.657846
194.993905
195.219645
195.413372
195.584517
195.610781
195.634178
195.641712
195.769448
195.859872
196.329281
196.457445
196.533639
196.608209
196.723905
197.205915
197.209022
197.541989
197.923407
198.030899
198.05658
198.187798
198.279139
198.68475
198.713602
198.764313
198.90769
198.920325
198.983095
199.095139
199.106788
199.258579
199.301782
199.766442
200.208248
200.261334
200.309726
200.518037
200.793611
200.840636
201.022129
201.240667
201.521495
201.762104
201.861097
202.088612
202.093711
202.412476
202.422099
202.811008
203.177337
203.395745
203.56451
203.670023
203.870129
204.198137
204.524383
204.706088
204.83512
205.208515
205.248652
205.628375
205.987475
206.218129
206.618919
207.878033
207.942021
207.995738
208.03975
208.384171
208.528722
208.586028
208.975217
209.898848
210.52525
210.684988
211.214996
212.022884
212.131026
212.438306
212.834405
212.848836
212.860112
212.90038
213.129625
213.419359
213.485001
213.701455
214.386403
214.809112
215.054935
215.102911
215.389699
215.533642
215.578636
215.658041
215.962357
216.459112
217.063367
217.659749
218.01772
218.283716
218.349551
218.610122
219.090209
219.224991
219.520986
219.640436
219.933542
220.105636
220.484029
220.631703
220.965311
221.076065
221.146123
221.382693
221.544159
222.056486
222.057128
222.070038
222.49252
223.329608
225.011754
225.347114
225.578984
225.709679
226.116098
226.137324
226.379552
226.557604
226.997294
227.019337
227.023959
227.361109
227.543333
228.310111
228.439016
228.627033
228.8187
230.810705
231.788377
232.671198
233.119358
233.287286
235.314733
235.639074
237.09329
237.814086
238.275907
238.822242
239.427384
241.121745
242.222569
243.397563
246.961631
251.292906
252.504346
253.376166
255.61522
257.147971
258.573781
260.897617
262.736059
272.182264
273.189987
273.603977
283.437105
283.607687
287.517111
289.191306
297.458366
299.802747
302.831439
305.860104
315.405617
323.48147
331.754752
338.152567
338.453037
338.600125
339.350924
342.749974
343.796473
343.846764
343.962464
344.093729
344.499563
346.68908
349.902171
350.006043
350.727637
352.704339
352.880118
354.038786
354.803166
355.789057
355.851325
358.08096
359.64153
361.912434
363.305365
364.983903
365.38825
366.04957
366.378186
366.668683
367.701061
368.63356
369.959284
370.403806
371.837739
372.825569
375.174026
375.511726
375.785361
376.795589
376.969244
376.985694
377.020933
378.845817
379.720342
380.85524
381.175969
383.353427
383.571836
391.652807
398.636328
402.499278
410.930028
410.982237
415.204977
428.124827
429.577061
435.605843
442.24586
442.355711
443.985779
444.152172
458.085046
472.403823
477.527617
512.448384
532.307003
544.454246
548.8133
552.030438
564.325063
565.802714
570.572453
574.883128
574.939376
584.675739
643.288541
681.257548
684.070098
687.483796
688.541699
697.667659
701.04503
702.284105
712.304231
719.504281
721.322385
721.686362
724.045211
748.558698
760.893811
761.899415
763.591923
770.577614
789.642848
802.890819
815.095812
815.231189
836.239165
838.953187
858.583338
874.731915
877.3643
878.092629
879.119931
883.408516
884.281578
884.669502
886.925954
895.208036
898.374493
898.767673
905.040374
911.998679
914.586127
918.023606
918.287528
921.2294
925.391202
928.313542
935.147206
938.076308
939.561635
941.252333
967.153105
974.488161
1006.886249
1014.127444
1016.016213
1029.99885
1030.769434
1036.807302
1048.119633
1057.190066
1065.044721
1077.068483
1094.11576
1107.80831
1110.56439
1114.593562
1117.770215
1124.084896
1124.589487
1132.356515
1136.738527
1141.511282
1142.109476
1147.521279
1162.894839
1167.954754
1168.220563
1174.873048
1177.338991
1178.776015
1182.693748
1197.540767
1201.62133
1204.996668
1211.056287
1213.332162
1238.99767
1247.371826
1273.933974
1275.168229
1308.814167
1310.873939
1317.174108
1326.546005
1331.562302
1343.852651
1345.120961
1352.66882
1353.416858
1361.602773
1403.766436
1432.112528
1448.93276
1593.117009
1681.863696
1694.025888
1781.101232
1873.864056
2029.710114
2635.139167
7087.652239
7639.346485
10802.442148
10803.386049
86404.814576
