1544.816929
1545.170508
1549.407795
1553.155808
1555.471654
1556.232808
1559.652489
1560.130352
1563.565125
1566.156533
1572.660752
1572.778872
1576.901723
1577.055443
1577.23341
1581.028629
1581.835947
1583.876325
1585.421114
1594.163456
1598.920849
1612.865937
1619.415321
1622.246331
1638.559868
1650.322316
1654.44595
1654.816854
1656.812385
1658.562573
1667.410735
1671.661462
1673.056488
1676.852219
1679.252003
1680.433109
1681.173211
1685.259432
1685.914749
1687.560066
1692.80407
1692.889657
1696.470022
1697.652336
1700.407726
1701.07923
1702.303387
1702.642212
1703.403282
1712.356354
1725.173111
1733.401137
1737.334495
1742.405683
1744.221933
1746.934351
1747.877215
1750.023175
1753.026364
1757.085735
1759.134598
1767.766005
1792.058052
1798.0588
1801.528925
1807.196599
1809.078132
1813.496032
1816.106659
1824.800881
1824.982307
1825.017931
1828.551474
1829.141487
1829.197002
1836.443147
1838.708705
1840.256206
1844.130165
1850.078317
1853.504046
1854.495919
1855.765588
1856.190635
1860.152961
1863.493873
1864.400218
1864.810884
1868.002987
1870.487984
1876.052375
1877.97604
1879.306097
1879.59257
1882.118791
1885.557708
1889.927017
1890.943437
1891.338916
1893.753366
1901.26711
1901.369161
1901.789619
1902.592457
1906.066236
1906.066582
1909.957377
1910.221174
1911.311759
1911.433519
1911.462985
1914.224959
1915.320525
1916.789666
1919.833985
1920.062306
1920.871429
1921.364089
1921.658768
1923.106596
1923.604967
1924.574542
1929.852205
1932.381654
1934.560856
1937.516226
1938.867222
1939.142953
1939.813283
1942.069286
1943.109904
1945.459193
1946.824471
1947.059509
1948.648658
1948.94509
1949.745791
1953.281478
1958.170432
1958.17606
1962.465597
1962.997636
1964.876471
1965.805136
1965.957324
1966.83902
1967.432136
1968.56728
1968.670082
1970.917387
1972.108053
1973.211935
1975.941032
1977.163433
1978.086454
1978.472967
1979.336387
1980.1551
1980.646522
1981.556291
1982.221808
1982.463219
1982.474243
1987.48606
1988.363257
1989.143675
1989.69698
1990.91912
1991.047314
1992.006677
1992.735578
1993.126736
1993.837936
1994.127758
1994.19799
1995.691648
2000.665977
2002.197179
2002.550337
2003.794897
2003.893722
2005.208003
2007.132819
2007.870333
2008.916694
2009.228087
2009.280749
2010.341695
2010.506458
2012.70041
2013.13544
2013.748948
2014.833048
2016.821939
2017.583091
2017.92356
2018.217632
2018.303199
2018.502672
2018.746309
2019.951228
2021.365475
2021.591814
2022.140243
2023.209514
2023.81111
2025.017112
2026.355288
2026.559109
2026.577623
2028.586144
2029.037479
2029.294925
2030.487685
2033.316487
2034.390054
2035.640702
2036.274913
2037.032561
2037.704084
2037.968371
2039.058496
2039.394616
2039.885402
2040.071242
2040.697036
2041.92251
2044.949905
2047.303705
2047.530784
2048.706694
2049.739035
2049.940513
2050.664082
2053.29195
2054.505824
2055.912866
2056.015383
2056.238172
2056.303677
2057.1957
2057.27247
2058.994613
2059.374334
2059.975223
2060.053615
2060.569758
2060.740211
2062.473659
2063.071794
2065.442712
2065.635875
2065.953599
2067.413688
2067.685652
2069.117005
2070.894169
2072.40297
2074.569694
2074.644756
2074.78931
2076.04774
2076.689108
2077.328015
2077.861634
2078.850263
2079.521647
2080.315704
2080.555415
2082.552342
2082.872458
2082.98776
2085.908847
2085.985448
2086.095308
2086.403224
2087.513848
2087.546731
2088.226354
2088.478808
2089.188578
2090.34341
2091.058109
2091.087884
2091.934162
2092.824041
2093.030597
2094.38179
2095.432721
2096.154189
2096.301821
2097.759985
2097.949277
2098.624895
2099.562785
2102.696431
2103.342623
2104.330369
2104.515502
2104.587887
2105.184014
2105.563498
2105.782563
2108.144404
2109.098412
2109.957142
2111.647376
2112.92439
2114.098521
2115.261432
2115.749962
2115.884259
2116.201332
2118.275523
2119.428923
2119.73912
2120.271011
2122.807572
2122.989512
2123.854978
2124.030823
2125.088543
2127.481546
2128.062238
2128.768825
2128.777464
2131.10106
2132.720453
2132.827089
2132.864397
2133.696295
2134.752708
2134.771314
2135.135864
2135.221239
2135.751075
2136.651367
2137.012057
2137.470492
2137.543657
2137.68498
2139.231694
2139.837794
2140.447757
2141.41946
2142.255555
2142.49238
2142.717988
2142.907037
2142.951115
2144.521251
2144.970541
2145.131396
2146.464563
2146.543459
2147.323895
2148.036728
2148.69658
2149.437174
2150.575696
2151.299914
2152.124736
2152.675288
2153.172896
2154.964476
2155.213985
2155.222635
2155.343457
2156.10721
2157.408849
2157.433761
2157.834586
2158.259708
2158.881355
2160.361474
2160.428188
2160.707712
2162.378969
2163.253102
2163.663924
2164.029172
2164.168141
2164.17824
2164.73675
2165.511555
2166.074648
2167.072346
2167.578248
2167.621308
2169.327279
2169.432388
2169.496402
2169.748844
2170.590422
2171.939355
2172.118176
2172.566667
2173.129857
2173.356327
2174.736489
2175.486949
2175.755585
2175.889504
2176.487144
2177.087982
2177.962684
2179.157543
2179.419492
2179.490774
2181.079645
2181.19491
2181.306866
2182.671894
2183.368931
2183.402008
2184.024758
2184.345952
2184.535373
2184.816762
2185.045928
2185.155802
2185.817817
2186.057226
2187.001004
2189.640518
2190.600245
2191.585092
2191.653024
2192.284542
2192.549991
2192.557636
2192.912448
2194.956266
2195.033206
2195.533375
2195.788135
2196.064174
2196.558562
2198.389822
2198.964754
2200.135511
2200.370428
2200.564569
2200.612465
2200.709103
2202.523563
2202.609777
2202.717829
2202.905756
2203.657673
2204.048879
2204.208699
2205.147474
2206.849603
2207.409779
2207.557141
2207.748801
2207.980812
2208.232469
2209.685578
2210.38208
2210.417337
2210.505388
2210.626242
2210.898404
2211.068989
2211.853256
2212.824586
2212.87102
2214.466867
2215.268237
2215.569707
2216.016704
2216.835629
2218.066193
2218.58464
2219.096133
2220.634745
2221.245242
2221.494492
2222.436701
2223.123601
2223.489723
2224.567773
2225.151849
2225.41394
2225.47539
2225.691396
2226.350917
2228.873282
2229.174511
2230.102089
2230.362142
2230.445727
2230.876558
2231.695324
2231.709104
2232.014035
2232.35251
2233.407308
2233.644796
2233.71719
2234.365279
2234.381255
2234.52807
2234.829501
2235.355618
2236.571405
2237.897896
2238.102061
2239.373327
2239.621219
2240.261009
2240.996067
2241.340791
2242.695906
2242.826917
2244.329848
2245.473338
2245.669124
2246.450364
2247.260978
2248.516444
2249.028253
2249.277518
2249.648724
2250.983388
2251.414117
2253.613709
2254.188106
2255.106472
2256.288527
2258.107461
2258.545103
2258.742551
2259.354465
2259.919389
2259.989914
2261.988698
2262.208674
2262.58816
2262.950638
2264.74058
2264.927955
2264.967782
2265.199619
2265.522474
2266.857636
2267.025065
2267.853706
2268.761198
2270.960178
2271.337853
2271.369322
2271.376971
2272.148205
2274.372399
2274.571628
2274.840838
2276.893462
2278.254068
2279.0021
2279.261575
2279.862516
2280.086528
2280.113816
2280.120526
2280.451295
2280.462748
2281.861376
2282.738401
2283.177873
2283.375689
2283.934154
2285.011637
2285.222918
2286.418539
2288.76059
2288.885068
2289.000597
2289.762134
2290.830608
2291.259063
2291.352202
2291.511016
2292.124237
2292.527788
2292.721892
2292.896692
2294.124602
2294.498302
2297.650526
2297.897383
2298.767887
2299.036742
2299.654786
2300.173302
2301.772619
2302.846962
2303.284272
2303.299096
2303.362364
2303.845696
2304.777011
2304.875161
2306.749675
2307.174674
2307.641253
2307.797902
2307.820223
2307.873213
2309.026446
2309.533473
2310.230482
2310.503034
2310.526856
2310.676514
2311.149797
2314.762943
2314.823034
2316.310809
2316.486129
2317.190921
2317.518062
2317.990602
2318.223646
2318.726902
2319.758071
2320.220063
2322.047232
2323.117865
2323.184286
2324.139358
2324.452162
2324.602127
2324.745777
2324.912164
2325.164247
2325.746197
2325.796447
2325.877595
2326.984178
2328.286874
2328.318143
2329.0804
2329.516409
2329.526475
2329.710646
2330.117325
2330.277048
2330.846817
2332.790026
2333.31165
2334.37375
2335.430894
2336.053514
2336.168939
2337.135531
2337.403914
2337.773127
2337.922181
2338.233493
2338.372339
2338.435272
2339.905888
2340.069921
2340.471703
2340.98271
2340.995964
2341.031014
2342.637608
2342.692227
2342.936905
2343.103261
2343.780306
2344.099501
2346.197112
2346.601618
2346.75792
2347.087456
2347.334861
2348.307042
2349.888603
2350.77018
2350.848094
2352.162721
2352.282451
2353.074547
2353.578382
2353.747366
2354.979421
2355.581829
2356.114828
2356.975626
2357.095889
2357.645619
2357.99552
2358.394815
2358.967891
2358.999943
2359.622918
2360.013219
2360.261889
2360.37455
2361.691338
2361.73289
2362.68977
2363.877438
2364.311262
2366.115407
2366.523768
2366.66807
2368.745248
2369.929123
2370.165263
2371.282949
2371.756568
2371.773745
2372.801842
2373.225921
2373.985356
2374.097318
2374.874557
2374.882725
2376.913824
2377.103145
2377.507016
2377.773055
2379.333233
2379.962483
2380.129988
2380.587883
2381.029451
2381.57819
2384.286092
2384.388883
2384.448289
2385.021822
2386.03039
2387.151024
2387.678567
2387.717392
2387.914773
2388.77759
2389.336972
2390.616089
2391.384314
2393.291706
2394.417478
2394.703445
2394.779091
2394.989296
2395.34292
2396.039262
2396.157083
2396.158549
2396.418133
2397.980939
2399.093934
2401.728748
2401.894404
2402.04759
2402.405126
2404.214405
2404.622293
2404.710456
2404.904207
2405.479794
2406.350653
2407.137424
2408.402142
2408.705679
2408.869582
2409.191332
2411.124496
2411.139547
2411.31849
2411.542785
2412.165233
2413.273464
2413.420619
2415.305441
2416.410032
2416.681393
2418.155062
2419.366833
2419.619515
2419.871053
2421.408343
2422.823787
2423.249936
2424.402062
2425.245681
2425.654925
2426.695008
2428.286684
2428.32489
2428.476368
2428.587169
2430.972356
2434.056624
2435.029361
2436.239969
2436.338069
2436.469001
2436.843786
2437.00597
2437.774703
2437.845396
2439.301805
2441.253085
2441.508232
2442.026337
2442.075504
2443.178798
2444.503353
2445.000343
2446.183089
2447.086781
2447.495579
2447.663983
2447.736341
2448.251542
2449.459012
2450.36124
2450.881754
2452.011533
2452.210682
2452.318384
2452.765966
2453.111953
2453.523786
2453.590096
2456.913227
2456.949982
2457.387013
2458.660103
2459.044266
2460.763327
2461.106277
2461.606139
2464.821861
2465.354724
2466.068279
2467.058279
2467.190735
2468.254465
2469.355943
2469.789624
2469.909091
2471.6861
2472.078921
2473.05358
2473.406622
2473.949099
2474.610361
2474.67289
2475.192383
2475.386633
2476.075914
2480.058501
2480.563232
2481.516762
2482.353159
2482.769927
2482.915299
2483.009733
2483.329906
2484.428448
2484.707747
2485.046815
2486.027659
2486.77955
2487.335849
2487.753069
2488.446004
2489.09979
2489.841429
2490.040158
2490.137257
2490.698367
2491.671927
2492.143332
2492.571848
2492.581238
2492.779653
2492.884878
2493.031938
2493.239252
2493.562001
2497.622531
2498.964449
2499.314143
2499.787353
2500.272795
2501.114479
2501.718286
2501.781777
2502.288596
2502.392652
2503.196838
2503.269344
2503.6991
2504.116949
2504.492457
2504.618009
2504.727254
2505.778975
2506.10394
2506.791576
2508.702687
2508.964831
2509.559254
2511.245344
2511.320051
2511.578383
2511.733857
2511.920177
2512.40573
2513.2724
2514.919951
2515.066031
2516.021114
2517.39813
2519.074616
2519.211248
2520.760411
2520.790887
2520.872975
2520.912598
2521.717979
2522.232253
2524.274993
2525.042465
2525.330938
2527.623098
2528.350489
2529.149186
2529.333022
2529.546551
2535.480209
2536.253782
2536.808636
2537.136191
2537.457202
2537.941749
2538.279478
2538.432454
2538.44804
2539.078326
2539.463614
2539.620199
2540.052191
2540.781042
2542.097818
2542.39723
2542.886519
2544.156945
2545.238699
2548.287079
2548.547107
2548.553204
2549.803408
2551.225395
2552.031848
2552.229612
2552.369035
2553.174423
2553.235292
2555.297822
2555.93921
2556.767258
2557.713952
2559.153147
2559.192099
2560.308291
2561.550759
2563.130033
2566.657251
2566.905778
2567.019115
2567.197945
2567.655568
2567.875987
2569.65118
2569.739367
2569.804833
2569.956606
2570.107747
2570.244256
2571.802469
2572.512418
2572.786318
2573.342262
2574.802013
2575.079273
2576.392352
2576.984183
2578.208572
2578.415317
2580.326091
2581.026465
2581.104067
2581.741579
2581.938768
2582.111826
2582.62917
2583.835263
2585.86708
2586.493691
2587.155347
2588.664347
2588.711986
2588.979958
2589.440647
2590.331166
2591.616191
2591.977456
2592.843014
2593.836399
2593.968024
2594.123331
2594.86693
2595.794693
2599.234494
2599.526512
2600.444201
2600.493807
2601.120005
2601.228149
2601.526798
2601.904376
2602.085083
2602.732653
2602.889993
2603.022277
2603.820766
2604.391401
2605.733062
2606.674728
2607.601011
2607.601798
2608.130578
2608.302653
2608.43838
2608.789611
2609.340449
2610.213859
2610.973558
2612.597785
2613.268313
2614.225462
2614.392097
2614.511592
2614.707855
2615.449666
2615.855077
2616.273386
2616.456441
2616.867047
2617.298167
2617.303544
2618.527707
2618.989517
2619.190642
2619.67916
2621.273161
2621.826756
2622.05165
2622.634139
2623.772605
2623.778616
2624.519339
2625.328198
2625.983303
2626.073765
2628.461487
2629.263049
2630.400293
2631.528598
2632.265152
2632.442805
2634.044699
2634.368397
2635.930041
2636.37578
2636.808554
2637.035022
2638.484883
2638.72491
2640.889185
2641.102061
2641.755659
2643.751476
2644.068151
2644.353002
2644.421401
2644.569777
2644.592018
2645.381461
2646.492678
2646.630362
2646.700375
2648.722085
2649.025975
2649.033295
2650.725522
2652.059815
2652.108614
2652.702345
2653.389879
2654.414157
2656.572611
2656.577658
2656.752308
2657.668201
2658.495929
2660.086102
2660.412543
2660.991438
2662.079989
2662.720286
2663.112192
2663.245877
2663.983772
2663.99101
2664.373906
2665.179519
2666.516609
2666.929917
2669.585383
2669.730421
2670.926405
2671.010652
2671.10428
2671.37446
2672.632622
2674.530559
2676.021268
2676.48167
2676.795572
2678.899786
2679.445022
2679.56415
2680.165869
2680.181957
2681.722763
2681.761953
2682.066499
2683.200556
2684.602848
2684.71892
2685.485601
2685.99535
2686.401976
2687.673743
2688.171564
2688.93087
2689.35252
2689.880399
2690.558767
2692.384208
2693.848991
2694.460639
2694.770327
2695.049566
2697.794582
2697.905051
2698.034282
2698.039356
2699.169042
2700.059825
2701.237032
2701.473258
2701.873353
2702.173122
2702.403149
2703.861027
2703.940481
2705.094351
2705.555962
2706.88183
2706.961803
2707.226741
2707.544621
2708.93038
2709.326203
2709.344523
2710.069117
2710.220659
2710.60013
2712.122089
2712.285615
2713.767159
2714.541198
2714.570887
2714.849941
2714.860045
2715.804117
2716.198825
2716.548591
2716.633178
2716.720235
2716.855857
2717.744339
2718.910694
2719.608856
2721.334856
2721.541972
2722.188874
2723.144853
2723.634082
2723.67946
2723.748802
2723.866528
2724.124282
2724.645224
2725.084012
2725.19375
2725.500185
2725.940774
2726.371542
2726.811319
2728.939318
2729.046156
2729.408023
2730.364916
2731.1925
2731.287343
2731.46563
2733.885422
2733.946963
2734.130412
2735.082638
2735.573523
2735.595092
2735.892283
2735.940866
2737.126661
2737.920733
2738.800833
2739.379507
2739.714037
2739.716551
2739.780759
2740.229952
2740.785696
2740.796719
2741.552406
2742.084748
2742.152975
2742.634541
2742.826134
2743.559788
2743.64029
2744.046584
2744.797093
2744.823483
2745.055711
2745.506785
2746.068644
2746.892735
2747.149538
2747.799493
2747.978941
2748.556814
2749.243763
2750.45766
2750.55
2751.278619
2751.543404
2752.371862
2752.55267
2753.984522
2754.007548
2754.411748
2755.050344
2755.192996
2755.419185
2755.453576
2755.769521
2756.233256
2756.89976
2756.943624
2756.990264
2757.293216
2757.736882
2757.796267
2758.678748
2758.950229
2760.716006
2761.407861
2761.726268
2761.856724
2762.535609
2764.352531
2765.429233
2765.487157
2765.549962
2766.032953
2767.316907
2767.379167
2767.749502
2767.846092
2768.395444
2769.251207
2769.294877
2770.227728
2771.092976
2771.867246
2772.297734
2772.555408
2772.639275
2773.134825
2773.458751
2774.538349
2775.064905
2776.53119
2776.913608
2777.330037
2777.74495
2777.982491
2778.052924
2778.510343
2778.849867
2779.757548
2780.827713
2781.282306
2781.320366
2781.392316
2781.528218
2781.573967
2781.845337
2784.02685
2784.375905
2784.401038
2785.241182
2786.153211
2786.690268
2786.726721
2787.162742
2787.378179
2787.473689
2787.532407
2788.21014
2788.36198
2789.192575
2789.334714
2789.422185
2790.076038
2790.386295
2791.01361
2791.578834
2791.703249
2792.49507
2792.801348
2792.891426
2793.426529
2795.099681
2795.861471
2796.241073
2797.910768
2798.314837
2800.228913
2800.568237
2800.931333
2801.063892
2801.763442
2802.614048
2803.844195
2804.465108
2804.476884
2804.551068
2804.824456
2804.926925
2805.300131
2805.530281
2805.625304
2805.82458
2807.188344
2807.612762
2807.656067
2808.239891
2808.399991
2808.540765
2808.666688
2808.671001
2809.736517
2809.867332
2811.995666
2812.736501
2813.01712
2813.281976
2813.708165
2813.739694
2814.295584
2814.543926
2814.928778
2815.142373
2815.327272
2815.373626
2816.102484
2816.286897
2816.351904
2816.854277
2817.08764
2817.57684
2818.061087
2818.17229
2818.268097
2818.674479
2818.835358
2819.155858
2820.257913
2820.586848
2820.908861
2821.096403
2821.396777
2822.168652
2822.33713
2822.472301
2822.495826
2822.556645
2822.998601
2823.02273
2823.092552
2823.118549
2823.972507
2824.119186
2824.43666
2824.618111
2824.876569
2825.403171
2825.574832
2825.579095
2825.646647
2826.1328
2826.375383
2826.484486
2826.528753
2826.530561
2826.698461
2826.754767
2826.78922
2826.794491
2827.0854
2827.582171
2828.002502
2828.127235
2828.56497
2829.047025
2829.397188
2829.443674
2829.933532
2830.297808
2830.419837
2830.58102
2832.074521
2832.193733
2832.636675
2832.703359
2832.765408
2833.030766
2833.294699
2833.412397
2833.484264
2833.825669
2834.529797
2834.657879
2834.66204
2835.297959
2835.480927
2835.777983
2835.883365
2836.093035
2836.753874
2836.758572
2836.996926
2837.338169
2837.431889
2837.861064
2838.074303
2838.388111
2838.729971
2839.07412
2839.260652
2839.927575
2840.034802
2840.642738
2840.847749
2841.203552
2841.290092
2841.504233
2841.527327
2841.590933
2841.642421
2842.025181
2842.064283
2842.153121
2842.500997
2842.714841
2842.715196
2842.997152
2843.254319
2843.321954
2844.009724
2844.585305
2844.587014
2844.684781
2844.764542
2845.060898
2845.061465
2845.410495
2845.66752
2845.804812
2846.415687
2846.628925
2847.142471
2847.948708
2847.989864
2848.173968
2848.374573
2848.545869
2848.607908
2848.825785
2849.249631
2849.340693
2849.815706
2850.167221
2850.222845
2850.678108
2850.688798
2851.322721
2851.524648
2851.634242
2852.355893
2852.598329
2852.602945
2852.813507
2853.039325
2853.110701
2853.332853
2853.679772
2853.906921
2854.213582
2854.241059
2854.506187
2854.507177
2854.519582
2854.66955
2855.412949
2856.204485
2856.98552
2857.273771
2859.00144
2859.174063
2859.324448
2859.581004
2859.888927
2860.176225
2860.324595
2860.934196
2861.063888
2861.491816
2861.677345
2861.9459
2862.604225
2862.774327
2863.042104
2863.285745
2863.62577
2863.633954
2863.802474
2864.004268
2864.178391
2864.390596
2864.65037
2864.853424
2865.153103
2865.318054
2865.587426
2866.700927
2866.756683
2866.802007
2867.312969
2867.480682
2867.687697
2867.828359
2867.980865
2868.321287
2868.480565
2868.561288
2868.935522
2868.948531
2868.999514
2869.152177
2869.748035
2870.482115
2870.569872
2870.695663
2870.772544
2871.204077
2871.226608
2871.923107
2872.071445
2872.330392
2873.001974
2873.081485
2873.46997
2873.490958
2873.499794
2873.751039
2873.760286
2873.822539
2874.049104
2874.119544
2874.232272
2874.368763
2874.748301
2875.303171
2875.494662
2876.01074
2876.077351
2876.49436
2876.735491
2876.887938
2876.996951
2877.064417
2877.322313
2877.453343
2877.538917
2878.873666
2878.880401
2879.204864
2879.287322
2879.373503
2879.437946
2879.592649
2879.73728
2879.799756
2879.843348
2879.900094
2880.184991
2880.252178
2880.35157
2880.718314
2880.848253
2880.95132
2880.994322
2881.050881
2881.272072
2881.545791
2881.629169
2881.670943
2881.958372
2882.007863
2882.108412
2882.501234
2882.537756
2882.979499
2883.058801
2883.418556
2883.532687
2883.749486
2883.83591
2883.838449
2883.914809
2884.015777
2884.078745
2884.445576
2884.717769
2884.817599
2885.847078
2885.981488
2886.24889
2886.349461
2886.490536
2886.714263
2887.117611
2887.235983
2887.492066
2887.521159
2887.574035
2887.651994
2888.153038
2888.432963
2888.453101
2888.483
2888.646628
2888.728515
2889.186691
2889.215536
2889.376274
2889.401479
2889.694381
2889.864018
2890.26991
2890.601403
2890.647116
2890.945991
2890.969166
2891.232659
2891.644308
2891.836233
2892.079784
2892.225981
2892.304836
2892.53736
2892.560239
2892.634281
2892.787991
2893.014905
2893.245045
2893.391473
2893.952533
2894.433702
2894.579387
2894.595475
2894.658305
2895.174587
2895.191078
2895.215522
2895.555086
2896.197663
2896.230383
2896.276729
2896.468216
2896.640673
2896.961531
2897.407954
2897.523589
2897.659556
2898.185199
2898.415695
2898.47419
2898.536486
2898.798215
2898.827224
2899.308316
2899.513334
2899.662752
2900.142833
2900.44164
2901.070921
2901.096035
2901.432292
2901.753692
2902.047535
2902.486717
2902.63746
2902.879693
2903.921286
2903.933845
2904.03623
2904.169574
2904.365749
2904.657143
2904.831572
2904.909167
2905.376277
2905.416551
2905.674181
2905.702787
2905.923762
2906.076446
2906.246975
2906.564216
2906.722042
2906.871858
2907.102143
2907.117207
2907.361362
2907.37321
2907.50317
2907.63621
2908.352387
2908.454493
2908.506128
2908.890908
2908.995629
2909.205702
2909.240786
2909.389788
2909.582289
2909.65256
2909.942549
2910.549953
2910.75631
2910.835882
2910.936022
2911.281064
2911.451211
2911.486151
2911.779316
2911.85296
2912.080533
2912.087756
2912.120366
2912.128037
2912.202789
2912.469327
2912.569758
2912.657561
2913.086276
2913.226359
2913.296405
2913.331529
2913.52049
2913.85495
2914.587546
2914.640268
2914.802279
2915.880451
2916.191537
2916.341182
2916.597605
2916.969021
2916.990553
2917.25573
2917.277086
2917.489364
2917.509929
2917.588062
2917.974305
2918.098999
2918.416826
2918.685714
2919.122793
2919.222861
2919.223999
2919.324417
2920.016626
2920.092063
2920.352013
2920.397709
2920.498865
2920.587514
2921.098983
2921.557958
2922.358689
2922.637019
2923.048217
2923.301027
2923.537438
2923.553007
2923.684502
2923.855464
2923.884195
2923.895964
2923.936169
2924.524798
2924.578206
2924.623332
2925.009387
2925.13293
2925.223786
2925.265625
2925.339854
2925.440425
2925.879661
2925.91902
2925.966198
2926.21014
2926.571866
2926.609755
2926.767143
2926.941918
2927.018267
2927.268843
2927.410368
2927.585338
2927.895419
2928.263878
2928.268631
2928.359536
2928.449971
2928.493658
2928.665964
2928.893135
2928.911423
2928.927947
2929.111748
2929.190593
2929.321151
2929.417171
2929.435989
2929.46333
2929.726833
2930.002878
2930.072424
2930.092934
2930.142162
2930.629555
2930.646958
2930.730359
2931.294746
2931.545924
2931.734429
2931.930925
2931.96894
2932.031034
2932.113012
2932.16927
2932.582075
2932.629709
2932.663764
2932.781991
2932.967668
2933.078621
2933.128401
2933.13418
2933.332381
2933.766581
2934.125112
2934.150574
2934.162082
2934.211618
2934.251286
2934.26544
2934.268986
2934.386113
2934.431092
2934.558674
2934.884179
2934.965006
2934.965746
2934.969134
2935.164478
2935.203612
2935.622371
2935.734145
2936.79866
2937.26878
2937.358865
2937.438106
2937.549951
2937.673999
2938.075578
2938.108039
2938.701856
2938.819292
2939.374987
2939.558251
2939.717735
2940.127569
2940.196764
2940.337489
2940.570992
2940.678108
2940.820532
2941.125996
2941.138545
2941.441882
2941.456382
2941.506024
2941.907859
2942.011953
2942.285103
2942.383758
2942.440496
2942.726255
2942.755187
2943.002174
2943.194146
2943.197835
2943.818022
2944.182216
2944.363234
2944.625497
2944.641613
2944.64726
2944.789873
2944.928272
2945.136481
2945.367092
2945.478005
2945.824631
2945.904024
2945.977877
2946.141527
2946.178145
2946.240795
2946.443653
2947.319352
2947.333524
2947.508313
2947.670509
2947.702821
2947.862151
2947.887229
2947.964716
2948.253757
2948.594119
2948.890676
2948.972733
2949.075035
2949.109202
2950.129315
2950.234366
2950.308056
2950.659982
2950.9264
2951.167622
2951.385052
2951.416663
2951.439896
2951.757137
2952.01262
2952.109972
2952.430327
2952.47585
2952.500483
2952.567223
2952.60224
2952.794282
2952.925266
2953.25607
2953.360554
2953.489118
2953.693873
2953.750742
2954.10204
2954.379592
2954.473752
2954.950776
2955.144338
2955.496997
2955.553453
2956.123422
2956.500131
2956.637023
2957.135331
2957.538225
2957.594295
2957.826661
2957.918451
2957.947418
2957.965548
2958.10897
2958.380816
2958.546039
2958.823501
2959.052484
2959.617384
2959.785444
2959.801984
2960.05215
2960.125638
2960.282865
2960.284146
2960.3213
2960.396802
2960.731052
2960.789633
2960.904273
2961.09946
2961.50405
2961.618417
2961.87474
2962.149984
2962.352759
2962.434258
2962.530032
2962.563983
2962.906916
2962.991688
2963.143127
2963.187514
2963.38739
2963.760136
2963.793771
2963.803384
2963.860302
2964.044234
2964.136927
2964.360845
2964.510521
2964.549132
2964.703198
2964.911326
2965.123209
2965.328587
2965.371167
2965.37118
2965.454124
2965.510609
2965.841636
2965.961918
2965.986491
2966.031677
2966.245041
2966.41208
2966.919949
2967.004054
2967.6278
2967.668393
2967.873531
2967.931402
2968.132898
2968.424185
2968.726814
2968.77176
2968.865034
2968.968198
2968.972503
2968.980571
2969.128508
2969.130642
2969.230591
2969.443006
2969.483098
2969.743517
2969.880997
2969.945447
2970.105372
2970.132119
2970.19797
2970.51076
2970.775839
2970.912471
2970.965895
2971.265161
2971.342505
2971.419681
2971.508404
2971.545968
2971.572929
2971.630412
2971.670819
2971.716773
2971.782246
2971.785214
2971.976799
2972.169779
2972.476879
2972.597239
2972.643602
2973.192385
2973.633423
2973.719097
2973.73073
2973.731569
2973.943121
2974.550847
2974.609736
2974.88241
2975.040812
2975.088776
2975.142671
2975.198139
2975.258928
2975.471398
2975.50117
2975.522612
2975.865244
2975.915525
2976.031487
2976.168749
2976.298049
2976.410813
2976.944908
2976.967
2977.04482
2977.154631
2977.160946
2977.210808
2977.317206
2977.41735
2977.418127
2977.532253
2977.63825
2977.773725
2977.810735
2977.815403
2977.855146
2978.114705
2978.280593
2978.328454
2978.928649
2979.02335
2979.276327
2979.284779
2979.373106
2979.668137
2979.876886
2980.23414
2980.236195
2980.301188
2980.306837
2980.325411
2980.339834
2980.568078
2980.587808
2980.682223
2980.774577
2980.883148
2981.479567
2981.489767
2982.035769
2982.105583
2982.371638
2982.442131
2982.606043
2982.794557
2982.840199
2982.885649
2983.1168
2983.195484
2983.286538
2983.342838
2983.368017
2983.373045
2983.500959
2983.534146
2983.560672
2983.580917
2983.800951
2983.961745
2984.010951
2984.034299
2984.20136
2984.227883
2984.404801
2984.517179
2984.747166
2984.80847
2984.812253
2984.814906
2984.947823
2985.037171
2985.1792
2985.221897
2985.38029
2985.494083
2985.66747
2986.152314
2986.183471
2986.590705
2986.676981
2987.061372
2987.15109
2987.421757
2987.601849
2987.623448
2987.78016
2987.788186
2987.951215
2987.97386
2988.259103
2988.572455
2988.829478
2989.026485
2989.07848
2989.386462
2989.407916
2989.48842
2989.547454
2989.563312
2989.722002
2989.895285
2990.0272
2990.134199
2990.144618
2990.178414
2990.272556
2990.520299
2990.740943
2991.022624
2991.050379
2991.208305
2991.228626
2991.363428
2991.391215
2991.562856
2991.786729
2991.81015
2991.840634
2991.842641
2991.890292
2991.906749
2992.082188
2992.089192
2992.166577
2992.255558
2992.312579
2992.313177
2992.405252
2992.415616
2992.450773
2992.487059
2992.762166
2993.130584
2993.275069
2993.370466
2993.390388
2993.397534
2993.551727
2993.74558
2994.1709
2994.522238
2994.611508
2994.644705
2994.675131
2994.762903
2994.892908
2995.345147
2995.642603
2995.977676
2996.23427
2996.274364
2996.393774
2996.397801
2996.439157
2996.459368
2996.600975
2996.746602
2996.836887
2996.891294
2996.99752
2997.052832
2997.304326
2997.382168
2997.403731
2997.524411
2997.578837
2997.740834
2997.814512
2997.917287
2998.230519
2998.481859
2998.563467
2998.597355
2998.622965
2998.842055
2998.963675
2999.145928
2999.15877
2999.34989
2999.682732
2999.736184
2999.747213
2999.836394
2999.861548
3000.220072
3000.475148
3000.535757
3000.564045
3000.71733
3000.741018
3000.745464
3000.782637
3000.87786
3000.924651
3000.960199
3000.971869
3000.997171
3001.093885
3001.119021
3001.13988
3001.226423
3001.486144
3001.656681
3001.761677
3001.81637
3001.834632
3001.86482
3002.109876
3002.182059
3002.210454
3002.221038
3002.221949
3002.443013
3002.537483
3002.684116
3003.142153
3003.457278
3003.589895
3003.653379
3003.654409
3003.665546
3003.743023
3004.012179
3004.121012
3004.40739
3004.458121
3004.702174
3004.936378
3005.033802
3005.285974
3005.297062
3005.457515
3005.762831
3005.774859
3006.325253
3006.344256
3007.003614
3007.115434
3007.624681
3007.641414
3007.836297
3007.916722
3008.134856
3008.256786
3008.262711
3008.47287
3008.697224
3008.709509
3008.740547
3008.865438
3008.932799
3009.157616
3009.168133
3009.231424
3009.288758
3009.310446
3009.324385
3009.368398
3009.384893
3009.393211
3009.544337
3009.650838
3009.770249
3009.874501
3009.990434
3010.10294
3010.392571
3010.422169
3010.786321
3011.038281
3011.046384
3011.144447
3011.210373
3011.339538
3011.476221
3011.515068
3011.674885
3011.754094
3011.929534
3012.19779
3012.203157
3012.738759
3012.778117
3012.797122
3012.907886
3013.016524
3013.066366
3013.077829
3013.416907
3013.601019
3013.651641
3013.970615
3014.107408
3014.195422
3014.212576
3014.226757
3014.252414
3014.336244
3014.337914
3014.341863
3014.462309
3014.567206
3014.699869
3014.729917
3014.772383
3014.87778
3014.896914
3014.972105
3015.007554
3015.090073
3015.24144
3015.437861
3015.647721
3015.728612
3015.832078
3015.852362
3016.130486
3016.168027
3016.226587
3016.359935
3016.554549
3016.589948
3016.680312
3016.692445
3016.695635
3016.701403
3016.710987
3016.814626
3016.895693
3017.003358
3017.00723
3017.010064
3017.024925
3017.049806
3017.380747
3017.429512
3017.46696
3017.50697
3017.53729
3017.55284
3017.65459
3017.892324
3018.048603
3018.122095
3018.153435
3018.154237
3018.154991
3018.269071
3018.387727
3018.416329
3018.530874
3018.591717
3018.82928
3018.865131
3018.992021
3019.060684
3019.066827
3019.112438
3019.12379
3019.219782
3019.223229
3019.33829
3019.752436
3019.782092
3019.784568
3019.786344
3020.212271
3020.244183
3020.296061
3020.350012
3020.566329
3020.625411
3020.758154
3020.805581
3021.27762
3021.358551
3021.448868
3021.616133
3021.783364
3021.938271
3021.956433
3021.982194
3022.201644
3022.281595
3022.367616
3022.404116
3022.43215
3022.45646
3022.807549
3022.809823
3022.977767
3023.100877
3023.117792
3023.131134
3023.355297
3023.414024
3023.670224
3023.717985
3023.762236
3023.790269
3023.902958
3024.159646
3024.167932
3024.500851
3024.679226
3024.770816
3024.869947
3024.94302
3024.953494
3025.006814
3025.014742
3025.101172
3025.159402
3025.536808
3025.60748
3025.658988
3025.719446
3025.76146
3025.771226
3025.855121
3025.926688
3026.049382
3026.289662
3026.346656
3026.361354
3026.370785
3026.399723
3026.421315
3026.483899
3026.554913
3026.864516
3026.921055
3026.965234
3027.002768
3027.067662
3027.495638
3027.536214
3027.588826
3027.729827
3027.969286
3028.004916
3028.132957
3028.442279
3028.492933
3028.592177
3028.620514
3028.623419
3028.776652
3028.850138
3028.973004
3029.31908
3029.476484
3029.570477
3029.615581
3029.660813
3029.672142
3029.687655
3029.787875
3029.953544
3030.044933
3030.331003
3030.367701
3030.399137
3030.879635
3031.497446
3031.762222
3031.944613
3032.178203
3032.231366
3032.312651
3032.399694
3032.427543
3032.741614
3032.783673
3033.07924
3033.112064
3033.240917
3033.316557
3033.386642
3033.441139
3033.44599
3033.550912
3033.563824
3033.601738
3033.611663
3033.790204
3033.847619
3034.103383
3034.131338
3034.416142
3034.436112
3034.448261
3034.491963
3034.498573
3034.507984
3034.524514
3034.541654
3034.569378
3034.621289
3034.792528
3035.288266
3035.397086
3035.404485
3035.460716
3035.514619
3035.666923
3035.992526
3036.038294
3036.201977
3036.380648
3036.469758
3036.491709
3036.594076
3036.682534
3036.806956
3036.974583
3037.06496
3037.087311
3037.382301
3037.383359
3037.97276
3038.201569
3038.535836
3038.607502
3038.670563
3038.853751
3038.992568
3039.02678
3039.031352
3039.190955
3039.217269
3039.227107
3039.296847
3039.417378
3039.493842
3039.499665
3039.769784
3039.994694
3040.032498
3040.133832
3040.350997
3040.409441
3040.461218
3040.591462
3040.614169
3040.737492
3040.813497
3040.934324
3041.001322
3041.066287
3041.105813
3041.142625
3041.173335
3041.277995
3041.335311
3041.492612
3041.493282
3041.723407
3041.745875
3041.84436
3041.931409
3042.003422
3042.16323
3042.21353
3042.224156
3042.548862
3042.575906
3042.594914
3042.718715
3042.939805
3043.06763
3043.112341
3043.273636
3043.280692
3043.517092
3043.645045
3043.756551
3043.808736
3043.871382
3043.890512
3043.905063
3043.946841
3044.177394
3044.205957
3044.384811
3044.607896
3044.703085
3044.868677
3044.935363
3044.980034
3045.063147
3045.080642
3045.106097
3045.178711
3045.25553
3045.462842
3045.475729
3045.603696
3045.615318
3045.799581
3045.811372
3045.846729
3045.903475
3045.962818
3046.0299
3046.146717
3046.213109
3046.603936
3046.790619
3046.929011
3047.138823
3047.172148
3047.293005
3047.328635
3047.624079
3047.776348
3047.801826
3047.819706
3047.825913
3048.008747
3048.238544
3048.307332
3048.334065
3048.34202
3048.415102
3048.452674
3048.489757
3048.552394
3048.739514
3048.814618
3049.298091
3049.39389
3049.590552
3049.595416
3049.607855
3049.782936
3049.941508
3050.309222
3050.310782
3050.427966
3050.443813
3050.467376
3050.601405
3050.628523
3050.682341
3050.877042
3050.877775
3050.958985
3051.262523
3051.310979
3051.351539
3051.388998
3051.398963
3051.41192
3051.436756
3051.548925
3051.55269
3051.664562
3051.747788
3051.770366
3051.792553
3051.957901
3052.081462
3052.141036
3052.242378
3052.604127
3052.634327
3052.76661
3052.903373
3052.986424
3053.373209
3053.512431
3053.832272
3053.967514
3054.000321
3054.143148
3054.165679
3054.196065
3054.243294
3054.311935
3054.559453
3054.772036
3054.803571
3054.844303
3054.863849
3055.016635
3055.058847
3055.190619
3055.207561
3055.497583
3055.502631
3055.555982
3055.563822
3055.611626
3055.744024
3055.942739
3055.965554
3056.030731
3056.399123
3056.441113
3056.479587
3056.569494
3056.683693
3056.6952
3057.002263
3057.006933
3057.048743
3057.286536
3057.48308
3057.498719
3057.591802
3057.691563
3057.998942
3058.053227
3058.145441
3058.174351
3058.323193
3058.369471
3058.467796
3058.637988
3058.668404
3058.790515
3058.79415
3058.814699
3059.021523
3059.286646
3059.569312
3059.670475
3059.700008
3059.785487
3059.972061
3059.981446
3059.991889
3060.099409
3060.126352
3060.163007
3060.347986
3060.438242
3060.461769
3060.510053
3060.634134
3060.741962
3060.773302
3060.812342
3060.841663
3060.878593
3060.904593
3060.927159
3061.002962
3061.198922
3061.228713
3061.259581
3061.492541
3061.548884
3061.610453
3061.778384
3061.911079
3062.047277
3062.062963
3062.140402
3062.324243
3062.387293
3062.521582
3062.553063
3062.643325
3062.719579
3062.875802
3062.916578
3062.926834
3062.942036
3062.984709
3063.087134
3063.0881
3063.358745
3063.363033
3063.581693
3063.644431
3063.873764
3063.9331
3064.024495
3064.714528
3064.784684
3065.073828
3065.320151
3065.50014
3065.570369
3065.652328
3065.663588
3065.665909
3065.715307
3065.935199
3065.947828
3065.970991
3066.012287
3066.029931
3066.09244
3066.161266
3066.24511
3066.400377
3066.457218
3066.513082
3066.532983
3066.536899
3066.643687
3066.821951
3066.882044
3066.962913
3067.009479
3067.183154
3067.319011
3067.516632
3067.721253
3067.775907
3067.792424
3067.800668
3067.840114
3067.883428
3067.956849
3067.962581
3068.055244
3068.165911
3068.24406
3068.382348
3068.823782
3068.998851
3069.015888
3069.044828
3069.050206
3069.153847
3069.327408
3069.533036
3069.7367
3069.964179
3069.98722
3070.021858
3070.031712
3070.141848
3070.174524
3070.247853
3070.282811
3070.377335
3070.387681
3070.48928
3070.553774
3070.617756
3070.774682
3071.061432
3071.14312
3071.387675
3071.420782
3071.493518
3071.553382
3071.568254
3071.710307
3071.768488
3071.847253
3071.928961
3071.944345
3072.006275
3072.111221
3072.152127
3072.200616
3072.431927
3072.621863
3072.90263
3073.342181
3073.536373
3073.569075
3073.659594
3073.781482
3073.7931
3073.8894
3073.964577
3074.091574
3074.124108
3074.170186
3074.203675
3074.450377
3074.541994
3074.734485
3074.787403
3074.803244
3075.014323
3075.154399
3075.407756
3075.565596
3075.714101
3075.755893
3075.788741
3075.857415
3075.934062
3075.939159
3075.950947
3075.969913
3076.082466
3076.400247
3076.412268
3076.449586
3076.468828
3076.510351
3076.557155
3076.630475
3076.736739
3076.819309
3076.873424
3076.948097
3076.980664
3077.047282
3077.138467
3077.175158
3077.260283
3077.2631
3077.266223
3077.415505
3077.449429
3077.70103
3077.934862
3077.953058
3078.020616
3078.141374
3078.362615
3078.367905
3078.401423
3078.702691
3078.722073
3079.044702
3079.103335
3079.133506
3079.136791
3079.167909
3079.17411
3079.211719
3079.339318
3079.34371
3079.356806
3079.433292
3079.487165
3079.710966
3079.741916
3079.829677
3080.007439
3080.010815
3080.068345
3080.212753
3080.601678
3080.629191
3080.685391
3080.970043
3080.977433
3081.010415
3081.035746
3081.156402
3081.159208
3081.288422
3081.30988
3081.378888
3081.396863
3081.473687
3081.509341
3081.818246
3081.885691
3081.900097
3082.106586
3082.107611
3082.156962
3082.167092
3082.185605
3082.409856
3082.418203
3082.939048
3083.120133
3083.181038
3083.362708
3083.456485
3083.550705
3083.918565
3084.187249
3084.198055
3084.228828
3084.23845
3084.392958
3084.434507
3084.465015
3084.608674
3084.644667
3084.660256
3084.801718
3084.882358
3085.023386
3085.261232
3085.275776
3085.348219
3085.360277
3085.695833
3085.833523
3086.079827
3086.105029
3086.116406
3086.164455
3086.2798
3086.389238
3086.421647
3086.49837
3086.641896
3086.863124
3086.90329
3087.12407
3087.162071
3087.342161
3087.467483
3087.554515
3087.567401
3087.575013
3087.946154
3088.090741
3088.13117
3088.154232
3088.239242
3088.639791
3088.661521
3088.681656
3088.691161
3088.705399
3088.754366
3088.838365
3088.97359
3089.005465
3089.117246
3089.125832
3089.174025
3089.288303
3089.291471
3089.321111
3089.407345
3089.708672
3089.755483
3089.803742
3089.838973
3089.988701
3090.237085
3090.439509
3090.453448
3090.499766
3090.712658
3090.762592
3090.763584
3090.783069
3090.838742
3090.839779
3090.962911
3090.996817
3091.126759
3091.131176
3091.146797
3091.347816
3091.399761
3091.412488
3091.639324
3091.697338
3091.899351
3091.958444
3091.964987
3092.054236
3092.087851
3092.212223
3092.22426
3092.272369
3092.38377
3092.392856
3092.516151
3092.571553
3092.602415
3092.676608
3092.806019
3092.849016
3092.935806
3092.946137
3093.377785
3093.424001
3093.518962
3093.518982
3093.651743
3093.861192
3093.875001
3093.905466
3093.911447
3093.982821
3094.130796
3094.133276
3094.204158
3094.26038
3094.451863
3094.628556
3094.781385
3095.027099
3095.207801
3095.299503
3095.404433
3095.485358
3095.536866
3095.71796
3095.909104
3096.0919
3096.21692
3096.317286
3096.338217
3096.34074
3096.3501
3096.357687
3096.472431
3096.765088
3096.798478
3096.979442
3097.381125
3097.38495
3097.488146
3097.851217
3097.894352
3097.994947
3098.219452
3098.291191
3098.316137
3099.005595
3099.226698
3099.254057
3099.260539
3099.335045
3099.520124
3099.534886
3099.56058
3099.566436
3099.611258
3099.651127
3099.735627
3099.830436
3100.110842
3100.139561
3100.148099
3100.373581
3100.454412
3100.459506
3100.710243
3100.776148
3100.975605
3101.184926
3101.196671
3101.355913
3101.470869
3101.682957
3101.805476
3102.023751
3102.064425
3102.123368
3102.199471
3102.263328
3102.405988
3102.495068
3102.503636
3102.575893
3102.618587
3102.63485
3102.750952
3102.845029
3103.024297
3103.038748
3103.258471
3103.353417
3103.839416
3104.210736
3104.239093
3104.240451
3104.369228
3104.413572
3104.414427
3104.448184
3104.566613
3104.770919
3104.790123
3104.962817
3104.982492
3105.006552
3105.148309
3105.266934
3105.34339
3105.34576
3105.376975
3105.44388
3105.717539
3105.739437
3105.759123
3105.981283
3106.116873
3106.133424
3106.262798
3106.364063
3106.368518
3106.477842
3106.608846
3106.756428
3106.775582
3106.83472
3106.916846
3107.007749
3107.105576
3107.406706
3107.435396
3107.582831
3107.608526
3107.692702
3107.81324
3107.849559
3107.859144
3108.216326
3108.442642
3108.445428
3108.583128
3108.614096
3108.822743
3108.900829
3109.009105
3109.107112
3109.1783
3109.185208
3109.23478
3109.35402
3109.483237
3109.63131
3109.765983
3109.774725
3109.782414
3109.893511
3110.302499
3110.371421
3110.371745
3110.445291
3110.520485
3110.521932
3110.692306
3110.714504
3110.75093
3110.985922
3111.051009
3111.19624
3111.296817
3111.382672
3111.387941
3111.492074
3111.723576
3111.762488
3111.766295
3111.879819
3111.887697
3111.888635
3112.048491
3112.060437
3112.106363
3112.16465
3112.182169
3112.224735
3112.427821
3112.473125
3112.548331
3112.628874
3112.758162
3112.796239
3112.89474
3113.000358
3113.423987
3113.593375
3113.676192
3113.829118
3113.907816
3113.908256
3114.036197
3114.217552
3114.280006
3114.368261
3114.425961
3114.54978
3114.613364
3114.820389
3114.86993
3114.91547
3114.940264
3115.285967
3115.319106
3115.371262
3115.390139
3115.430361
3115.489169
3115.635751
3115.81933
3115.820472
3116.00206
3116.026769
3116.311463
3116.324839
3116.326939
3116.355515
3116.54003
3116.728601
3116.776204
3116.838125
3116.95969
3117.1186
3117.276612
3117.302709
3117.402067
3117.524514
3117.615284
3117.716243
3117.753853
3117.848997
3118.170772
3118.191036
3118.209385
3118.402686
3118.421149
3118.440693
3118.472295
3118.490052
3118.572252
3118.662425
3118.704845
3118.730424
3118.940602
3118.991814
3119.143558
3119.237461
3119.261963
3119.333654
3119.503379
3119.614148
3119.619958
3119.645849
3119.757434
3119.823599
3119.992154
3120.070447
3120.202983
3120.256062
3120.396295
3120.541303
3120.633386
3120.720329
3120.832023
3120.990059
3121.059269
3121.103524
3121.176443
3121.179815
3121.260244
3121.299465
3121.487587
3121.504963
3121.691361
3121.762103
3121.777699
3121.827049
3121.900285
3122.005724
3122.080073
3122.132058
3122.142768
3122.246985
3122.322033
3122.349314
3122.436853
3122.63471
3122.7059
3122.721533
3122.892027
3123.056496
3123.074346
3123.129953
3123.134189
3123.152954
3123.224246
3123.361531
3123.530204
3123.581455
3123.588131
3123.604255
3123.628713
3123.800993
3123.845331
3123.950311
3124.238054
3124.512932
3124.586364
3124.623386
3124.664376
3125.112905
3125.134987
3125.193506
3125.340959
3125.423405
3125.516623
3125.526575
3125.593623
3125.619709
3125.660443
3125.661464
3125.705574
3126.201314
3126.401721
3126.549692
3126.675627
3126.697896
3126.744075
3126.84183
3126.940386
3127.066975
3127.169072
3127.174004
3127.374892
3127.551753
3127.586894
3127.616331
3127.640799
3127.650026
3127.712478
3128.107917
3128.261875
3128.309689
3128.400979
3128.425103
3128.610049
3128.861386
3128.896416
3128.925756
3128.949654
3128.972098
3129.093525
3129.15801
3129.178317
3129.181373
3129.418327
3129.422801
3129.426141
3129.513444
3129.589715
3129.719118
3129.758602
3129.821302
3129.867411
3129.999411
3130.043658
3130.066112
3130.175817
3130.445593
3130.473546
3130.54183
3130.671581
3130.844318
3130.872604
3130.941394
3131.13777
3131.194363
3131.238439
3131.292303
3131.324496
3131.933237
3131.979588
3132.177653
3132.399811
3132.416064
3132.458105
3132.553641
3132.591522
3132.600996
3132.622617
3132.632871
3132.794243
3132.881422
3133.069768
3133.14929
3133.316367
3133.45255
3133.538892
3133.580388
3133.610225
3133.723259
3133.748786
3133.768006
3133.98471
3134.014159
3134.201279
3134.33085
3134.500155
3134.563494
3134.588219
3134.616314
3134.725763
3134.827339
3134.868501
3134.969293
3134.982382
3135.048627
3135.167395
3135.253944
3135.26796
3135.490552
3135.577918
3135.678228
3135.807254
3135.821573
3135.956911
3135.978986
3136.242587
3136.253385
3136.322168
3136.326589
3136.327439
3136.580928
3136.868161
3136.936899
3137.107278
3137.29703
3137.441159
3137.49302
3137.529586
3137.830194
3137.920724
3138.002751
3138.015581
3138.019343
3138.442359
3138.473693
3138.480794
3138.594755
3138.681916
3138.714104
3138.728515
3138.758443
3138.841284
3139.006464
3139.022888
3139.024617
3139.12197
3139.134563
3139.329258
3139.402904
3139.431518
3139.475623
3139.49479
3139.551452
3139.573778
3139.663231
3139.721864
3139.755706
3139.80015
3139.86625
3139.903078
3139.914716
3139.95025
3140.058262
3140.06537
3140.222843
3140.259762
3140.26679
3140.431992
3140.59102
3140.831004
3141.069256
3141.204173
3141.214247
3141.242877
3141.486329
3141.501557
3141.532061
3141.536039
3141.553226
3141.72532
3141.951762
3142.094916
3142.169593
3142.330937
3142.498211
3142.534737
3142.595119
3142.674339
3142.709778
3142.832154
3142.97937
3143.072814
3143.08166
3143.135908
3143.286225
3143.431864
3143.555243
3143.707695
3143.746613
3143.837198
3143.852414
3143.898079
3144.044579
3144.16561
3144.284629
3144.301113
3144.316569
3144.481916
3144.555659
3144.619306
3144.861839
3144.872888
3144.905898
3144.919927
3145.002825
3145.044926
3145.04509
3145.15362
3145.178879
3145.212106
3145.238474
3145.596146
3145.61255
3145.622665
3145.670018
3145.692548
3145.941252
3146.181308
3146.287325
3146.361628
3146.423316
3146.488934
3146.576182
3146.86481
3146.921225
3146.967986
3147.129472
3147.153758
3147.201145
3147.433133
3147.477955
3147.568024
3147.63632
3147.712466
3147.898689
3147.9216
3147.947238
3148.192842
3148.429523
3148.525612
3148.757395
3148.889885
3148.98942
3149.1588
3149.175269
3149.210103
3149.39507
3149.436807
3149.503901
3149.505676
3149.617542
3149.6412
3149.817848
3149.956944
3150.108698
3150.11964
3150.128931
3150.169265
3150.191195
3150.227379
3150.269245
3150.272325
3150.434647
3150.575715
3151.101945
3151.167307
3151.369792
3151.506483
3151.781073
3151.783812
3152.004382
3152.096578
3152.377773
3152.468391
3152.475674
3152.959629
3153.032926
3153.061682
3153.147473
3153.16065
3153.250282
3153.273703
3153.373076
3153.411319
3153.441899
3153.517909
3153.582111
3153.640939
3153.734017
3153.878742
3154.017799
3154.04448
3154.214897
3154.217206
3154.391964
3154.418803
3154.588962
3154.7165
3154.75507
3154.835734
3154.93392
3154.963026
3155.124997
3155.133643
3155.220979
3155.234161
3155.480541
3155.518513
3155.597816
3155.904361
3156.127044
3156.46739
3156.492756
3156.604941
3156.638144
3156.699745
3156.838196
3156.882514
3156.999112
3157.229781
3157.367592
3157.503183
3157.531213
3157.76368
3157.777384
3158.029243
3158.204599
3158.240778
3158.304193
3158.55216
3158.650156
3158.650899
3158.658422
3158.706207
3158.758653
3158.776504
3158.940205
3158.940652
3158.956691
3159.017646
3159.035373
3159.163985
3159.283935
3159.313322
3159.636395
3159.644651
3159.652565
3160.162077
3160.298171
3160.50581
3160.518042
3160.610273
3160.66274
3160.719443
3160.825028
3160.889233
3161.143995
3161.290771
3161.469936
3161.497193
3161.544058
3161.585496
3161.587866
3161.698357
3161.785664
3161.899975
3162.009258
3162.163483
3162.169667
3162.17296
3162.239022
3162.255866
3162.719069
3162.725218
3162.74448
3162.807863
3163.054083
3163.064814
3163.190105
3163.374135
3163.377387
3163.397583
3163.57756
3163.62935
3163.670267
3163.812319
3164.13546
3164.178044
3164.243521
3164.254456
3164.367337
3164.389986
3164.91333
3164.927568
3165.031635
3165.051501
3165.069373
3165.084781
3165.124863
3165.158305
3165.389407
3165.416984
3165.581461
3165.590522
3165.688282
3165.842066
3165.872129
3166.028597
3166.088818
3166.102993
3166.11782
3166.175632
3166.28147
3166.375145
3166.446041
3166.910839
3166.965048
3167.478225
3167.633238
3167.796995
3167.799335
3168.171389
3168.223421
3168.632714
3168.900289
3168.931186
3168.991555
3169.201236
3169.2074
3169.266661
3169.298128
3169.422467
3169.527668
3169.629153
3169.69974
3169.720329
3169.839835
3170.092861
3170.190225
3170.236372
3170.345301
3170.524015
3170.559976
3170.637244
3170.721531
3170.73366
3170.792506
3170.814662
3171.036922
3171.076116
3171.221228
3171.234647
3171.276012
3171.314009
3171.434125
3171.444121
3171.465755
3171.64214
3171.684599
3172.050785
3172.12365
3172.270291
3172.404895
3172.492211
3172.617356
3172.803444
3172.811763
3172.826636
3173.150123
3173.261907
3173.329873
3173.406635
3173.582434
3173.712034
3173.832375
3173.985616
3174.006428
3174.013047
3174.205351
3174.355106
3174.486677
3174.658551
3174.872379
3174.933511
3175.047268
3175.08558
3175.230225
3175.24772
3175.308386
3175.316776
3175.33737
3175.569597
3175.593567
3175.836033
3175.836231
3176.067741
3176.335026
3176.370528
3176.449232
3176.737517
3176.768246
3176.922981
3177.070891
3177.227168
3177.329923
3177.355171
3177.400394
3177.405385
3177.490452
3177.527597
3177.583134
3177.667773
3177.6728
3177.718132
3177.951342
3178.073482
3178.12568
3178.320862
3178.369937
3178.402663
3179.09963
3179.131464
3179.169456
3179.488501
3179.758986
3179.894892
3179.900671
3179.951881
3179.975369
3180.020421
3180.099695
3180.326122
3180.34222
3180.398637
3180.534051
3180.595441
3180.824801
3180.835843
3180.959093
3181.05427
3181.069441
3181.12942
3181.222302
3181.336123
3181.352981
3181.388139
3181.486357
3181.536703
3181.674169
3181.837872
3181.918652
3182.041199
3182.177846
3182.184163
3182.2194
3182.250358
3182.369992
3182.475902
3182.600024
3182.674826
3182.67632
3183.028041
3183.077631
3183.111022
3183.255103
3183.301565
3183.369275
3183.393814
3183.442086
3183.496016
3183.567597
3183.771599
3183.929422
3183.968709
3184.055754
3184.181609
3184.201215
3184.353765
3184.408528
3184.978608
3185.110139
3185.192783
3185.249196
3185.361155
3185.490753
3185.740828
3185.77517
3185.940067
3185.966813
3186.286539
3186.299302
3186.353174
3186.507454
3186.556805
3186.621022
3186.761355
3186.801659
3186.84119
3186.896085
3186.971236
3187.034788
3187.2592
3187.333652
3187.435547
3187.451907
3187.480635
3187.628085
3187.754523
3187.879348
3187.965798
3188.209937
3188.215477
3188.21857
3188.226013
3188.227307
3188.458614
3188.540837
3188.71588
3188.745444
3188.752559
3188.760555
3188.785014
3189.029941
3189.037092
3189.076403
3189.091307
3189.179174
3189.285771
3189.358439
3189.37219
3189.432311
3189.598559
3189.60691
3189.623499
3189.665888
3189.86113
3189.96706
3190.16492
3190.224378
3190.289248
3190.4205
3190.536178
3190.546924
3190.691852
3190.732499
3190.774624
3190.989586
3191.084314
3191.087092
3191.187436
3191.316164
3191.366599
3191.474949
3191.492579
3191.494587
3191.65727
3191.778121
3191.787791
3191.893794
3191.961143
3192.215713
3192.255247
3192.305325
3192.71723
3192.722983
3192.941407
3193.002546
3193.141062
3193.54467
3193.947319
3194.096697
3194.135777
3194.269345
3194.284171
3194.348477
3194.565308
3194.579223
3194.645344
3194.681831
3194.792207
3194.868375
3194.875403
3194.883962
3194.993004
3195.139681
3195.199175
3195.216835
3195.374902
3195.728378
3195.733819
3195.915132
3195.962191
3196.288986
3196.662924
3196.673915
3196.861328
3196.95391
3197.095419
3197.226565
3197.414319
3197.426134
3197.50922
3197.512833
3197.533134
3197.676752
3197.802423
3198.182422
3198.331813
3198.377596
3198.391624
3198.824392
3198.891959
3198.919122
3198.942711
3199.268549
3199.282204
3199.712989
3199.879773
3199.894696
3200.229468
3200.419609
3200.531446
3200.872063
3200.897589
3201.598224
3201.614103
3201.735223
3201.738847
3201.950271
3202.035699
3202.237996
3202.265361
3202.416123
3202.475474
3202.520581
3202.725673
3202.969154
3203.019159
3203.19616
3203.260863
3203.270858
3203.353809
3203.592032
3204.187104
3204.330263
3204.678803
3204.750239
3204.753589
3204.969276
3205.094064
3205.353862
3205.46547
3205.502027
3205.560432
3205.699958
3205.736274
3205.765026
3206.130142
3206.259885
3206.544737
3206.634687
3206.709666
3206.932236
3207.021024
3207.141297
3207.184143
3207.221919
3207.257818
3207.454485
3207.672467
3207.767932
3208.102771
3208.218821
3208.226069
3208.410329
3208.669123
3208.729095
3208.947574
3208.980021
3209.203195
3209.230119
3209.313372
3209.326196
3209.445953
3209.462235
3209.599152
3209.861721
3209.909798
3209.942667
3209.95036
3210.101981
3210.142111
3210.221043
3210.509525
3210.525991
3210.686535
3210.748113
3210.85892
3211.222916
3211.279378
3211.324063
3211.352606
3211.447688
3211.601819
3211.822601
3211.923569
3212.135669
3212.217625
3212.241974
3212.277042
3212.397188
3212.397706
3212.690749
3212.851871
3212.91567
3213.045894
3213.049724
3213.134008
3213.26768
3213.387373
3213.393039
3213.491687
3213.541479
3213.586493
3213.620457
3213.646594
3213.7259
3213.859443
3214.346327
3214.590537
3214.684171
3214.766808
3214.833032
3214.888515
3214.957754
3215.185268
3215.389429
3215.513128
3215.620346
3215.665321
3215.683986
3215.87834
3215.961004
3216.126422
3216.135714
3216.205419
3216.229795
3216.306406
3216.443778
3216.469324
3216.605318
3216.693936
3216.766872
3216.881301
3217.119931
3217.514777
3217.888245
3217.944774
3218.044136
3218.133212
3218.174714
3218.253238
3218.324006
3218.379741
3218.496821
3218.707875
3218.759234
3218.807146
3219.130684
3219.1926
3219.200598
3219.537909
3219.540822
3219.631146
3219.769518
3219.842288
3219.861125
3220.025864
3220.181378
3220.731855
3220.793626
3220.85169
3220.901274
3221.014571
3221.082839
3221.108924
3221.120672
3221.165938
3221.232874
3221.255105
3221.369631
3221.406117
3221.499957
3221.555039
3221.568226
3221.579995
3221.751808
3221.757664
3222.209926
3222.23928
3222.327997
3222.587389
3223.072859
3223.097477
3223.23695
3223.35348
3223.606578
3223.663608
3223.724142
3223.93555
3224.085477
3224.491665
3224.659019
3224.8319
3225.044595
3225.210512
3225.269931
3225.479997
3225.808698
3225.865206
3225.950002
3226.063136
3226.144309
3226.239966
3226.3297
3226.392284
3226.406699
3226.523483
3226.651633
3226.675532
3226.753302
3227.224602
3227.263056
3227.344257
3227.456445
3227.567069
3227.569224
3227.606041
3227.689878
3227.697792
3228.093784
3228.115684
3228.330678
3228.343282
3228.359107
3228.441478
3228.75554
3228.809514
3228.876329
3228.876507
3228.953588
3229.017002
3229.068355
3229.099877
3229.194919
3229.439313
3229.563368
3229.899209
3229.931536
3229.948529
3229.995776
3230.055982
3230.706859
3230.755088
3230.758302
3230.823958
3231.165189
3231.706822
3231.839105
3231.923427
3232.005429
3232.182006
3232.258729
3232.53149
3232.751941
3232.758306
3232.844101
3233.085035
3233.157583
3233.158186
3233.310961
3233.426929
3233.63675
3233.678031
3233.732195
3233.758327
3233.786905
3233.849485
3233.887125
3233.939351
3234.041296
3234.134788
3234.251533
3234.425623
3234.783277
3234.927651
3234.968627
3234.969026
3235.05547
3235.185798
3235.228412
3235.231905
3235.512637
3235.567344
3235.623822
3235.688423
3235.914971
3235.976021
3236.268355
3236.588733
3236.619657
3236.736632
3236.738529
3236.813104
3236.841799
3236.859587
3236.894348
3237.018184
3237.098298
3237.224207
3237.269161
3237.335494
3237.414105
3237.454235
3237.614438
3237.675897
3238.104975
3238.136529
3238.264936
3238.437434
3238.511362
3238.604574
3238.75562
3239.065974
3239.141572
3239.382726
3239.414988
3239.665187
3239.99852
3240.168431
3240.230414
3240.308802
3240.330354
3240.391257
3240.459278
3240.792827
3240.839524
3241.104442
3241.620282
3241.630655
3241.972652
3241.991704
3242.179078
3242.372172
3242.477664
3243.166016
3243.563767
3243.583193
3243.601832
3243.965953
3244.231719
3244.31944
3244.48547
3245.053369
3245.077601
3245.129467
3245.274371
3245.466528
3245.656358
3245.799441
3246.176485
3246.265862
3246.267032
3246.357886
3247.237564
3247.237629
3247.291484
3247.478613
3247.590629
3247.636351
3248.042063
3248.14233
3248.363296
3248.581394
3248.748806
3248.955078
3249.028828
3249.189312
3249.439807
3249.473733
3249.592971
3250.264028
3250.285197
3250.293672
3250.320948
3250.618226
3250.762459
3251.694939
3251.987482
3252.093702
3252.134635
3252.365406
3252.455968
3252.511992
3252.648996
3252.653592
3253.006806
3253.105834
3253.187654
3253.678796
3253.948961
3253.956742
3254.025218
3254.14236
3254.214394
3254.263403
3254.401604
3254.527084
3254.556489
3254.779487
3254.802503
3254.805823
3255.264323
3255.308298
3255.473595
3255.557076
3255.796784
3255.800931
3255.903167
3256.239215
3256.339439
3256.381416
3256.546107
3256.56297
3256.732165
3256.845273
3257.000744
3257.29381
3257.541526
3257.554244
3257.682512
3257.689034
3257.707606
3257.713532
3257.903498
3258.063266
3258.238912
3258.309706
3258.391056
3258.426532
3258.584316
3258.91981
3258.948842
3258.958054
3259.019757
3259.196795
3260.001169
3260.0459
3260.055137
3260.420817
3260.442222
3260.493137
3260.676962
3261.011693
3261.128169
3261.157767
3261.285676
3261.300521
3261.399315
3261.484719
3261.583057
3261.801704
3262.010916
3262.069829
3262.153482
3262.931884
3262.943343
3263.508063
3263.595566
3263.933064
3264.346981
3264.412005
3264.555664
3264.578078
3264.871518
3264.959353
3265.111273
3265.657672
3265.687915
3265.807657
3265.914101
3266.449689
3266.501795
3266.557342
3266.774448
3267.019467
3267.101568
3267.171505
3267.209758
3267.258056
3267.867458
3267.946766
3268.192475
3268.533031
3268.561131
3268.605543
3268.724237
3268.757667
3268.976336
3269.156179
3269.268929
3269.2844
3269.392793
3269.901831
3270.158323
3270.207522
3270.269894
3270.33898
3270.490001
3270.544831
3270.804229
3270.831687
3270.972514
3271.420397
3271.683751
3271.718179
3271.723974
3271.742283
3271.747735
3271.798042
3272.191763
3272.309357
3272.68835
3272.771892
3272.995373
3273.027158
3273.200431
3273.31051
3273.518816
3273.562412
3274.303778
3274.551375
3274.557476
3274.946654
3275.320523
3275.33239
3275.971801
3276.294758
3276.530752
3276.844662
3277.71829
3277.718502
3277.77451
3278.090528
3278.316269
3278.727897
3278.786463
3278.95327
3279.045019
3279.949418
3280.168747
3280.41143
3280.441209
3280.625559
3281.02679
3281.075962
3281.106368
3282.02934
3282.073243
3282.084837
3282.163263
3282.182742
3282.396283
3282.414454
3282.441499
3282.652601
3282.970776
3283.370911
3283.453639
3283.609021
3283.752494
3284.439326
3284.556661
3284.745373
3284.810408
3285.053404
3285.086778
3285.102267
3285.169189
3285.732046
3285.953623
3286.533021
3286.549615
3286.562178
3286.582616
3286.605023
3287.01341
3287.022846
3287.1068
3287.318467
3287.324699
3287.424101
3287.944519
3288.166643
3288.869989
3289.064568
3289.092663
3289.17096
3289.347791
3289.404669
3289.591937
3289.96672
3290.351047
3290.356684
3290.399391
3290.687428
3290.819899
3291.198988
3291.28458
3291.347547
3291.42872
3291.542566
3291.785008
3292.198637
3292.608645
3292.629051
3292.656397
3292.953889
3293.075218
3293.240425
3293.468039
3293.662344
3293.984559
3294.083139
3294.139947
3294.211131
3294.2322
3294.426055
3294.474055
3294.543313
3294.749027
3294.837913
3295.318698
3295.392434
3295.538412
3295.552815
3295.561861
3295.643878
3295.877103
3295.922126
3296.385116
3296.571072
3296.836301
3297.230573
3297.514509
3297.592962
3297.627247
3297.867164
3298.037067
3298.102729
3298.180764
3298.196481
3298.324145
3298.465115
3298.817081
3298.98112
3299.383588
3299.702361
3299.706061
3299.856066
3300.130576
3300.283771
3300.404641
3301.208354
3301.472501
3301.505826
3301.507172
3301.713311
3301.787351
3301.855395
3302.338808
3302.352191
3302.474336
3302.515219
3302.568638
3302.667556
3302.822037
3302.941657
3303.12339
3303.194511
3303.446169
3303.487281
3303.546863
3303.569777
3303.663043
3304.499657
3304.695546
3304.987396
3305.098836
3305.309918
3305.416312
3305.781457
3306.252006
3306.485673
3307.118365
3307.249948
3307.48098
3307.825268
3307.906617
3307.963587
3307.990397
3308.044863
3308.299677
3308.418059
3308.636844
3308.711773
3309.03809
3309.294695
3309.337895
3309.352625
3310.271618
3310.494769
3310.939566
3311.047377
3311.164645
3311.759494
3311.835122
3311.869326
3311.949422
3312.210821
3312.243333
3312.251962
3312.478079
3313.289977
3313.40844
3313.495496
3313.531174
3313.547247
3313.763015
3313.787053
3313.824813
3313.88482
3314.132253
3314.25553
3314.386384
3314.746895
3314.837364
3314.887622
3315.037591
3316.22025
3316.457296
3316.528513
3316.794492
3317.127227
3317.295658
3317.348361
3317.368668
3317.555936
3317.905836
3317.939769
3318.113886
3318.508427
3318.510889
3318.525752
3318.931572
3318.955258
3319.012674
3319.151717
3319.167213
3319.219799
3319.260096
3319.677055
3319.683779
3320.092071
3320.188766
3320.217969
3320.260383
3320.9982
3321.042659
3321.139674
3321.338508
3322.284162
3322.347314
3322.36846
3322.431523
3322.561677
3322.579997
3322.636062
3322.667025
3322.722854
3322.759997
3323.068232
3323.326533
3323.566458
3324.076378
3324.434245
3324.565399
3324.685335
3324.718929
3324.785949
3324.797362
3324.916693
3325.05716
3325.201654
3325.301238
3325.456303
3325.51707
3325.64404
3325.981128
3326.061279
3326.094509
3326.264257
3326.35313
3326.38241
3326.414336
3326.439439
3326.468991
3326.49814
3326.854355
3327.030754
3327.431483
3327.489535
3327.920924
3328.204938
3328.488366
3328.533649
3328.593702
3328.788441
3329.064912
3329.095036
3329.226002
3329.620225
3329.869066
3330.24569
3330.253777
3330.334381
3330.353302
3330.721553
3330.742819
3330.758649
3330.828999
3331.266191
3331.462607
3331.469901
3331.855202
3332.042784
3332.145718
3332.172295
3332.305424
3332.992697
3333.226893
3333.71241
3333.726922
3333.809259
3334.332945
3334.510285
3334.977102
3335.154413
3335.684875
3335.692479
3335.875
3336.041331
3336.622313
3336.798946
3337.032879
3337.160518
3337.259876
3337.273478
3337.321918
3337.743958
3338.025218
3338.112451
3338.255912
3338.501894
3339.34133
3339.37201
3339.660735
3339.919102
3340.033149
3340.281402
3340.785591
3341.211204
3341.41229
3341.430945
3341.458502
3341.589047
3341.847399
3341.899104
3342.072053
3342.110043
3342.223519
3342.440957
3342.651145
3342.744708
3342.864034
3343.160861
3343.278308
3343.358395
3343.477541
3343.496524
3343.789304
3343.845582
3343.946566
3344.34353
3344.550173
3344.880239
3344.980617
3345.441306
3345.573822
3345.628394
3345.948557
3346.13428
3346.326758
3346.362895
3346.491656
3346.504962
3347.397257
3347.431977
3347.782599
3348.023448
3348.231912
3348.689335
3348.76057
3349.07574
3349.232035
3349.28273
3349.295872
3349.39798
3349.647008
3349.75566
3350.212044
3350.260377
3350.389544
3350.868812
3350.970999
3351.173545
3351.239085
3351.250384
3351.283591
3351.731574
3351.770695
3351.851622
3352.25391
3352.437996
3353.055104
3353.202719
3353.229389
3353.416879
3353.680681
3353.90374
3354.381241
3355.237979
3355.316745
3355.5277
3355.55946
3355.681766
3356.06446
3356.202208
3356.30337
3356.380711
3356.626485
3356.756744
3356.868988
3356.987027
3357.435925
3357.549117
3357.699481
3357.927741
3358.157896
3358.188394
3358.404818
3358.588746
3358.722622
3358.722888
3358.750908
3359.55837
3359.658241
3359.675413
3359.880542
3359.932234
3360.580789
3360.722806
3360.845409
3361.016331
3361.063263
3361.187495
3361.701822
3361.718917
3361.740397
3361.850466
3362.176171
3362.42184
3362.642918
3362.838724
3362.993325
3363.034969
3363.522743
3363.6478
3363.652619
3363.823881
3363.968184
3364.108842
3364.113703
3364.356266
3365.429852
3365.856226
3366.091627
3366.280958
3366.327391
3366.363961
3366.424785
3366.669992
3366.830499
3367.20805
3367.557702
3367.7891
3368.026419
3368.083491
3368.284945
3368.348492
3368.424116
3368.623851
3368.775713
3368.784575
3368.803007
3369.131012
3369.766035
3370.287847
3370.35926
3370.37744
3370.526889
3370.536738
3370.707269
3370.98724
3371.44766
3371.535391
3371.543655
3371.548288
3371.570289
3371.577076
3371.60409
3371.887375
3371.915667
3371.944879
3372.471542
3372.575965
3372.602554
3372.618897
3372.620126
3372.739381
3372.856334
3372.866144
3373.033328
3373.166083
3373.725637
3373.823376
3373.870656
3375.133015
3375.251569
3375.944259
3376.337509
3376.479133
3376.572422
3376.750896
3376.965547
3377.008403
3377.094341
3377.389607
3377.448368
3377.660226
3377.75274
3378.134603
3378.498156
3378.69874
3378.757711
3378.76443
3378.787259
3378.814669
3378.856446
3378.857774
3379.341859
3379.415214
3379.46313
3379.708564
3379.760561
3379.899994
3380.159491
3380.212705
3380.45531
3380.879256
3380.89024
3381.098497
3381.447715
3381.817889
3382.282992
3382.351214
3382.524685
3382.7395
3383.076745
3383.206246
3383.33063
3383.396693
3383.536917
3383.795415
3383.842682
3384.666844
3384.781259
3384.817255
3384.82119
3384.878544
3385.071932
3385.376906
3385.419232
3385.499069
3385.682928
3385.747225
3385.80524
3385.938224
3386.067793
3386.177229
3386.312824
3386.376089
3386.490304
3386.497332
3386.790671
3386.836015
3387.300484
3387.362274
3387.589939
3387.648169
3387.830565
3387.844756
3387.959385
3388.00448
3388.075154
3388.629436
3388.74208
3388.778425
3388.812662
3389.001651
3389.889226
3390.044123
3390.355472
3390.406509
3390.696244
3391.343159
3391.416443
3391.516022
3391.910823
3391.975431
3392.17817
3392.416907
3392.497042
3393.320746
3393.321762
3393.365416
3393.407534
3393.680532
3394.226639
3394.239808
3394.399757
3394.553158
3394.776029
3394.927421
3394.939219
3394.947463
3394.954897
3395.114338
3395.410426
3395.656798
3395.823729
3395.846636
3396.006751
3396.18784
3396.574494
3396.708471
3397.027492
3397.075123
3397.181007
3397.181805
3397.788621
3398.123084
3398.508296
3398.561303
3399.13096
3399.231483
3399.355964
3399.701174
3399.795985
3400.52618
3400.617758
3400.724508
3401.030452
3401.093131
3401.211486
3401.699946
3401.76079
3401.786935
3401.958649
3402.232773
3402.334785
3402.336926
3402.420626
3402.517557
3402.692872
3402.739772
3403.022794
3403.336371
3403.462852
3403.524395
3403.58937
3403.814882
3403.966506
3404.001501
3404.348678
3404.538212
3404.545262
3404.662582
3404.720221
3404.975658
3405.15291
3405.55387
3405.58375
3405.632023
3405.675173
3405.84227
3406.169257
3406.209701
3407.746606
3408.022424
3408.120445
3408.153236
3408.345574
3409.037809
3409.294665
3409.427405
3409.509836
3409.560852
3409.725923
3409.782986
3409.940631
3410.042601
3410.203379
3410.22902
3410.735725
3411.141234
3411.248655
3411.637036
3411.711842
3411.861152
3411.94406
3412.064249
3412.125266
3412.18562
3412.268291
3412.322555
3412.584227
3412.633611
3412.709464
3412.715179
3412.770146
3412.973305
3413.269419
3413.329035
3413.384555
3413.491646
3413.653916
3414.01148
3414.280693
3414.378131
3414.445286
3414.481574
3414.571884
3414.5907
3414.666637
3414.672764
3414.739495
3415.424557
3415.625567
3416.149906
3416.509417
3416.516019
3416.68372
3416.992708
3416.999068
3417.108482
3417.791137
3417.868977
3417.91846
3417.996844
3418.081253
3418.154516
3418.425588
3418.76234
3419.087846
3419.136398
3420.361045
3420.790058
3420.918766
3421.155505
3421.279374
3421.98182
3422.01521
3422.106883
3422.296974
3422.650946
3422.676169
3423.178268
3423.189119
3423.245397
3423.254117
3423.760355
3423.834408
3424.033524
3424.180927
3424.530192
3424.533641
3424.53572
3424.80342
3425.069071
3425.154396
3425.195394
3425.217331
3425.223555
3425.231752
3425.496268
3425.502445
3425.569242
3425.830416
3425.974096
3426.107934
3426.537683
3426.682263
3426.969026
3427.047687
3427.451368
3427.594779
3427.7141
3427.883027
3429.039743
3429.162981
3429.344579
3429.374073
3429.467563
3429.510345
3429.642595
3430.108107
3430.1578
3430.244276
3430.312362
3430.834057
3430.958646
3430.989313
3431.156797
3431.565241
3431.691181
3431.760123
3431.854349
3431.998223
3432.203032
3432.256658
3432.29085
3432.723491
3432.934631
3432.940088
3432.972549
3432.979159
3433.361693
3433.398265
3434.049499
3434.272139
3434.287777
3434.497275
3434.619422
3434.626444
3434.652138
3434.765438
3434.904879
3434.952054
3435.141612
3435.192039
3435.409099
3435.924106
3437.110644
3437.387477
3437.499925
3437.961396
3437.978403
3437.991269
3438.333358
3438.529448
3439.022285
3439.046264
3439.642583
3440.400403
3440.466737
3440.54986
3440.625403
3440.827624
3440.827697
3440.839854
3440.963931
3441.005265
3441.054706
3441.302608
3441.420077
3441.45481
3441.848457
3442.137677
3442.195096
3442.547167
3442.894
3443.133249
3443.491283
3443.521484
3443.593727
3443.751836
3443.805167
3444.107629
3444.203584
3444.41422
3444.414787
3444.685983
3444.707832
3445.39076
3445.87109
3446.511281
3446.995211
3447.471646
3447.519225
3447.544863
3447.562934
3447.600492
3447.783806
3447.873965
3448.097021
3448.130542
3448.250627
3448.837588
3449.051034
3449.184628
3449.69516
3449.886345
3449.979544
3450.055983
3450.391122
3450.766102
3451.177187
3451.917868
3452.126333
3452.367226
3452.369244
3452.597856
3453.116829
3453.159148
3453.362385
3453.790849
3454.010205
3454.331678
3454.36184
3454.388703
3454.826678
3454.865668
3454.873315
3454.934581
3455.082209
3455.183751
3455.364298
3455.382552
3455.450549
3455.856695
3455.85851
3456.170743
3456.888205
3456.988643
3457.008778
3457.08077
3457.092961
3457.108018
3457.219063
3457.328339
3457.366901
3457.56644
3458.129705
3458.255272
3458.382905
3458.426965
3458.627669
3458.681704
3458.773624
3459.425933
3459.56132
3459.600985
3459.893039
3460.149142
3460.96702
3461.192812
3461.295131
3461.50772
3461.891269
3461.969053
3461.974893
3462.017659
3462.040684
3462.049336
3462.505914
3462.692669
3462.738206
3462.811774
3462.915298
3463.006497
3463.69537
3464.237361
3464.618134
3465.170401
3465.230147
3465.373995
3466.387188
3466.648729
3466.764778
3466.948764
3467.05212
3467.074127
3467.644603
3467.735377
3468.05929
3468.174279
3468.471399
3468.768764
3468.98839
3469.167383
3469.283031
3469.311713
3469.581271
3469.663322
3470.051227
3470.095981
3470.657477
3470.734214
3470.94058
3471.338004
3471.530236
3471.734152
3471.926132
3472.084258
3472.226266
3472.288546
3472.415766
3472.475746
3472.562903
3472.912597
3472.977779
3473.121844
3473.151954
3473.983734
3474.317242
3474.348172
3474.364153
3474.425343
3474.458727
3474.567058
3474.613053
3474.719732
3475.058671
3475.472299
3475.531977
3476.196191
3476.218194
3476.393189
3476.665691
3476.698617
3476.814514
3477.349268
3477.698622
3477.834963
3477.855905
3477.878128
3478.221126
3478.264892
3478.453353
3478.792072
3478.88328
3479.889562
3480.433463
3480.491611
3480.586146
3481.201047
3481.56383
3481.688544
3482.396387
3483.572912
3483.578176
3483.586035
3484.318388
3484.774593
3484.804838
3485.085665
3485.126704
3485.578658
3485.72287
3486.012818
3486.478217
3486.677384
3486.849708
3487.013844
3487.362523
3487.789746
3488.635415
3488.739101
3489.126757
3489.258524
3490.274195
3490.985733
3492.077026
3492.29689
3493.120477
3493.195832
3493.248572
3493.382148
3493.708683
3493.762933
3494.388326
3494.515266
3494.713153
3494.772131
3494.824595
3494.852829
3495.718533
3495.770264
3496.076607
3496.25838
3496.471738
3496.576294
3496.749935
3496.880545
3497.578374
3497.949805
3498.311023
3498.351541
3498.736146
3498.873141
3498.935557
3499.040007
3499.55727
3499.882786
3499.949076
3500.312265
3500.398607
3500.45934
3501.535408
3501.700414
3501.77426
3501.907508
3502.033729
3502.24562
3502.264283
3503.77823
3503.836105
3504.591592
3504.595952
3505.184115
3505.5294
3505.809263
3505.83274
3506.213488
3506.28443
3506.383423
3506.502878
3506.68333
3506.981631
3507.04112
3507.347284
3507.411008
3507.439486
3507.660479
3507.663082
3507.743677
3507.77961
3507.872887
3508.186778
3508.63062
3508.668263
3509.094655
3509.338658
3509.4522
3509.522844
3509.574676
3509.71879
3510.518422
3510.619214
3511.032871
3512.340653
3512.635841
3512.778135
3513.259197
3513.426348
3513.771633
3514.543377
3515.173471
3515.177645
3515.586987
3515.737225
3515.872319
3516.031233
3516.284987
3516.378491
3516.455256
3516.709728
3516.833904
3516.837434
3517.347592
3517.587318
3517.737928
3517.808609
3517.997165
3518.102258
3518.465353
3519.819274
3520.002128
3520.187816
3520.331881
3521.077809
3521.238431
3521.304363
3521.542217
3521.899798
3522.329655
3523.053327
3523.25752
3523.432029
3523.996068
3524.119396
3524.834716
3524.867057
3525.153714
3525.158646
3525.550828
3525.960939
3526.079484
3526.27233
3526.452577
3527.186798
3527.544222
3527.72215
3528.072575
3528.227505
3528.770794
3528.893593
3528.8967
3529.514877
3529.781829
3530.061451
3530.276792
3530.318987
3530.491517
3530.8271
3530.945658
3531.080974
3531.22489
3531.363653
3531.42736
3531.525299
3532.624712
3532.668505
3532.857864
3532.889053
3533.589577
3533.623334
3533.698979
3533.822915
3533.857215
3534.098819
3534.513222
3534.631997
3534.710049
3535.305076
3535.446787
3535.561568
3535.576247
3536.378592
3536.514285
3536.581161
3536.607944
3536.6852
3536.769374
3536.797008
3537.400643
3538.029375
3538.093327
3539.135183
3539.178814
3539.2438
3541.236907
3541.327588
3541.625586
3541.692633
3541.872708
3541.901935
3541.935216
3542.236672
3542.26703
3542.418717
3542.560884
3543.359636
3543.568045
3544.005358
3544.73679
3544.895916
3545.010228
3545.051557
3545.276192
3545.600818
3545.786913
3545.799182
3546.306727
3546.458063
3546.46238
3546.624684
3546.652624
3546.873694
3546.885013
3547.167386
3547.542694
3547.655445
3547.739222
3548.08431
3548.424542
3548.543354
3548.779257
3549.052193
3549.064707
3549.065333
3549.093306
3549.446477
3549.520836
3550.054471
3550.351223
3550.578537
3550.645003
3550.665276
3550.803654
3551.165146
3551.292614
3551.320174
3551.863027
3551.981749
3552.71951
3552.84223
3552.895633
3552.948911
3553.053057
3553.313655
3553.314775
3553.344096
3553.522684
3553.567863
3553.734128
3553.937298
3554.195047
3554.210608
3554.544929
3554.777039
3554.797551
3554.875351
3555.295276
3555.41275
3555.551903
3555.720483
3555.937414
3556.033499
3556.087698
3556.183885
3556.380048
3556.787211
3556.811368
3556.891594
3556.982347
3557.175123
3557.233727
3557.406512
3557.78083
3558.371458
3558.424112
3559.202583
3559.276618
3559.744282
3559.751559
3559.846476
3560.020282
3560.19503
3560.227327
3560.235412
3560.361973
3560.864236
3561.369238
3561.681369
3562.046944
3562.335314
3562.622218
3563.196467
3563.568316
3563.579494
3564.321963
3564.498688
3565.202512
3565.21011
3565.283176
3565.480665
3565.856703
3566.169123
3566.572553
3566.642629
3567.064927
3567.314078
3567.504619
3567.547052
3567.589389
3567.679547
3567.778617
3567.869207
3567.945958
3568.139495
3568.352534
3568.563665
3568.639437
3568.962297
3569.280117
3570.012524
3570.224395
3570.232239
3570.234432
3570.387398
3570.54769
3571.265946
3571.285372
3571.771293
3571.832401
3571.898643
3572.213104
3572.287794
3572.47312
3572.812951
3573.147712
3573.180346
3573.295421
3573.464614
3573.791356
3574.184881
3574.241123
3574.277864
3574.313476
3574.452152
3574.673485
3575.307876
3576.182104
3576.299891
3576.404994
3576.885188
3578.273747
3578.814932
3578.898065
3579.110357
3579.211008
3579.368037
3579.411593
3579.511786
3579.921094
3580.553935
3580.614588
3580.844546
3581.060603
3581.869556
3582.095928
3582.233921
3582.39925
3584.047633
3584.311135
3584.54901
3584.874789
3585.16367
3585.631223
3585.692868
3585.940387
3586.33614
3586.341787
3586.354073
3586.651139
3587.026501
3587.050812
3587.116611
3587.485733
3587.556818
3588.297086
3589.335208
3589.475461
3589.537438
3590.030569
3590.068088
3590.95837
3591.141294
3591.243837
3591.953394
3592.017588
3593.607874
3593.696024
3594.097785
3594.330991
3594.458708
3594.733795
3594.881193
3594.91575
3595.826893
3595.875543
3596.392518
3596.934055
3597.149863
3597.492858
3598.510539
3598.602399
3598.73963
3599.557533
3600.612748
3600.961443
3601.304836
3601.417377
3601.83755
3602.784716
3603.515179
3603.766777
3603.944858
3604.183423
3604.271339
3604.395768
3604.633274
3604.932435
3605.373345
3605.651348
3605.669324
3605.71393
3605.762805
3606.00693
3607.970668
3608.138417
3608.656027
3608.861784
3608.870591
3609.179694
3609.281259
3609.369349
3609.447886
3609.933157
3610.016199
3610.037229
3610.613235
3611.093801
3611.781096
3611.912561
3612.056788
3612.436365
3613.306062
3613.50581
3613.616936
3613.720037
3614.077275
3614.094526
3614.146573
3614.594281
3615.053725
3615.246616
3615.454896
3615.733721
3616.342045
3616.945335
3617.068185
3617.336677
3618.210694
3618.539966
3618.620852
3618.637848
3618.733475
3618.764649
3618.840914
3618.913446
3619.816647
3620.066883
3620.150216
3620.186987
3620.474284
3620.480436
3620.900315
3620.934966
3621.312196
3622.262574
3622.858916
3623.240742
3623.241018
3624.2072
3624.549817
3625.648134
3625.923555
3626.040807
3626.198566
3626.26657
3626.351404
3627.159883
3627.240837
3627.346908
3627.459314
3629.775697
3629.779088
3629.843577
3629.871878
3630.348084
3630.440805
3631.256467
3631.289221
3631.973488
3632.08125
3632.734009
3632.78105
3634.037362
3635.032884
3635.443325
3636.002259
3636.508945
3636.992314
3637.69645
3638.32735
3638.357549
3638.419516
3639.483683
3640.297806
3640.435167
3640.809089
3642.782566
3642.850262
3643.869255
3643.902142
3645.337215
3646.482455
3648.122319
3648.763423
3648.816943
3649.583701
3649.954715
3650.335735
3651.109532
3651.229937
3651.716365
3651.917578
3652.071122
3652.080136
3652.275172
3653.499219
3654.658056
3654.79799
3655.260253
3655.41736
3655.760731
3656.503894
3658.103595
3658.342022
3658.357072
3658.829354
3658.850217
3659.120035
3659.368838
3659.959826
3660.33585
3660.354343
3660.672022
3661.354399
3661.640829
3661.778339
3661.837301
3662.099024
3662.113105
3662.350049
3662.907333
3663.792686
3664.227862
3664.283931
3665.258996
3665.82452
3666.213771
3666.340376
3667.391889
3667.661775
3668.46387
3668.546021
3668.837883
3669.469712
3669.944153
3670.018537
3670.181865
3671.00654
3671.632388
3671.738886
3671.85532
3672.470025
3672.701989
3672.902662
3673.69998
3673.925758
3674.974663
3675.036184
3675.38578
3675.541717
3675.934434
3676.361883
3676.584324
3676.641772
3676.757016
3676.994508
3677.027075
3677.410023
3677.678027
3677.89731
3678.08236
3678.548197
3678.940931
3679.180487
3679.82409
3680.775158
3680.906121
3681.113974
3681.602532
3682.137065
3682.490969
3682.500829
3682.863184
3683.530287
3684.141657
3684.429816
3684.530703
3685.006013
3685.106157
3685.151466
3685.188389
3685.851331
3685.92998
3686.035818
3686.169064
3687.691777
3688.435323
3688.771306
3689.015997
3689.186875
3689.218206
3690.07311
3690.209286
3690.982653
3691.014875
3691.406835
3691.638886
3692.027675
3692.546348
3693.132477
3693.564888
3693.869384
3694.406893
3694.611113
3695.31981
3695.433328
3695.547838
3695.81984
3696.063883
3696.526341
3697.389631
3697.477785
3697.573271
3697.575762
3699.432435
3699.602715
3699.851569
3700.188407
3700.540742
3701.030204
3702.096822
3702.108601
3702.420742
3702.50673
3703.013087
3703.595078
3705.062979
3705.260295
3705.619248
3705.731023
3705.907532
3705.950513
3706.306482
3706.374806
3706.548351
3706.663516
3706.973228
3707.678838
3707.903346
3708.443968
3708.620702
3708.72748
3709.620908
3710.070891
3710.507764
3710.762036
3711.269472
3711.681231
3711.697539
3711.790068
3711.852115
3713.092119
3713.301475
3714.284961
3714.600073
3714.820675
3715.05482
3715.342258
3715.374032
3715.830067
3715.969399
3716.255824
3716.692976
3718.196878
3718.628174
3718.672923
3719.421679
3719.695065
3719.988729
3720.179046
3720.204966
3720.753959
3721.031727
3721.041599
3721.767918
3722.003065
3722.032835
3722.136574
3723.057485
3723.138815
3723.376066
3723.387112
3723.49813
3724.954014
3725.569851
3725.957432
3726.122619
3726.58435
3728.091749
3729.100253
3729.74207
3730.79162
3731.283797
3731.774307
3732.063211
3732.129928
3732.151024
3732.456758
3733.235823
3733.260258
3733.345671
3733.407951
3733.612523
3734.091223
3734.18726
3734.903317
3735.27739
3735.385037
3735.759759
3735.909835
3737.061039
3737.07249
3737.764292
3738.601753
3738.607156
3739.214123
3740.5718
3741.669931
3742.359875
3742.546294
3745.396194
3745.470303
3745.607079
3745.646849
3746.768283
3747.258378
3747.886196
3748.064889
3748.625215
3748.713198
3748.884474
3749.082021
3749.192035
3749.649003
3751.834918
3752.102045
3752.957031
3755.005765
3755.169556
3755.271296
3755.602907
3756.116394
3757.155135
3758.008469
3758.246564
3758.506051
3759.457401
3759.877934
3760.41681
3760.88551
3761.249069
3761.494852
3761.584335
3762.909667
3762.976356
3762.983043
3764.587258
3764.887091
3765.117576
3766.34717
3766.744096
3767.557747
3767.685922
3768.128974
3769.348617
3769.59637
3771.392445
3771.394337
3771.608404
3771.7661
3772.518091
3776.143415
3776.56424
3777.1705
3777.422586
3777.582099
3777.730169
3778.291296
3778.337306
3778.597287
3779.07465
3779.34796
3780.503472
3780.521464
3780.591945
3781.168466
3782.462731
3782.579501
3782.722421
3782.949641
3783.424214
3783.603215
3783.684892
3783.840123
3785.01032
3785.600709
3785.648702
3786.822217
3787.197167
3788.808268
3788.81478
3789.817003
3790.393589
3791.128308
3791.849465
3792.641652
3793.54601
3793.643763
3795.134544
3795.678569
3796.645567
3797.064544
3797.341031
3799.259866
3799.406472
3800.279524
3800.405524
3800.412556
3800.718879
3801.074065
3801.370666
3801.90224
3801.995238
3802.438896
3802.63388
3802.878323
3804.014741
3804.271212
3804.766827
3805.843739
3806.229532
3806.763687
3808.00936
3808.141538
3810.270011
3810.28347
3810.33202
3810.929334
3810.944646
3811.218713
3811.595539
3814.151649
3814.540764
3814.827533
3815.565952
3816.507311
3816.848287
3816.958494
3817.006395
3817.048691
3817.475028
3818.342786
3818.869836
3819.804615
3820.75555
3820.974995
3821.329166
3821.450649
3821.608919
3822.090324
3823.0467
3823.513127
3823.646338
3824.161629
3824.359188
3824.725515
3825.502738
3826.149027
3826.78498
3827.146336
3828.991263
3829.288486
3829.487888
3829.781125
3829.824658
3830.155937
3830.351622
3830.490891
3831.081881
3831.172194
3831.241554
3831.511842
3831.973507
3834.771818
3835.953582
3837.93282
3838.654727
3838.834725
3839.891759
3840.448691
3840.514914
3841.051781
3841.59831
3841.747949
3842.026844
3842.217672
3842.445306
3843.085024
3843.258215
3843.363797
3843.756699
3843.841689
3844.04323
3844.56122
3844.701543
3845.097699
3845.871982
3847.233991
3847.290276
3847.473543
3847.524533
3848.459854
3848.753124
3849.166015
3849.400953
3850.116929
3851.727241
3851.984351
3853.494147
3854.19437
3854.256783
3854.330952
3854.376263
3854.752233
3856.919877
3858.801712
3860.573144
3860.797946
3861.248492
3863.572336
3865.022845
3865.41443
3865.796753
3866.025944
3866.262377
3868.090015
3868.618678
3869.539387
3869.683933
3870.127959
3871.036329
3871.184176
3873.267874
3873.397134
3873.436194
3873.822372
3874.032522
3874.354172
3874.834913
3875.633365
3875.867887
3877.380499
3877.509884
3877.510158
3877.692738
3878.440346
3883.192271
3883.474856
3883.790359
3884.452235
3885.739123
3886.477604
3886.752504
3887.187529
3888.214406
3889.695887
3889.966951
3890.595224
3890.858686
3890.86713
3891.619234
3893.95023
3894.056675
3894.234287
3894.898209
3895.507693
3895.770296
3895.999883
3896.396638
3896.403201
3897.059505
3897.119438
3900.577672
3901.822036
3902.19939
3902.199451
3902.378872
3903.143262
3903.967295
3904.697235
3905.827484
3905.914068
3908.236695
3908.688014
3909.599762
3913.596144
3914.143451
3915.835755
3916.481034
3916.531746
3917.340295
3917.525607
3917.890576
3918.121318
3918.965246
3919.056747
3919.439709
3919.625081
3920.024246
3920.186674
3922.032633
3923.604567
3923.610104
3924.495776
3924.968996
3925.556299
3925.636319
3926.796548
3927.38558
3928.606271
3930.62529
3930.929514
3931.342976
3934.317042
3934.459267
3934.904102
3935.264063
3936.199593
3937.531081
3938.258674
3941.76789
3941.828241
3943.109077
3944.064775
3944.909122
3946.850405
3948.805949
3949.107808
3949.892374
3950.885857
3951.742293
3951.961235
3952.351159
3952.96399
3953.553167
3953.649653
3954.512065
3955.275954
3955.97054
3956.502286
3957.036593
3958.078855
3959.884929
3960.610349
3962.613949
3962.749678
3962.910754
3966.393138
3967.189282
3970.570467
3970.610687
3972.478744
3976.614506
3977.264624
3978.333838
3978.482784
3979.138684
3979.876944
3980.103939
3981.411113
3982.159852
3983.036134
3984.976813
3985.343479
3986.464077
3988.079775
3989.658173
3991.548976
3991.588346
3991.821234
3995.002153
3995.189523
3995.987156
3996.493082
3998.423363
3999.127377
3999.65902
4003.599368
4007.073003
4007.412053
4007.460428
4008.539807
4011.121109
4011.484142
4015.021232
4017.340572
4018.244814
4018.461741
4022.086572
4022.546533
4024.145176
4024.77397
4026.690333
4027.167672
4028.097054
4031.492256
4034.949561
4035.360038
4035.388978
4035.704067
4036.247911
4036.614166
4037.185563
4037.649093
4038.027603
4044.183767
4047.763799
4047.869922
4048.599478
4050.551454
4050.971139
4057.287256
4057.834719
4060.827541
4064.231122
4065.811333
4067.687306
4069.353882
4069.834303
4073.841123
4074.15163
4077.110388
4077.612192
4078.453175
4080.166809
4081.016763
4084.265518
4085.815327
4088.108215
4089.316679
4090.139708
4107.689926
4116.084868
4119.479468
4125.737599
4131.590457
4138.911898
4158.930149
4164.515468
4166.479174
4173.489833
4218.126107
4222.345694
4232.75589
4244.210805
4244.518877
4264.277673
4313.154212
4381.292666
4415.304668
4455.136676
4497.368108
4519.955303
4535.216796
4577.232076
4798.236466
4829.213256
4872.863008
4947.665116
4967.681566
6060.771906
6705.030647
7025.358308
7204.939532
