244.587501
250.498718
251.391165
254.829062
256.426138
261.250153
275.419673
283.884914
289.52848
290.975494
291.968865
292.820144
293.757997
294.407244
295.072553
295.684193
295.880969
295.898181
296.141837
296.297954
297.994668
298.251937
299.061241
299.155746
299.169675
299.277863
299.333994
299.635074
299.914715
300.510745
300.569704
300.759483
301.023578
301.075189
301.455821
301.461847
301.64787
302.105551
302.12439
302.310982
302.320804
302.372557
302.385737
302.503295
302.556065
302.564565
302.631508
302.649359
303.217691
303.271888
303.436307
303.585881
303.78446
303.813335
303.859918
303.908133
304.016453
304.022765
304.36233
304.367283
304.397062
304.462726
304.653313
304.953204
304.953602
305.006117
305.008994
305.08632
305.093934
305.185674
305.239932
305.280259
305.382231
305.443255
305.58658
305.716249
305.776686
305.840746
305.852526
305.865572
306.023073
306.046485
306.092689
306.138014
306.170393
306.268228
306.30874
306.402649
306.463091
306.507174
306.545153
306.575779
306.620492
306.622846
306.861013
306.887059
306.939834
306.95607
307.371446
307.398085
307.429478
307.478249
307.511531
307.523086
307.644957
307.715817
307.723783
307.778239
307.951513
307.955859
307.961247
307.973455
307.990585
308.013993
308.128268
308.133918
308.186082
308.227305
308.301638
308.329815
308.334703
308.350318
308.416313
308.433004
308.442401
308.444729
308.457578
308.459083
308.464656
308.501147
308.559522
308.56544
308.595129
308.595336
308.609955
308.644511
308.662177
308.66319
308.76137
308.853053
308.879994
308.999533
309.065277
309.145135
309.226795
309.231063
309.247424
309.249231
309.263649
309.324612
309.385619
309.517427
309.562167
309.564012
309.575774
309.587246
309.68556
309.690585
309.692646
309.694235
309.735866
309.954109
309.979339
309.981031
309.992025
310.037342
310.054717
310.188993
310.267905
310.311198
310.321066
310.354809
310.373166
310.374935
310.386261
310.390959
310.50564
310.50695
310.574466
310.585809
310.596828
310.603759
310.634612
310.653104
310.669418
310.682754
310.711456
310.765696
310.775843
310.822294
310.837101
310.87807
310.894553
310.895205
310.906401
310.923371
310.936916
310.962324
310.969357
311.006467
311.010353
311.022061
311.030111
311.056207
311.09677
311.101774
311.108127
311.125216
311.143158
311.143168
311.145263
311.159995
311.166541
311.19307
311.194354
311.211154
311.221616
311.235688
311.259222
311.284985
311.289474
311.341222
311.346389
311.400448
311.40362
311.433561
311.453468
311.510158
311.565708
311.620891
311.630609
311.633251
311.637065
311.744448
311.774135
311.774566
311.795309
311.883015
311.897063
311.897853
311.922034
311.936388
311.944058
312.007853
312.018402
312.029678
312.06865
312.078219
312.093037
312.103786
312.115682
312.153058
312.203891
312.21161
312.274814
312.318409
312.318738
312.338972
312.369877
312.383534
312.408413
312.411122
312.434539
312.43455
312.440663
312.480644
312.482483
312.508181
312.546124
312.555503
312.573801
312.603573
312.626668
312.653382
312.674891
312.676611
312.678381
312.682151
312.698743
312.721659
312.731489
312.733985
312.736716
312.758697
312.770473
312.827799
312.829072
312.839514
312.849304
312.876813
312.933703
312.959333
312.96171
312.964448
312.971887
312.972252
312.999256
313.049263
313.067434
313.06843
313.07789
313.102602
313.105139
313.142478
313.184588
313.201103
313.209826
313.253103
313.2669
313.275442
313.337241
313.341147
313.361591
313.376762
313.41329
313.514721
313.530482
313.562397
313.567496
313.575816
313.582701
313.583684
313.589855
313.649781
313.682262
313.684763
313.705328
313.711131
313.716181
313.727738
313.734307
313.744898
313.757709
313.762942
313.790331
313.806913
313.818899
313.821589
313.863226
313.869215
313.895829
313.898991
313.905117
313.939391
313.95471
313.974482
313.993094
314.000816
314.015858
314.021266
314.03272
314.093122
314.135882
314.137585
314.164106
314.164231
314.166151
314.189142
314.197209
314.210866
314.213281
314.226546
314.243674
314.249722
314.322571
314.33412
314.344505
314.359909
314.395804
314.397354
314.426746
314.432496
314.446655
314.457024
314.472739
314.478067
314.486576
314.488918
314.500998
314.5523
314.557514
314.558136
314.60672
314.617144
314.629225
314.639305
314.645209
314.653237
314.682416
314.687747
314.692522
314.765988
314.766719
314.823096
314.825448
314.836505
314.859609
314.873819
314.892866
314.964254
314.979988
314.982655
315.011581
315.028873
315.052961
315.068568
315.163022
315.174581
315.180406
315.201054
315.250307
315.250361
315.258785
315.26689
315.282021
315.288821
315.300446
315.315393
315.32086
315.344299
315.344334
315.354765
315.35827
315.372814
315.394732
315.394773
315.405574
315.44381
315.455542
315.457018
315.469379
315.472702
315.506355
315.515918
315.532376
315.555259
315.55713
315.584355
315.591896
315.599937
315.60555
315.620184
315.630173
315.666145
315.687932
315.698321
315.702039
315.733413
315.757207
315.757328
315.761141
315.763752
315.765841
315.77847
315.783372
315.815088
315.86639
315.921419
315.950482
315.969493
315.972486
315.984364
315.987603
316.015087
316.055874
316.06236
316.082039
316.126156
316.153968
316.166955
316.188109
316.191715
316.206874
316.217158
316.222283
316.232534
316.340922
316.362856
316.367246
316.368985
316.37937
316.389557
316.391337
316.393501
316.40409
316.410442
316.430029
316.435328
316.443563
316.490156
316.520274
316.525094
316.537304
316.543674
316.565094
316.595972
316.619464
316.682005
316.735728
316.739653
316.745089
316.746782
316.771548
316.778039
316.780452
316.782978
316.789404
316.801803
316.841338
316.842965
316.893768
316.901215
316.90939
316.931471
316.932894
316.937627
316.95054
316.973144
317.007333
317.035825
317.055395
317.075204
317.075861
317.107179
317.12606
317.133203
317.139341
317.140646
317.144359
317.160984
317.174785
317.182013
317.184773
317.19084
317.234513
317.258378
317.260853
317.26138
317.26915
317.290369
317.308829
317.315307
317.317297
317.335479
317.371278
317.376154
317.392094
317.394717
317.428965
317.429641
317.434542
317.440295
317.469197
317.475728
317.500097
317.588142
317.621246
317.621927
317.624611
317.628211
317.66686
317.677723
317.691457
317.69344
317.716602
317.728819
317.762594
317.781929
317.78521
317.794126
317.79491
317.838498
317.847225
317.862218
317.870566
317.878798
317.908219
317.936748
317.94067
317.949895
317.951259
317.961134
317.96504
317.978114
317.99555
318.066112
318.066192
318.069939
318.078483
318.092476
318.1038
318.116458
318.137406
318.148176
318.156637
318.158426
318.172468
318.185519
318.199166
318.260366
318.263577
318.275362
318.287162
318.288089
318.295498
318.325486
318.328146
318.345118
318.348935
318.36768
318.370874
318.384134
318.388628
318.397806
318.399417
318.427138
318.449051
318.492041
318.494504
318.495052
318.496069
318.564105
318.567152
318.585618
318.591453
318.59912
318.623654
318.625428
318.661809
318.670354
318.686094
318.699196
318.709149
318.714433
318.721698
318.726799
318.73469
318.771539
318.835465
318.863401
318.887856
318.905212
318.908325
318.931564
318.937585
318.939156
318.958538
318.961781
318.966635
318.970437
318.994403
319.019213
319.024396
319.028623
319.033295
319.045086
319.061136
319.061244
319.092617
319.100492
319.114679
319.137996
319.174224
319.181467
319.209688
319.219492
319.23491
319.243907
319.26873
319.287189
319.289673
319.299297
319.299819
319.306774
319.32635
319.330304
319.339841
319.354474
319.357838
319.409544
319.418745
319.441531
319.445447
319.453044
319.453596
319.465441
319.48094
319.496996
319.509584
319.53047
319.551678
319.563298
319.575238
319.602901
319.610574
319.623771
319.640427
319.641418
319.649007
319.654699
319.661124
319.6669
319.718491
319.722962
319.75725
319.782533
319.854659
319.880498
319.891022
319.892101
319.909131
319.91181
319.913483
319.934576
319.947812
319.952315
319.978067
319.985586
319.988153
320.005737
320.022786
320.036374
320.043757
320.044074
320.055512
320.059856
320.077877
320.080478
320.083096
320.161338
320.176905
320.180962
320.212846
320.223904
320.229748
320.245867
320.254791
320.255593
320.259956
320.261532
320.282883
320.285079
320.296628
320.303218
320.330527
320.332077
320.397914
320.407505
320.414486
320.415408
320.424766
320.439381
320.448214
320.474414
320.476532
320.486195
320.491077
320.491924
320.49463
320.496159
320.497719
320.514027
320.516821
320.52699
320.531721
320.546473
320.553043
320.585871
320.618366
320.619044
320.631669
320.639516
320.639982
320.659357
320.707482
320.718052
320.766439
320.775217
320.798732
320.808653
320.812797
320.815474
320.857558
320.861498
320.869401
320.881486
320.908533
320.913354
320.952774
320.957289
320.957852
320.96122
320.968683
320.975818
320.99306
321.007719
321.024729
321.03599
321.037611
321.03777
321.046361
321.064207
321.069223
321.069235
321.072253
321.091754
321.141005
321.160214
321.161129
321.161347
321.169313
321.172369
321.183603
321.187811
321.190207
321.191347
321.22256
321.225543
321.231684
321.233298
321.235924
321.247843
321.250389
321.270404
321.27402
321.27829
321.336731
321.359077
321.362581
321.369548
321.390837
321.410988
321.424236
321.436491
321.439635
321.447142
321.458423
321.461385
321.485712
321.493602
321.523737
321.524815
321.552475
321.554244
321.568636
321.57033
321.579076
321.589226
321.590918
321.592764
321.596645
321.601926
321.602981
321.676797
321.68924
321.689771
321.738211
321.759528
321.761438
321.765575
321.772054
321.797633
321.819719
321.83979
321.842534
321.84427
321.869159
321.871195
321.877348
321.893467
321.908462
321.920477
321.925238
321.932027
321.961372
321.969624
321.99332
322.010523
322.048295
322.063391
322.064227
322.064289
322.133256
322.133797
322.144299
322.160602
322.16355
322.19517
322.203544
322.207072
322.221022
322.246685
322.272704
322.307152
322.33368
322.333965
322.34097
322.363733
322.407497
322.435121
322.478519
322.478519
322.501636
322.503076
322.505824
322.509999
322.558871
322.57035
322.576663
322.580391
322.600025
322.618011
322.649573
322.670816
322.671847
322.674176
322.692232
322.721367
322.725747
322.726941
322.732551
322.735107
322.759972
322.764014
322.765643
322.777803
322.797001
322.825756
322.857596
322.85769
322.870073
322.875265
322.876973
322.909818
322.918462
322.93527
322.990305
322.992055
322.996521
323.015684
323.025375
323.026193
323.030685
323.035225
323.040394
323.075481
323.086586
323.08663
323.087165
323.119246
323.145479
323.16298
323.175848
323.178408
323.180268
323.185597
323.188658
323.21758
323.22771
323.248736
323.25253
323.258432
323.26393
323.265106
323.269546
323.269733
323.283609
323.315359
323.335829
323.355094
323.384504
323.389396
323.400463
323.411994
323.417563
323.43783
323.459253
323.461441
323.470524
323.471376
323.500238
323.510594
323.511577
323.522602
323.528654
323.531126
323.531593
323.571655
323.578303
323.578367
323.605504
323.622826
323.629043
323.639756
323.647887
323.649795
323.650605
323.672268
323.687957
323.703377
323.729939
323.758637
323.75915
323.772393
323.772501
323.777871
323.785109
323.785964
323.82189
323.825241
323.86343
323.865243
323.883889
323.883956
323.906283
323.909143
323.910274
323.928546
323.938118
323.944861
323.971697
323.977919
323.978813
323.982287
323.99112
324.016813
324.018268
324.061244
324.085699
324.11313
324.113234
324.12295
324.128158
324.128954
324.141516
324.153555
324.154174
324.169586
324.177341
324.182922
324.195064
324.195204
324.198135
324.204694
324.205762
324.211973
324.215126
324.218724
324.220616
324.224779
324.251903
324.268631
324.31551
324.356798
324.364922
324.369198
324.371238
324.380048
324.396047
324.412036
324.413439
324.415227
324.442365
324.445252
324.464102
324.46844
324.487159
324.506593
324.511015
324.516523
324.542589
324.542974
324.54744
324.551468
324.553447
324.560781
324.581186
324.583783
324.602439
324.603532
324.607955
324.636281
324.659324
324.664451
324.682571
324.684923
324.689433
324.689747
324.704727
324.764499
324.766546
324.774332
324.774958
324.779443
324.793436
324.804319
324.809759
324.811786
324.816046
324.817318
324.829691
324.83629
324.841735
324.843515
324.84465
324.862954
324.903607
324.941428
324.954002
324.979601
324.985435
325.010291
325.015124
325.023326
325.027905
325.057198
325.059616
325.062756
325.093046
325.097313
325.106605
325.110267
325.110303
325.128216
325.132289
325.136244
325.152068
325.154874
325.198591
325.200923
325.204988
325.210513
325.21399
325.220881
325.224277
325.227377
325.246254
325.255548
325.257923
325.258121
325.262526
325.276117
325.298505
325.314773
325.314879
325.3301
325.333926
325.362115
325.368394
325.369729
325.377658
325.418217
325.436197
325.441735
325.452723
325.463099
325.467607
325.470206
325.473364
325.481599
325.486117
325.487827
325.491871
325.517034
325.537757
325.569137
325.579241
325.602987
325.609842
325.619147
325.641945
325.717787
325.724521
325.726814
325.73251
325.757503
325.79101
325.79164
325.795092
325.805722
325.818691
325.82014
325.836408
325.838609
325.851696
325.861612
325.874635
325.882276
325.884737
325.888442
325.906025
325.909652
325.919001
325.930912
325.933956
325.934049
325.952672
325.957759
325.962056
325.974453
326.000465
326.000507
326.004568
326.025993
326.032219
326.051806
326.067451
326.070897
326.071205
326.085417
326.088386
326.092176
326.09578
326.118345
326.130942
326.131169
326.137503
326.169315
326.201257
326.230704
326.24085
326.245458
326.285302
326.310654
326.327071
326.349349
326.351445
326.368095
326.376846
326.377475
326.378298
326.41193
326.423393
326.425286
326.457952
326.461987
326.472033
326.482468
326.496432
326.503689
326.51941
326.519523
326.533323
326.533763
326.543626
326.55215
326.56123
326.577331
326.579307
326.590173
326.59581
326.601503
326.623505
326.650854
326.655616
326.671023
326.674058
326.675547
326.68149
326.701148
326.701431
326.70391
326.719481
326.724527
326.741122
326.75721
326.761652
326.773875
326.790421
326.80779
326.814337
326.824449
326.826682
326.828376
326.831014
326.842644
326.846321
326.851042
326.858737
326.885885
326.887166
326.889045
326.889692
326.909524
326.912561
326.925287
326.925435
326.952932
326.954097
326.958431
326.958926
326.961258
326.962146
326.9925
326.994867
326.994954
327.028162
327.040437
327.045018
327.059508
327.072273
327.085343
327.087174
327.087811
327.089284
327.105066
327.105714
327.111204
327.119278
327.162805
327.165131
327.176974
327.188314
327.201224
327.205356
327.248093
327.249332
327.255635
327.307715
327.331853
327.3384
327.342916
327.358573
327.369786
327.380002
327.380431
327.394504
327.399971
327.411526
327.414221
327.4172
327.423855
327.425368
327.428202
327.431161
327.433376
327.44533
327.457139
327.457821
327.473021
327.477322
327.523307
327.541433
327.543726
327.545117
327.54828
327.548784
327.567883
327.57567
327.586753
327.602542
327.6155
327.615893
327.636734
327.643838
327.654627
327.659683
327.668897
327.68608
327.701254
327.708641
327.709302
327.710326
327.753342
327.756232
327.764504
327.764831
327.775933
327.77908
327.78114
327.789557
327.793992
327.798154
327.82314
327.833496
327.835793
327.837337
327.848069
327.852114
327.866199
327.866388
327.868304
327.871792
327.899366
327.903306
327.915071
327.927805
327.93456
327.943948
327.956388
327.992087
327.995177
328.015901
328.01971
328.020124
328.023781
328.025756
328.028729
328.037562
328.039837
328.042034
328.046688
328.064473
328.07164
328.090719
328.09155
328.097717
328.10031
328.112894
328.137316
328.144831
328.153976
328.159152
328.161774
328.177928
328.202215
328.213822
328.240812
328.247754
328.252919
328.260854
328.261185
328.272159
328.275042
328.275982
328.276922
328.288676
328.315112
328.320335
328.332745
328.33391
328.338684
328.346576
328.352399
328.359343
328.361817
328.382766
328.383072
328.385952
328.390428
328.401498
328.409713
328.416695
328.423505
328.432017
328.464607
328.477941
328.48252
328.501162
328.503556
328.515736
328.518208
328.520432
328.563268
328.568191
328.587358
328.590407
328.604828
328.609664
328.612374
328.621315
328.633721
328.650017
328.661296
328.665263
328.681496
328.697098
328.706582
328.714106
328.725641
328.7268
328.736729
328.740639
328.747913
328.74991
328.762616
328.772496
328.791685
328.798956
328.802657
328.804982
328.807068
328.811441
328.858503
328.869987
328.875426
328.881581
328.883942
328.887626
328.895009
328.896573
328.919025
328.926282
328.981141
328.989521
329.011882
329.01751
329.04627
329.059956
329.061984
329.065102
329.065651
329.077509
329.084329
329.106504
329.107012
329.134534
329.139291
329.14437
329.152965
329.158297
329.191649
329.208244
329.209545
329.212669
329.22015
329.236069
329.239157
329.25583
329.255849
329.260667
329.273227
329.280711
329.283481
329.287684
329.289229
329.301096
329.31014
329.313943
329.322856
329.331675
329.351402
329.35158
329.358104
329.366148
329.373151
329.387721
329.388766
329.392853
329.393337
329.412271
329.436623
329.437716
329.462017
329.49703
329.49963
329.507194
329.515233
329.523265
329.535628
329.536786
329.536794
329.551867
329.55633
329.560773
329.565008
329.572834
329.585002
329.595355
329.595938
329.596708
329.597496
329.619041
329.64586
329.648311
329.664657
329.667626
329.682219
329.68893
329.704578
329.708826
329.711883
329.718548
329.728726
329.744454
329.756511
329.762594
329.776663
329.777915
329.804146
329.80603
329.822945
329.844497
329.859174
329.866242
329.868063
329.891745
329.915727
329.927667
329.935833
329.937933
329.964291
329.967331
329.987228
330.008228
330.010425
330.012123
330.019354
330.026324
330.044634
330.044712
330.055993
330.062576
330.078574
330.092615
330.104739
330.137635
330.175355
330.178281
330.190236
330.196546
330.206564
330.214026
330.215286
330.226834
330.229821
330.236536
330.248283
330.254717
330.273691
330.297467
330.301004
330.325046
330.328585
330.332419
330.33787
330.362689
330.365155
330.366804
330.380259
330.387827
330.415012
330.429161
330.45858
330.464416
330.464885
330.46701
330.49519
330.498855
330.505197
330.512525
330.521558
330.525555
330.531862
330.536023
330.546854
330.566723
330.568877
330.574019
330.5851
330.587103
330.591784
330.595829
330.606267
330.61879
330.635697
330.654634
330.660786
330.674335
330.680761
330.688493
330.69719
330.702087
330.720246
330.7281
330.775089
330.801144
330.820937
330.849351
330.849606
330.872455
330.87255
330.875364
330.879617
330.891637
330.904489
330.905807
330.919252
330.919907
330.922806
330.926885
330.929659
330.930196
330.938263
330.955189
330.965847
330.971924
330.977269
330.983965
331.004877
331.006622
331.022236
331.022682
331.024208
331.025287
331.033195
331.033222
331.03664
331.037284
331.037424
331.043836
331.049462
331.057662
331.075859
331.085548
331.104291
331.116099
331.125221
331.134422
331.155564
331.185886
331.186728
331.188567
331.189558
331.207319
331.224753
331.245329
331.26881
331.275383
331.286468
331.286604
331.288184
331.29131
331.293922
331.294403
331.302098
331.306203
331.306492
331.306998
331.319358
331.323596
331.324279
331.330077
331.339468
331.34218
331.357157
331.36122
331.375124
331.375454
331.39586
331.395882
331.413382
331.438929
331.442351
331.446054
331.457772
331.461219
331.482537
331.482892
331.483714
331.49092
331.494817
331.500562
331.50302
331.503225
331.508906
331.517525
331.523755
331.537243
331.540974
331.554967
331.565962
331.576217
331.608762
331.609473
331.625936
331.649761
331.677561
331.684273
331.688401
331.697212
331.699064
331.718097
331.723929
331.726691
331.731447
331.736298
331.743798
331.749622
331.756638
331.761505
331.76472
331.778748
331.779615
331.784482
331.78971
331.802088
331.81116
331.81454
331.821032
331.834842
331.871657
331.873854
331.888335
331.890838
331.932476
331.963284
331.971946
331.972088
331.972418
331.997001
332.001689
332.012946
332.024194
332.028896
332.031342
332.052031
332.075488
332.076978
332.082175
332.085572
332.119993
332.126989
332.132906
332.138214
332.189848
332.20097
332.206048
332.211759
332.228623
332.242942
332.243507
332.253893
332.311285
332.311494
332.318047
332.344542
332.363776
332.364804
332.369684
332.37225
332.375572
332.377787
332.387592
332.392468
332.395902
332.422648
332.429196
332.431376
332.441714
332.45805
332.474218
332.480737
332.483648
332.4843
332.489225
332.507414
332.507483
332.514182
332.525029
332.543416
332.551041
332.555334
332.559052
332.581396
332.590183
332.603641
332.613594
332.616896
332.624836
332.636438
332.648905
332.649099
332.649276
332.65062
332.674893
332.676878
332.678953
332.684361
332.702776
332.705362
332.716539
332.720751
332.724225
332.728673
332.736527
332.753179
332.76077
332.764838
332.772448
332.774051
332.777988
332.798099
332.813185
332.820686
332.821553
332.835838
332.840714
332.872495
332.903547
332.906353
332.916013
332.930115
332.937169
332.941192
332.948095
332.952423
332.971642
332.973665
332.999448
333.005164
333.008198
333.016385
333.021396
333.024716
333.036421
333.067806
333.071006
333.090267
333.095623
333.100588
333.114384
333.11962
333.15494
333.162411
333.169261
333.176704
333.181936
333.187835
333.20699
333.208624
333.213316
333.265167
333.283748
333.29514
333.295615
333.305899
333.307652
333.324382
333.333063
333.355934
333.356834
333.37917
333.387805
333.389855
333.39445
333.408397
333.428689
333.468524
333.484447
333.485614
333.50734
333.536802
333.589803
333.602299
333.616357
333.622487
333.669673
333.676247
333.690728
333.696261
333.700604
333.701628
333.702807
333.715143
333.724053
333.735011
333.748073
333.778033
333.786086
333.789437
333.797324
333.801646
333.81395
333.818626
333.829882
333.839671
333.849127
333.853538
333.85524
333.893947
333.898974
333.900612
333.932406
333.949193
333.949763
333.967105
333.970579
333.97251
333.976537
334.052009
334.070391
334.099531
334.125836
334.161276
334.16982
334.171347
334.17692
334.204013
334.245755
334.260303
334.262233
334.27345
334.304723
334.340758
334.356476
334.364053
334.36604
334.375538
334.391508
334.410902
334.415574
334.417722
334.439557
334.464561
334.510109
334.52641
334.549107
334.577697
334.582592
334.597828
334.606493
334.614921
334.62006
334.620435
334.621511
334.626287
334.629513
334.638245
334.64078
334.649386
334.658929
334.664907
334.715301
334.723095
334.741667
334.745458
334.752559
334.755577
334.758653
334.770407
334.797185
334.823782
334.834903
334.845036
334.869831
334.870274
334.872457
334.881821
334.895763
334.95114
334.974573
334.998787
334.999177
335.000915
335.005105
335.005767
335.010071
335.014646
335.022719
335.06286
335.079318
335.106261
335.121318
335.133459
335.139097
335.164303
335.169156
335.170329
335.204599
335.214842
335.2287
335.243687
335.298796
335.339612
335.348774
335.355338
335.37942
335.384223
335.391092
335.401176
335.492749
335.495921
335.50528
335.518899
335.536386
335.588543
335.614841
335.63157
335.636381
335.640018
335.671722
335.672812
335.693035
335.695354
335.715677
335.744428
335.761139
335.770855
335.792122
335.815164
335.827959
335.86947
335.870502
335.886818
335.889911
335.920393
335.979878
335.988703
335.993078
335.995452
336.000155
336.00215
336.026943
336.057062
336.11695
336.11788
336.149187
336.173755
336.210528
336.210967
336.22328
336.231125
336.260531
336.298657
336.336762
336.338508
336.341539
336.356055
336.387607
336.407957
336.513757
336.533317
336.541634
336.590537
336.590594
336.611163
336.626978
336.6374
336.687638
336.688686
336.724248
336.769511
336.805501
336.811109
336.837655
336.845897
336.860826
336.894791
336.896074
336.912847
336.945517
336.974069
336.998823
337.053173
337.066779
337.077865
337.104502
337.125668
337.13737
337.153857
337.167481
337.219239
337.243059
337.289351
337.294691
337.319382
337.327912
337.333433
337.334715
337.376634
337.398845
337.415524
337.469057
337.493415
337.521316
337.528898
337.538356
337.554862
337.57176
337.586593
337.614699
337.65266
337.668148
337.709523
337.720757
337.74297
337.748553
337.758064
337.770404
337.780928
337.790253
337.861619
337.878355
337.886957
337.963805
337.96647
338.076094
338.080036
338.101021
338.1138
338.12595
338.142244
338.159761
338.167856
338.169725
338.229446
338.242181
338.273938
338.351111
338.364918
338.431478
338.479603
338.510833
338.514696
338.520741
338.527494
338.538843
338.548038
338.548563
338.551655
338.587409
338.614429
338.643043
338.652361
338.758527
338.810206
338.813899
338.874708
338.914052
339.014441
339.015538
339.016973
339.018939
339.024108
339.067356
339.074397
339.084608
339.129254
339.138101
339.15947
339.16404
339.178174
339.18032
339.293395
339.373771
339.378074
339.386159
339.391258
339.415144
339.428545
339.46212
339.486063
339.598294
339.618151
339.658232
339.706408
339.751301
339.823302
339.830901
339.841984
339.847285
339.862575
339.867578
339.874996
339.883594
339.904868
339.912151
340.052362
340.063301
340.063645
340.116539
340.20085
340.266232
340.390316
340.393136
340.393592
340.450306
340.471398
340.489726
340.612439
340.620583
340.623845
340.627623
340.640356
340.739352
340.745979
340.749251
340.833679
340.874379
340.889479
340.977466
341.041086
341.04471
341.120392
341.147167
341.22482
341.242721
341.298537
341.334249
341.34957
341.409912
341.474661
341.493595
341.500145
341.521796
341.552458
341.611612
341.61175
341.66145
341.76346
341.799378
341.879722
341.911906
342.092669
342.099929
342.210576
342.295943
342.306409
342.314273
342.399812
342.482023
342.495974
342.768021
342.819094
342.833386
342.841936
342.860063
342.879464
342.916178
342.920132
342.925504
342.976211
343.0423
343.205605
343.272558
343.284269
343.301012
343.403791
343.644867
343.751015
343.773847
343.776553
343.77923
343.86737
344.085241
344.091983
344.16223
344.166628
344.215702
344.236744
344.349877
344.383689
344.459863
344.463338
344.464692
344.49769
344.521426
344.614141
344.630382
344.644437
344.850256
344.913521
344.963871
344.978054
345.019026
345.02974
345.18604
345.231122
345.36617
345.424244
345.503729
345.587228
345.596204
345.59962
345.683875
345.76567
345.788937
345.829107
345.850203
346.022435
346.188346
346.252563
346.269241
346.294784
346.331086
346.439937
346.478372
346.66305
346.711992
346.829828
346.926274
346.926908
346.944166
346.952376
346.962937
346.984681
347.002326
347.028083
347.029221
347.059823
347.177993
347.453248
347.484499
347.528848
347.596302
347.641405
347.660027
347.698799
347.742007
347.760584
347.88346
347.927635
348.038838
348.069388
348.250983
348.371328
348.416469
348.420707
348.42706
348.428297
348.514865
348.536801
348.651483
348.770709
348.882222
348.894426
348.927012
349.080564
349.139992
349.149039
349.155877
349.20311
349.33575
349.36751
349.388796
349.507967
349.53618
349.56223
349.604083
349.661657
349.805814
349.846558
349.875818
350.056311
350.115843
350.312707
350.354169
350.354278
350.396631
350.453991
350.500538
350.510058
350.529776
350.564597
350.572503
350.639764
350.715779
350.720923
350.732051
350.754265
350.762186
350.805737
350.84985
350.932346
350.950241
351.060724
351.236259
351.265127
351.265754
351.302805
351.345801
351.369415
351.383756
351.392011
351.457576
351.562969
351.607273
351.685488
351.829327
351.881677
351.887822
351.934478
352.035511
352.060107
352.091674
352.107047
352.222031
352.287208
352.32372
352.335054
352.353808
352.446881
352.472885
352.543708
352.58749
352.646847
352.684815
352.804471
352.839318
352.890821
352.898441
352.901927
352.92756
352.96564
352.97762
353.000133
353.013584
353.096261
353.113426
353.129619
353.177688
353.18763
353.340287
353.366255
353.371071
353.381576
353.441804
353.451329
353.452207
353.472399
353.545553
353.547844
353.595452
353.607393
353.619435
353.727341
353.740183
353.741185
353.756565
353.76431
353.816499
353.817291
353.877095
353.91702
353.960751
353.981519
354.008875
354.038785
354.072565
354.093687
354.106899
354.111831
354.113728
354.193047
354.207943
354.222696
354.269377
354.36211
354.393273
354.412993
354.414333
354.418182
354.426428
354.45259
354.474926
354.513631
354.528082
354.531359
354.540977
354.551691
354.565123
354.579973
354.606988
354.625902
354.708541
354.725311
354.740352
354.74388
354.773016
354.777091
354.799494
354.810257
354.839976
354.845112
354.856928
354.884541
354.916998
354.937443
354.943245
354.965037
354.971871
354.974785
354.983721
354.988115
355.010924
355.017598
355.036155
355.053906
355.08799
355.090326
355.097566
355.121624
355.137998
355.144735
355.165277
355.169677
355.185475
355.188038
355.190406
355.195689
355.22828
355.228509
355.232099
355.286204
355.370729
355.423422
355.457477
355.494247
355.510899
355.535751
355.568811
355.585417
355.58729
355.608602
355.644265
355.651144
355.676077
355.68736
355.71932
355.758841
355.785213
355.78919
355.801077
355.815631
355.834222
355.847122
355.865341
355.873705
355.96499
356.062012
356.080217
356.087301
356.143489
356.17183
356.17985
356.190085
356.2339
356.239465
356.242684
356.313589
356.335077
356.354368
356.387506
356.395002
356.410909
356.512262
356.545218
356.545478
356.636324
356.64255
356.678833
356.686654
356.699427
356.749133
356.777227
356.781274
356.912827
356.926611
356.951211
356.959172
356.974205
356.974342
356.974909
357.04619
357.058452
357.076055
357.086928
357.091915
357.101748
357.119679
357.122127
357.142853
357.15198
357.176381
357.17742
357.209378
357.253256
357.291759
357.395518
357.435537
357.446036
357.460419
357.462576
357.522596
357.546161
357.569346
357.635178
357.651934
357.66426
357.673081
357.673756
357.674545
357.675674
357.703537
357.749067
357.754308
357.78024
357.83017
357.85353
357.882358
357.909393
357.911593
357.927237
357.930153
357.931106
357.942518
357.972601
358.008223
358.024705
358.03402
358.034466
358.049216
358.074448
358.075946
358.085381
358.09292
358.098967
358.115142
358.145782
358.146769
358.191463
358.196696
358.219843
358.232961
358.259688
358.264946
358.296832
358.308848
358.338943
358.352312
358.355253
358.383559
358.401091
358.422062
358.447141
358.469696
358.48843
358.49273
358.501972
358.531153
358.641458
358.670711
358.692057
358.694751
358.726748
358.730138
358.73196
358.752553
358.753955
358.787226
358.862936
358.937139
358.952194
358.975015
358.98356
358.993677
359.002449
359.037793
359.054631
359.093789
359.111845
359.114697
359.117431
359.152768
359.156001
359.2069
359.231313
359.288725
359.2913
359.295308
359.330171
359.34369
359.348803
359.370034
359.388199
359.389647
359.397459
359.406563
359.476004
359.51707
359.525325
359.540455
359.546237
359.569773
359.633076
359.668591
359.68749
359.691003
359.692507
359.700096
359.71379
359.728141
359.776579
359.788358
359.81461
359.824422
359.838801
359.850373
359.872716
359.873599
359.879905
359.899929
359.921964
359.962784
359.966818
359.971717
359.984561
360.017883
360.049686
360.086628
360.106137
360.108665
360.112163
360.12011
360.133947
360.166606
360.188346
360.192456
360.206908
360.217609
360.225427
360.282689
360.309554
360.325177
360.357778
360.41465
360.433913
360.440039
360.451808
360.45811
360.480793
360.482667
360.497493
360.503651
360.521327
360.523652
360.661489
360.708181
360.728362
360.72855
360.750874
360.761345
360.778528
360.793915
360.849088
360.858872
360.907077
360.933346
360.999437
361.029901
361.03176
361.063614
361.115607
361.15119
361.151885
361.18431
361.23846
361.28323
361.310948
361.336758
361.344025
361.352147
361.370432
361.397782
361.40288
361.447895
361.457986
361.509529
361.511414
361.514358
361.5269
361.557622
361.577506
361.600547
361.680419
361.684415
361.689256
361.692626
361.715662
361.749591
361.76628
361.777536
361.791835
361.831245
361.876035
361.896818
361.925349
361.928421
361.931187
362.020142
362.042865
362.054337
362.13622
362.140544
362.1423
362.146157
362.193694
362.211269
362.273091
362.290795
362.301187
362.319591
362.343858
362.345058
362.361341
362.372359
362.419622
362.427854
362.458254
362.471704
362.602156
362.611613
362.645763
362.727077
362.756956
362.835854
362.837492
362.848158
362.888469
362.898697
362.89882
362.961753
362.96788
362.98889
363.029707
363.133396
363.138254
363.204446
363.266885
363.267568
363.417705
363.450412
363.454912
363.478969
363.616215
363.620435
363.644744
363.662471
363.668746
363.671023
363.699553
363.707484
363.810304
363.817012
363.819155
363.827548
363.84797
363.868263
363.966446
363.984092
364.023794
364.134687
364.137767
364.156716
364.194945
364.20898
364.216414
364.221282
364.226929
364.241208
364.280169
364.291203
364.366013
364.424651
364.488371
364.537909
364.611825
364.744185
364.904296
364.973117
364.984316
365.032472
365.077207
365.087283
365.16699
365.238595
365.288389
365.29195
365.298092
365.302563
365.326137
365.329741
365.357302
365.43321
365.4391
365.463503
365.463687
365.467857
365.468315
365.493354
365.545189
365.746856
365.936664
365.979772
366.091603
366.101375
366.258222
366.285807
366.344903
366.377827
366.383044
366.400206
366.413335
366.425239
366.438276
366.549889
366.567627
366.623896
366.718529
366.725905
366.868709
366.91615
366.987108
366.992007
367.020729
367.110671
367.1281
367.14067
367.454346
367.471537
367.57045
368.002497
368.049394
368.142061
368.175724
368.182997
368.201975
368.210417
368.307991
368.34453
368.578245
368.756886
368.830003
368.878003
368.880594
368.887159
368.911338
369.026593
369.062744
369.093085
369.271884
369.372566
369.641078
369.826588
369.864762
370.000554
370.124057
370.134745
370.324737
370.400468
370.86903
371.022797
371.170252
371.328305
371.504411
371.751684
371.812443
371.927048
371.945628
371.971254
372.009522
372.091611
372.356392
372.414149
372.44995
372.803047
372.822601
372.882343
372.919523
373.115372
373.131394
373.51036
373.623422
373.981578
373.993746
373.998019
374.053692
374.116149
374.217621
374.262322
374.293448
374.357387
374.397612
374.397637
374.401238
374.417375
374.46236
374.488414
374.525735
374.563341
374.579275
374.653932
374.673121
374.767965
374.811098
375.168736
375.27321
375.294329
375.397273
375.706336
375.755175
375.892969
375.895539
375.923799
376.077747
376.114754
376.122405
376.143756
376.643856
376.833718
376.925119
376.949786
376.995599
377.09936
377.471796
377.721055
377.884018
378.045862
378.337698
378.727434
378.961708
378.989393
379.144538
379.500658
379.566319
379.779367
379.805121
380.356695
380.473343
380.696228
380.824542
380.864697
380.877107
380.932718
381.085737
381.645085
382.539738
382.735033
382.748833
382.769313
383.70504
383.897939
384.222061
384.701974
384.715428
384.965534
385.22005
385.285523
385.425259
385.934974
385.956513
386.006142
386.858352
386.943052
387.057988
387.078578
387.167321
387.209485
387.396177
387.531959
387.679001
388.030798
388.414115
389.329762
389.395362
389.438788
389.576215
389.67466
391.802016
391.826054
392.623087
393.422432
394.750664
395.023569
397.216018
398.684471
399.514652
402.00584
403.412104
403.695659
403.813053
405.983411
406.2971
407.081634
407.802029
416.282265
416.885562
422.568095
425.465866
428.609881
434.578417
443.681998
444.619696
448.015642
449.522379
456.914116
459.465729
467.638806
482.968643
495.033181
517.752038
519.019139
519.516039
523.059571
524.205915
524.867558
524.970479
525.367849
527.33964
528.38143
528.551809
529.359376
529.456458
529.675083
530.739842
530.844083
531.011757
531.330419
531.335062
531.360375
531.476007
531.60054
532.78298
533.232158
533.924652
536.027658
536.224783
536.288189
536.479591
536.944106
536.965449
539.008408
539.619823
541.617512
541.730943
541.768053
547.848482
548.679055
550.049322
552.182596
555.208729
555.723669
556.433215
561.161814
576.498636
584.833309
615.406125
623.329153
629.344209
652.147308
654.289855
681.014016
705.359057
711.503751
1048.548822
1129.683842
2377.367996
