1.14565
21.293856
134.784506
141.360656
144.376951
150.478897
150.995407
151.046328
151.060619
152.642161
156.28698
156.354543
156.701453
157.751159
165.362586
165.759907
165.960078
169.852598
170.701317
171.050735
172.486014
172.811959
172.8504
173.315618
173.663015
173.991977
174.265695
174.390048
174.51437
174.681088
175.348232
175.57998
177.257965
179.366462
180.994454
181.973308
185.430472
186.104036
191.507061
221.403341
226.716949
228.138813
246.135623
256.431096
275.473512
280.856827
285.402492
288.809368
288.871547
292.226401
296.309955
302.036579
302.970704
307.128833
315.859028
318.025024
320.201256
323.249174
323.416002
325.040239
326.074072
328.14153
328.831769
328.958956
329.086389
330.971273
332.628302
333.572036
334.737175
338.23432
341.40338
341.595092
342.330892
343.432331
343.489222
343.863718
344.212952
344.921674
344.954936
345.355522
346.118813
346.308026
346.664504
346.898778
346.938679
348.236001
348.439583
348.645717
348.730094
348.807387
348.841737
349.173012
349.517964
350.096005
350.379081
350.437217
350.524106
350.655747
350.930041
351.36385
351.411933
351.753608
351.948007
352.018737
352.75606
353.325893
353.370702
353.377111
353.421418
353.485332
353.538834
353.982546
354.640692
354.641958
354.771068
354.803798
355.029976
355.120944
355.157796
355.402229
356.138376
356.491079
356.883092
358.366298
358.385712
358.599843
358.996585
359.01579
359.346209
359.745221
359.859024
360.54082
361.605606
362.985163
363.338943
366.20799
366.238897
375.525128
377.720467
379.640509
379.939868
382.265041
383.688142
432.487553
436.282822
448.990685
497.285097
498.124749
501.838885
505.551753
506.306979
506.36239
507.923021
508.201001
509.366459
515.16337
517.921521
517.979304
518.851642
519.435089
525.327824
526.926209
527.707443
530.514995
532.890284
533.007193
535.424641
536.340608
553.205552
561.583487
567.608908
