1.14565
134.784506
141.360656
144.376951
150.478897
150.995407
151.046328
151.060619
152.642161
156.28698
156.354543
156.701453
157.751159
165.362586
165.759907
165.960078
169.852598
170.701317
171.050735
172.486014
172.811959
172.8504
173.315618
173.663015
173.991977
174.265695
174.390048
174.51437
174.681088
175.348232
175.57998
177.257965
179.366462
180.994454
181.973308
186.104036
221.403341
226.716949
228.138813
256.431096
275.473512
280.856827
285.402492
288.809368
288.871547
292.226401
296.309955
302.036579
302.970704
307.128833
315.859028
318.025024
320.201256
323.249174
323.416002
325.040239
326.074072
328.14153
328.831769
328.958956
329.086389
330.971273
332.628302
333.572036
334.737175
338.23432
341.595092
343.432331
344.921674
362.985163
