835.761997
843.050734
852.720892
855.280292
859.653728
859.764965
862.24609
865.445351
867.69825
869.466935
870.401655
871.185669
871.359736
874.076592
874.354342
875.653637
876.001591
876.812422
878.314015
879.399756
879.423337
881.657158
882.304226
883.150647
883.215451
883.248052
884.218388
884.609154
885.510054
885.961855
886.226059
886.347308
886.513149
887.082733
887.460219
887.882599
887.910609
887.995097
888.436138
888.711838
888.735405
888.75452
888.823118
889.342274
889.55889
889.687628
889.724327
889.776452
890.008558
890.175203
890.211404
890.803522
891.229372
891.465777
891.67626
891.986835
892.254159
892.510606
892.630675
893.203599
893.73988
894.114448
894.483026
894.592993
894.632495
895.004646
895.088069
895.43295
895.53584
895.865596
896.054872
896.404434
896.511042
897.21498
898.421748
898.866416
898.960903
899.666407
899.738853
900.23654
900.240292
900.329438
900.465206
900.839921
900.92494
901.16265
901.467427
901.946911
902.414939
902.809263
903.01919
903.251951
903.282814
903.658528
903.661522
903.9142
903.931018
903.987381
904.051944
904.464922
904.520063
904.865974
905.156378
905.831047
906.001241
906.020994
906.308524
906.457408
906.852894
907.04052
907.078188
907.270273
907.486625
907.620475
907.642224
907.719692
907.997519
908.165718
908.22741
908.229962
908.516085
908.681854
908.964549
909.360228
909.427741
909.627944
909.644948
909.753375
909.814158
909.824377
909.851635
910.165482
910.259594
910.279514
910.347963
910.462816
910.709859
910.806291
911.141385
911.397107
911.5235
911.547059
911.566748
911.570756
911.587653
911.70313
912.569373
912.766386
912.942935
912.992551
913.118302
913.137528
913.378773
913.910202
913.966086
914.077842
914.161747
914.285128
914.368004
914.583468
914.653235
914.751916
914.833937
914.987881
915.191901
915.221444
915.27626
915.371528
915.376511
915.558729
915.742506
915.754008
915.800844
915.85518
915.894744
915.92703
915.949141
916.033571
916.244811
916.274681
916.371813
916.453854
916.478023
916.517256
916.784418
916.914971
916.959151
917.339293
917.360721
917.543402
917.610513
917.633039
917.736292
917.80323
917.977417
918.061831
918.070862
918.077864
918.115752
918.14594
918.15215
918.348722
918.486287
918.591672
918.621375
918.65965
918.681589
919.079674
919.178416
919.255881
919.324153
919.330121
919.466438
919.637958
919.656988
919.760257
919.778825
919.815481
919.951648
920.084913
920.152853
920.212308
920.380125
920.434345
920.881074
920.958042
920.994751
921.323188
921.406297
921.620552
921.653611
921.676625
921.684506
921.686827
921.817463
921.861687
921.951592
921.958031
922.196149
922.260861
922.263867
922.315086
922.476822
922.86427
922.906837
923.038338
923.160901
923.162607
923.174433
923.207776
923.350469
923.35115
923.406815
923.410756
923.563285
923.949097
923.965154
924.080907
924.099283
924.392103
924.456727
924.468931
924.519699
924.623359
924.882212
925.046954
925.201984
925.378186
925.380248
925.555839
925.798184
926.37201
926.450485
926.582676
926.627629
926.670327
926.67421
926.70215
926.754843
926.809169
926.822933
926.834725
927.044697
927.065722
927.079911
927.084445
927.161154
927.233831
927.240947
927.24477
927.542387
927.740438
927.769106
927.8717
927.93538
927.982894
928.052921
928.118392
928.122524
928.217528
928.268734
928.4757
928.718416
929.006219
929.169361
929.310547
929.326372
929.543657
929.743002
929.890632
929.923793
930.063869
930.070908
930.175255
930.270018
930.398445
930.476393
930.494117
930.569001
930.640329
931.11655
931.205663
931.243928
931.360193
931.452027
931.46816
931.686817
931.689279
931.693304
931.856892
931.926991
931.974665
932.026552
932.120412
932.2518
932.376207
932.462514
932.618191
932.992939
932.994724
933.107606
933.10975
933.170663
933.262282
933.56531
933.633895
933.69306
933.815143
933.843171
934.000965
934.062828
934.230977
934.353136
934.863178
934.906267
934.990379
934.991999
935.159049
935.238627
935.29396
935.409732
935.425599
935.465206
935.524885
935.529332
935.597246
935.600764
935.703194
935.727659
935.88303
935.975989
936.202169
936.216556
936.235968
936.603964
936.656879
936.763896
936.791908
937.012721
937.01957
937.106714
937.129173
937.259162
937.313236
937.366449
937.373332
937.402808
937.480445
937.527472
937.695889
937.735948
937.792743
937.87615
937.897522
938.146067
938.361321
938.374426
938.419599
938.464036
938.501433
938.577118
938.609927
938.625414
938.701897
938.929047
938.990972
939.062942
939.174423
939.229069
939.287959
939.331983
939.40925
939.674302
939.788591
939.815635
940.04675
940.064523
940.141057
940.20377
940.278489
940.329679
940.440041
940.878429
941.108929
941.109689
941.336146
941.388265
941.474839
941.481234
941.657
941.725721
941.791363
941.804274
941.807427
941.834468
941.863661
941.934301
941.955535
942.129634
942.189144
942.191014
942.371787
942.443374
942.527407
942.636863
942.750461
942.838111
942.845429
943.093118
943.161448
943.318871
943.343508
943.468848
943.483983
943.500261
943.565723
943.760115
943.826705
943.841649
943.943431
943.957343
943.994242
944.004026
944.117364
944.196145
944.230332
944.260035
944.262475
944.310364
944.401148
944.433779
944.448545
944.531482
944.55008
944.561421
944.640348
944.671435
944.681894
944.712868
944.713121
944.73691
944.786232
944.818117
944.928128
945.129293
945.191256
945.23957
945.255176
945.366818
945.435083
945.528421
945.543324
945.545271
945.682094
945.735735
945.787555
945.838106
945.902812
945.949565
946.129446
946.156051
946.332182
946.338861
946.351591
946.464755
946.496746
946.847046
947.045955
947.11547
947.31714
947.380804
947.475494
947.573836
947.784798
947.849349
947.94293
948.123505
948.140505
948.192214
948.219422
948.272686
948.284742
948.487524
948.494978
948.600268
948.672813
948.699037
948.749368
949.334778
949.344666
949.483398
949.514
949.557975
949.560525
949.61896
949.773024
949.933245
949.942096
949.95498
950.018208
950.089262
950.113492
950.141359
950.185769
950.328026
950.353656
950.366968
950.390566
950.454569
950.625535
950.660518
951.042362
951.060566
951.132547
951.152283
951.351694
951.354926
951.40341
951.406806
951.570724
952.071674
952.176703
952.22251
952.253324
952.525499
952.604219
952.615436
952.642815
952.832125
952.912006
953.031017
953.037516
953.305331
953.594139
953.707373
953.997091
954.009564
954.131497
954.145489
954.334137
954.386919
954.48303
954.523698
954.538488
954.556193
954.589388
954.590965
954.691239
954.831036
954.896158
954.957265
954.980919
955.203601
955.306165
955.381476
955.461612
955.46278
955.493717
955.579812
955.618948
955.771198
955.844833
955.906797
955.911822
955.933781
956.052514
956.064853
956.085818
956.108403
956.155491
956.18961
956.26246
956.263145
956.419306
956.429134
956.455806
956.55788
956.561375
956.576957
956.711799
956.787317
956.854776
957.145607
957.226392
957.328779
957.331256
957.33909
957.460309
957.723435
957.746626
957.768522
957.838009
958.031093
958.066637
958.071919
958.100696
958.100926
958.240974
958.273091
958.310515
958.46993
958.8026
958.845704
958.876422
958.981259
959.037381
959.040073
959.232769
959.252385
959.382805
959.407948
959.450681
959.621354
959.870521
959.926496
959.935995
960.008002
960.032983
960.283564
960.379709
960.39515
960.414859
960.442834
960.48968
960.695219
960.71449
960.725248
960.813075
960.82012
961.043948
961.439533
961.47434
961.488234
961.651645
961.659715
961.678708
961.683271
961.727307
961.75667
961.829072
961.869406
962.097063
962.263739
962.437199
962.51336
962.676294
962.737792
962.762407
962.844022
962.886808
962.951861
963.035443
963.051366
963.054615
963.125111
963.188666
963.383484
963.452252
963.527902
963.562855
963.645146
963.685583
963.863946
963.953405
964.009134
964.032499
964.073915
964.135623
964.168764
964.176036
964.200644
964.292794
964.299768
964.347476
964.522865
964.65698
964.748652
964.752146
964.961848
965.02404
965.037416
965.195849
965.285927
965.353259
965.422698
965.490683
965.49396
965.63044
965.663898
965.706988
965.781628
965.830533
965.833908
965.869705
965.895671
965.936625
965.955891
966.156397
966.203775
966.261877
966.339309
966.388294
966.491917
966.573873
966.599329
966.691183
966.716119
966.747156
966.784026
966.824779
966.838138
966.863483
966.875483
966.898102
967.012664
967.04489
967.079663
967.086482
967.329489
967.412801
967.588422
967.590232
967.641282
967.657375
967.65759
967.664363
967.727854
967.768371
967.808899
967.869155
967.923702
968.172979
968.183857
968.19221
968.200691
968.214137
968.216901
968.243464
968.29911
968.367583
968.414988
968.543312
968.620625
968.641881
968.653839
968.711772
968.854994
968.892364
968.961292
968.985767
969.458879
969.627397
969.836093
969.846873
969.851198
969.89228
969.896485
970.120965
970.216084
970.304035
970.322654
970.347714
970.349829
970.357468
970.494079
970.560223
970.655249
970.679988
970.900599
970.983554
971.052256
971.083173
971.107537
971.159115
971.353542
971.479539
971.535752
971.536983
971.605251
971.641923
971.875885
971.983885
972.076805
972.109213
972.146168
972.288508
972.331603
972.467176
972.472651
972.485397
972.520674
972.54168
972.544798
972.70022
973.110813
973.172212
973.36411
973.652288
973.780216
973.876144
973.947877
973.951665
973.952722
973.974242
974.028785
974.062763
974.098094
974.257978
974.545458
974.579777
974.681275
974.701836
974.826952
974.857618
974.969134
975.271023
975.325331
975.41411
975.474352
975.647314
975.677257
975.772583
975.785575
975.892949
975.902132
976.018706
976.119874
976.15247
976.296988
976.539956
976.717945
976.772331
976.786158
976.918039
976.936994
977.004245
977.167828
977.20393
977.210159
977.241368
977.29075
977.648688
977.702864
977.727376
977.77913
977.797346
977.850483
977.985065
978.013168
978.21188
978.212809
978.293953
978.338029
978.389437
978.44845
978.616103
978.650854
978.690252
978.700137
978.738423
978.873163
978.922844
978.985911
978.987938
979.089088
979.187321
979.206781
979.231483
979.279348
979.317793
979.36589
979.46967
979.542374
979.679373
979.804678
979.933427
980.124594
980.216241
980.426778
980.543391
980.544698
980.625459
980.726112
980.939475
980.974245
981.090808
981.117938
981.515504
981.808656
981.869095
982.036331
982.382801
982.443269
983.25861
983.275176
983.293966
983.334433
983.386725
983.498984
983.529301
983.535841
983.686832
983.819021
983.834998
983.836037
983.861973
983.903425
984.046181
984.075808
984.330599
984.413998
984.427287
984.489038
984.623359
984.701841
984.713605
984.72458
984.793431
985.026405
985.060717
985.096973
985.104455
985.128485
985.346519
985.364098
985.408809
985.449262
985.539497
985.620541
985.731638
985.772138
985.847677
985.897881
985.956982
986.152045
986.229134
986.562645
986.71002
986.799586
986.892412
986.960076
987.241124
987.289454
987.42736
987.474186
987.572966
987.753221
987.789459
987.812734
987.914501
988.034423
988.120335
988.933291
989.150523
989.174538
989.1851
989.448607
989.675329
989.688359
989.785383
989.93434
990.396515
990.454742
990.636348
990.674647
990.70101
991.057173
991.08464
991.128361
991.59601
991.713787
991.765542
991.813619
991.905883
992.021978
992.023918
992.042767
992.065333
992.494149
992.729819
993.067277
993.254847
993.511065
993.647854
993.67789
993.756445
994.098888
994.146328
994.219737
994.487209
994.498647
994.801758
995.020787
995.419452
995.451219
995.601011
995.778175
995.789622
995.975167
996.00237
996.065902
996.0682
996.079794
996.136369
996.316363
996.419377
996.515532
996.809621
997.05389
997.341888
997.361672
997.42661
997.454169
997.473881
997.646894
997.726949
998.02494
998.082832
998.287148
998.444721
998.752555
999.048304
999.222103
999.284027
999.64728
999.803965
999.843269
999.904636
999.91265
1000.20649
1000.379226
1000.60712
1000.761478
1000.833342
1000.892415
1000.913019
1000.925712
1001.031289
1001.13561
1001.265527
1001.281295
1001.370818
1001.551755
1001.579766
1001.642461
1001.650917
1001.654792
1001.823441
1002.000738
1002.403921
1002.497876
1002.747858
1002.788177
1002.905636
1003.08614
1003.116844
1003.266032
1003.839351
1003.885046
1003.972404
1004.027584
1004.068806
1004.069215
1004.443633
1004.992326
1005.279148
1005.325936
1005.636741
1005.67133
1005.743929
1005.819419
1005.857536
1006.797806
1006.908253
1006.952321
1006.989032
1007.145732
1007.392791
1007.773265
1007.817419
1008.650891
1008.791522
1008.979671
1009.002121
1009.089851
1009.185215
1009.225478
1010.11981
1010.384844
1010.488599
1010.626494
1010.649219
1010.786908
1010.924974
1011.903893
1011.907163
1012.208207
1012.560197
1013.395255
1013.570359
1013.735837
1013.900129
1013.955515
1014.035979
1014.198483
1014.520153
1015.198077
1015.201472
1015.510497
1015.840202
1015.914765
1016.456341
1016.674273
1017.212828
1017.645502
1018.615664
1018.858318
1019.050702
1019.238841
1019.299147
1019.705325
1020.247335
1020.775
1020.915159
1021.155191
1021.651117
1022.273668
1023.422767
1024.374651
1024.583464
1025.722805
1026.226324
1027.39228
1027.554057
1027.769187
1027.795335
1028.407695
1028.697915
1028.912006
1028.935482
1029.56646
1029.604184
1029.67379
1029.712318
1029.879881
1031.003418
1031.007375
1031.075193
1031.245082
1031.39449
1032.16555
1032.338458
1036.59617
1036.964214
1037.09175
1038.72608
1039.71625
1039.887792
1040.531702
1041.311943
1041.822279
1042.168499
1042.38021
1043.150372
1044.05506
1046.202827
1047.489026
1047.840036
1048.774309
1049.59174
1050.231012
1050.355488
1050.837496
1051.021244
1051.666145
1052.449173
1056.622854
1057.064107
1058.017791
1060.478569
1061.718002
1063.506856
1066.094425
1066.454671
1067.201522
1067.723699
1067.93804
1068.814498
1068.976573
1069.270452
1069.2806
1069.538548
1069.916969
1070.372437
1070.721071
1070.861367
1070.965336
1072.746655
1073.151221
1074.336214
1074.628218
1074.960048
1076.151523
1076.159352
1076.209695
1079.244596
1079.922309
1080.626871
1081.405429
1082.164396
1083.083663
1083.361526
1083.543768
1084.15304
1084.200151
1084.905549
1085.18742
1085.35498
1086.345503
1086.827204
1087.461853
1088.736663
1089.256024
1096.32091
1097.325327
1097.576327
1098.561354
1100.090608
1100.798159
1105.255988
1109.093629
1109.714948
1111.150713
1112.225188
1113.085015
1116.870261
1119.114668
1119.851594
1121.315789
1122.298376
1123.434478
1125.134688
1126.353987
1126.514379
1128.398921
1130.763646
1131.772233
1133.226688
1133.424246
1134.461793
1138.633217
1143.930237
1145.597342
1146.271358
1147.866379
1149.353272
1150.937529
1151.748646
1152.446864
1154.236247
1156.795891
1159.040553
1160.610396
1168.01875
1177.934818
1180.158422
1186.323323
1187.24787
1197.190261
1221.636552
1237.549711
1274.540426
1275.662129
1278.404521
1291.463404
1408.355105
4140.996524
6387.393649
8069.996164
8426.353053
8687.864665
9264.301064
9937.702226
