12.03211
14.809615
16.474676
18.84326
18.975765
19.095016
19.424173
19.448569
19.768829
21.097881
23.198167
26.1071
27.421664
33.200921
42.051785
53.799344
58.426017
151.654332
155.141101
155.913298
156.725178
157.921287
160.47944
192.434959
193.408168
194.599945
197.539555
198.491737
201.688228
203.375781
205.319787
208.728427
214.150063
225.402876
225.915985
226.539886
227.964778
233.40273
264.755823
276.714946
277.581878
281.896382
282.007525
292.585599
297.318347
304.74492
307.742943
315.221218
317.873675
324.450553
354.616127
366.744549
392.244382
399.203431
406.022175
414.991461
420.412252
423.899794
423.97105
429.344718
442.678217
448.698378
456.68525
463.138884
478.889967
484.854437
491.138777
498.271107
570.615162
799.943442
826.971846
835.659429
931.221468
996.210229
1002.57461
1005.745727
1013.439176
1039.238571
2848.253919
2987.541367
6719.77585
