1667.285076
1712.63595
1746.0682
1748.013283
1785.051067
1830.780599
1839.628519
1840.110661
1842.216763
1844.399586
1868.667787
1875.697915
1887.984854
1896.340232
1903.604893
1909.065227
1914.799038
1917.180744
1921.840579
1922.90432
1934.722159
1938.252625
1949.469803
1958.531839
1960.854755
1964.231746
1965.109209
1968.19715
1971.539074
1974.220296
1974.829445
1976.138824
1982.139003
1985.311392
1993.778895
1993.963719
1998.203552
2002.792546
2004.142925
2011.061966
2013.675207
2015.603785
2016.113424
2017.199278
2017.256191
2017.589492
2018.091399
2028.23867
2029.328158
2029.870497
2031.182444
2031.359866
2033.144524
2034.535359
2036.161479
2037.46805
2038.59001
2039.232746
2042.708677
2045.69423
2045.730976
2048.143363
2050.962711
2051.290767
2052.16284
2054.682892
2056.186587
2060.06939
2060.920357
2064.433094
2065.81773
2066.170773
2068.485885
2069.068429
2071.461774
2075.551234
2076.179089
2077.304183
2078.724503
2081.577638
2082.893595
2083.933808
2084.927454
2086.346738
2088.20122
2093.450159
2094.719011
2100.866109
2103.041149
2107.049934
2108.108496
2110.559277
2111.414052
2111.567668
2111.702654
2112.093826
2113.90503
2115.263234
2115.776751
2116.461528
2117.722096
2117.977756
2118.728853
2122.795282
2123.78081
2127.536246
2129.016731
2133.832605
2135.402994
2136.487096
2142.358934
2149.606785
2150.561923
2151.676342
2152.052946
2156.161083
2161.801783
2164.913408
2165.10923
2165.611552
2166.072862
2167.212578
2168.682588
2169.719879
2171.038469
2173.16289
2173.215917
2173.492289
2173.728907
2176.11737
2180.821491
2184.311173
2185.203195
2186.08686
2186.206186
2189.199452
2191.759115
2191.984408
2192.42674
2195.200498
2195.50101
2196.447593
2197.176067
2198.181351
2199.454828
2203.56672
2206.466995
2206.700981
2207.160212
2207.350278
2210.339461
2212.811479
2213.128682
2214.249047
2215.472128
2215.891722
2218.817418
2219.084997
2219.782809
2219.844465
2219.994655
2223.276827
2223.98533
2226.203797
2226.998626
2227.096433
2227.28308
2227.455658
2228.349194
2229.690029
2230.635751
2230.689394
2231.220764
2231.453783
2231.627712
2233.491906
2233.637574
2239.714722
2240.742477
2241.419812
2243.008089
2243.668651
2245.889972
2247.800223
2249.453179
2252.584749
2253.138294
2253.570616
2254.613718
2256.632761
2257.69176
2258.370518
2259.247605
2263.367035
2263.984508
2264.872697
2265.125407
2265.416405
2266.322545
2268.580135
2270.441464
2271.262476
2272.067647
2272.811144
2276.625747
2276.887216
2277.21198
2280.359577
2280.623989
2281.459327
2281.697384
2285.264811
2287.48356
2288.819024
2290.745817
2291.695017
2292.846295
2292.908041
2293.077114
2293.149411
2293.183352
2293.965805
2298.465524
2299.91456
2301.501376
2301.970873
2302.795359
2304.449542
2305.024308
2310.428124
2310.690335
2313.957422
2314.065318
2314.920609
2319.544391
2319.553066
2319.687368
2323.184277
2324.778122
2325.894492
2326.568986
2327.38533
2327.928557
2330.692728
2333.05265
2334.914324
2335.033454
2336.199323
2338.847805
2342.26128
2352.309167
2352.376142
2353.000112
2353.438746
2354.553447
2357.203202
2357.422459
2358.156585
2358.347052
2358.773667
2367.265704
2368.928883
2370.201178
2372.110693
2372.555411
2372.96681
2374.7526
2377.923406
2380.501913
2380.703995
2381.41292
2385.274507
2389.273058
2391.792897
2392.051858
2392.123696
2394.050237
2399.159826
2402.901503
2405.116474
2407.557512
2408.589499
2410.696632
2411.072278
2415.511301
2415.892914
2417.996971
2424.195648
2425.826659
2427.052148
2434.824379
2438.420628
2438.454067
2440.334497
2440.701572
2440.990065
2443.595666
2443.910993
2451.333193
2457.839208
2462.77272
2465.201802
2466.217155
2467.971579
2470.60503
2474.257908
2475.027722
2478.189932
2480.229207
2481.766856
2485.273305
2485.767378
2491.135242
2492.961946
2493.746021
2495.352442
2500.110281
2502.280669
2502.448648
2503.698448
2504.67569
2505.312275
2507.918461
2509.454915
2510.375758
2512.726257
2513.797125
2514.179014
2514.373487
2515.267535
2516.341589
2516.792367
2516.811445
2517.599626
2520.689668
2523.37106
2524.421024
2525.944695
2526.022327
2526.728259
2529.080266
2535.917165
2538.444723
2542.030686
2543.103685
2546.090063
2550.158652
2550.891952
2551.406529
2553.116609
2553.485132
2553.50517
2555.025796
2555.42489
2559.665289
2560.992419
2561.463909
2561.714454
2563.379187
2565.52127
2566.127252
2574.593675
2576.592366
2577.243184
2578.338971
2580.182267
2580.456676
2583.989915
2585.927259
2586.874095
2587.061124
2587.897003
2589.557539
2591.48742
2592.845418
2594.741247
2597.16741
2597.528301
2597.71418
2598.330005
2598.913791
2599.616285
2599.725912
2600.579697
2601.206715
2602.032181
2602.652396
2604.586024
2604.932654
2606.140023
2609.249802
2610.474956
2612.519615
2615.71254
2615.950165
2616.873998
2621.865507
2623.29571
2624.402726
2624.825474
2629.668068
2629.68509
2631.151856
2633.591238
2634.153757
2634.457726
2634.679146
2635.096916
2635.601099
2635.930679
2639.456362
2640.611647
2641.431997
2641.908289
2642.203587
2642.625099
2643.468863
2643.901308
2643.923235
2644.544258
2645.042103
2646.982053
2647.272631
2652.9032
2652.945641
2653.689954
2654.026474
2658.06865
2659.188917
2659.541903
2659.798788
2662.14331
2662.932843
2663.107159
2663.499864
2663.672072
2664.180458
2665.477964
2667.04426
2672.193099
2673.039857
2673.721985
2673.895283
2675.648885
2677.208386
2678.435881
2680.185101
2681.990112
2682.519192
2682.748151
2684.321103
2684.969373
2687.074434
2688.459532
2691.261223
2691.523573
2694.206417
2696.45638
2696.904181
2697.982635
2698.260896
2701.312484
2702.58742
2702.663967
2706.073892
2706.974526
2708.475168
2709.730739
2711.31041
2712.047797
2712.767833
2713.458847
2713.73948
2715.945804
2716.232816
2716.638441
2717.288872
2717.664894
2718.745381
2718.961471
2719.612892
2719.808966
2719.9329
2719.965666
2720.213977
2720.646412
2721.30072
2721.379226
2721.787584
2723.003134
2723.371212
2726.185492
2726.38018
2726.749235
2727.021235
2727.665621
2728.176679
2728.352023
2728.531566
2728.676989
2730.103598
2731.732354
2732.4355
2733.483698
2733.589855
2733.954736
2735.3507
2735.630894
2736.704361
2737.278797
2738.750585
2739.207072
2740.127447
2740.148163
2740.318121
2741.061774
2747.905162
2749.822582
2750.142985
2750.233592
2751.852357
2752.492188
2752.512928
2753.059458
2755.250197
2756.586255
2756.802698
2757.923597
2758.336022
2758.721646
2758.845075
2759.627689
2760.872358
2761.497577
2761.676139
2762.100675
2763.839457
2763.865543
2764.206739
2766.72022
2767.006958
2767.675473
2767.866102
2767.888993
2768.570395
2769.005914
2769.464884
2770.653753
2771.130105
2772.216007
2773.346432
2773.592004
2774.865801
2775.057843
2775.195981
2775.638796
2776.762218
2779.630999
2779.952561
2780.067156
2780.49159
2780.519392
2781.807248
2782.443205
2782.758697
2783.188055
2784.907596
2785.019082
2787.513739
2787.779118
2788.038264
2788.605556
2789.11922
2791.307435
2792.224153
2793.0365
2793.995155
2794.303615
2794.406493
2794.895936
2795.064657
2796.702694
2797.164773
2800.107962
2801.265194
2802.827965
2802.92682
2802.942622
2803.681388
2804.508908
2807.026331
2808.215022
2808.901188
2811.792955
2812.709972
2813.962148
2813.991027
2814.436608
2814.913064
2815.191293
2821.933388
2822.694282
2823.164845
2823.943752
2824.948693
2826.171567
2826.996384
2827.225078
2829.135888
2829.324905
2829.691576
2829.797037
2832.373605
2832.399133
2832.669719
2832.830159
2834.468629
2834.910051
2835.482692
2835.532504
2836.583665
2836.651413
2837.015803
2837.986034
2839.029229
2839.035471
2839.207472
2839.674761
2842.352807
2843.68556
2844.155792
2846.476782
2846.898554
2846.978963
2847.923213
2848.338237
2849.387653
2849.41947
2849.518744
2849.876467
2849.918577
2851.048104
2851.272749
2851.479548
2852.598519
2852.913832
2853.026191
2856.577368
2856.663896
2856.798676
2856.852481
2857.105873
2857.298804
2857.858125
2858.757334
2859.852778
2860.36732
2860.592668
2860.951559
2861.539337
2862.023805
2862.080406
2862.230553
2862.988817
2863.063565
2863.377959
2863.395021
2863.996956
2864.042855
2864.276431
2864.591234
2864.676304
2865.311478
2865.629818
2866.270281
2867.406544
2868.36375
2868.488439
2869.107026
2869.313506
2869.911193
2870.542017
2871.251376
2871.402541
2871.715693
2871.898449
2871.936348
2872.864989
2873.13014
2874.07949
2874.082116
2874.666424
2874.761903
2874.858531
2874.879227
2875.478818
2875.984096
2877.020709
2877.366758
2877.42645
2877.740266
2877.981754
2878.173358
2878.662535
2879.14381
2880.58412
2881.503428
2882.35279
2882.58209
2882.754935
2882.91361
2883.177491
2883.414598
2883.731282
2884.057341
2884.131334
2884.369424
2885.085768
2885.819824
2885.90277
2885.958382
2888.396408
2889.270161
2889.54087
2889.973144
2890.011039
2890.471054
2890.710716
2891.102656
2891.304369
2891.418625
2891.99943
2892.104643
2892.42036
2892.98293
2892.998885
2893.324437
2893.858286
2894.442871
2897.264478
2898.022275
2898.617396
2898.879757
2899.134173
2899.541628
2900.427705
2900.523722
2900.708922
2900.78624
2900.877549
2901.246992
2901.736961
2902.123929
2902.171485
2902.429739
2904.051771
2904.320025
2905.07216
2905.132303
2905.913281
2906.604198
2907.111473
2909.046885
2910.026586
2910.594941
2910.613873
2910.730777
2910.966895
2911.113151
2911.471478
2912.607832
2912.910702
2913.009532
2913.26959
2913.448518
2913.619638
2915.097176
2915.168632
2915.272145
2917.121556
2917.381576
2919.034246
2919.316089
2919.472066
2919.777315
2920.21319
2920.469071
2921.054713
2921.73962
2922.07423
2922.585315
2922.905937
2924.152555
2924.316249
2924.79172
2924.896492
2925.346075
2925.492449
2926.040455
2926.695911
2927.553036
2927.887254
2928.325712
2928.707607
2930.23902
2930.32553
2930.415889
2930.650415
2930.662112
2930.80252
2931.176787
2931.413455
2931.463037
2931.573615
2931.69423
2931.954232
2932.677173
2933.118704
2933.221404
2933.829249
2933.902771
2934.459021
2934.734957
2935.234459
2935.649962
2936.428605
2937.725542
2939.201036
2939.379296
2939.477061
2939.662627
2939.667195
2939.731377
2939.889926
2940.062782
2940.084519
2940.185553
2940.885534
2941.672003
2942.289289
2942.56782
2942.670892
2943.189354
2943.328367
2943.532356
2943.571568
2944.265219
2944.312177
2944.34239
2944.561891
2945.004734
2945.296744
2945.396116
2945.415687
2946.612507
2947.258282
2947.624241
2947.727798
2947.88842
2948.096089
2948.368067
2948.511054
2949.029068
2949.383618
2949.42403
2949.838251
2950.218418
2950.412595
2950.489335
2951.296457
2951.510852
2953.882971
2954.097404
2954.152043
2954.174976
2954.70608
2954.747183
2954.952614
2955.091862
2955.989304
2956.059159
2956.344006
2956.540464
2956.597045
2956.689967
2957.05459
2957.609177
2957.728708
2958.147067
2958.443064
2958.548897
2958.761771
2958.911138
2958.967792
2959.069714
2959.179641
2959.463333
2959.673677
2960.118354
2961.001621
2961.022726
2961.308819
2962.785224
2962.866932
2963.189898
2963.875314
2963.992116
2964.153181
2964.451659
2964.644508
2964.840358
2964.947035
2964.96547
2965.391875
2965.432982
2965.537646
2965.682977
2966.104606
2966.53245
2966.777172
2966.87605
2967.08203
2967.187528
2967.484797
2967.627503
2967.891192
2968.004063
2968.09682
2968.301761
2968.83603
2969.089838
2969.753072
2970.928341
2971.008552
2971.524193
2972.099366
2972.419354
2972.536293
2973.108001
2973.248915
2973.318826
2973.46608
2973.577272
2973.761399
2973.831168
2974.279934
2974.286849
2974.30127
2974.869314
2974.997754
2975.912265
2976.078345
2976.178202
2976.223247
2976.22464
2976.482986
2976.732989
2976.793134
2976.878732
2977.255656
2977.478375
2978.111938
2978.287927
2978.452746
2979.079933
2979.535214
2979.540317
2980.084154
2980.43312
2980.439532
2980.733083
2980.924778
2980.967275
2981.489329
2982.100793
2982.276097
2982.595211
2984.097948
2984.1173
2984.21505
2984.728326
2985.055431
2985.694181
2985.705379
2986.298025
2987.03375
2987.175731
2987.624441
2987.868538
2987.875251
2991.474987
2991.51878
2991.526283
2991.687733
2991.999458
2992.21817
2992.51699
2992.913352
2993.085752
2993.468964
2994.456389
2994.550279
2994.558182
2994.592477
2994.651233
2995.898997
2995.904556
2996.006743
2996.171105
2996.257008
2996.300276
2996.431232
2996.472212
2997.12401
2997.54067
2997.909614
3000.048259
3000.392616
3000.480818
3001.095152
3001.236883
3001.438517
3001.830922
3002.066961
3002.340474
3002.450285
3002.470977
3002.508175
3002.820883
3003.058533
3003.578028
3004.022345
3004.025555
3004.312494
3004.455059
3004.588178
3005.200098
3005.30603
3005.394598
3005.628236
3005.71373
3006.594661
3006.636927
3006.744555
3006.795347
3007.19967
3007.212699
3007.751811
3007.759937
3008.048392
3008.093637
3008.188493
3008.967583
3009.071545
3009.097667
3009.406691
3009.698598
3009.774463
3009.782712
3009.794917
3009.871812
3010.000572
3010.581132
3011.084693
3011.396604
3011.584088
3011.619834
3011.823876
3012.01128
3012.736875
3012.891025
3012.933086
3013.005947
3013.21853
3013.768112
3014.198622
3015.243541
3015.285566
3016.357882
3016.406008
3016.577039
3017.189273
3017.324053
3017.39951
3017.438619
3018.135387
3018.240075
3018.277481
3018.574092
3019.256261
3019.551332
3019.560571
3020.156115
3020.30773
3020.603703
3020.756579
3020.79885
3021.311732
3021.420348
3021.528655
3021.672164
3021.713377
3021.731279
3022.048139
3022.073598
3022.150662
3022.304103
3022.650017
3022.807958
3023.232684
3023.350414
3023.522697
3024.170817
3024.294604
3024.664323
3024.970113
3025.620603
3025.708563
3026.1043
3026.894089
3027.163023
3027.422375
3027.467895
3027.778762
3028.325581
3028.554897
3028.819957
3028.968759
3030.12421
3030.298122
3030.944199
3031.113482
3031.394109
3031.431593
3031.825772
3032.022584
3033.160375
3033.673945
3034.322187
3034.43328
3034.535267
3034.593168
3034.842045
3035.052382
3035.11399
3035.163406
3035.303855
3035.466149
3035.720441
3036.060886
3036.545355
3036.638557
3036.941457
3036.996678
3037.580531
3037.670075
3037.807406
3038.038459
3038.071851
3038.977442
3039.850676
3040.019967
3040.168264
3040.455556
3040.461686
3040.540869
3041.58549
3041.942298
3042.622603
3043.016372
3043.187499
3043.34054
3043.669544
3044.356062
3044.634121
3044.870685
3044.900416
3044.960443
3045.119621
3045.27629
3045.683983
3045.842194
3046.391265
3046.767089
3047.122383
3048.666736
3048.771913
3049.085585
3049.163378
3049.171732
3049.515495
3049.735598
3049.828558
3050.077068
3050.151285
3050.225595
3050.705925
3050.859725
3051.583046
3051.880022
3051.956703
3052.195258
3052.34042
3053.166273
3053.438148
3053.719211
3053.759977
3054.214879
3054.597163
3055.238449
3055.807128
3055.875248
3056.446351
3056.909464
3058.652469
3058.962262
3059.562152
3060.002996
3060.064514
3060.102087
3060.483258
3060.654108
3060.940192
3061.931395
3061.962566
3062.110783
3062.520788
3062.682015
3062.800383
3063.384002
3063.533032
3063.946382
3064.000121
3064.072767
3064.270471
3064.406786
3065.378429
3065.930234
3066.019873
3066.492342
3066.575151
3066.684036
3066.703411
3066.711103
3066.805333
3067.293645
3068.356513
3068.411567
3068.636445
3068.759864
3069.719257
3070.081529
3070.089348
3070.753258
3071.058372
3071.727628
3071.764022
3071.780751
3072.046017
3072.063704
3072.112887
3072.905361
3073.269798
3073.600505
3073.854344
3074.336498
3074.540098
3074.607355
3074.681596
3075.462797
3075.770567
3075.934769
3076.136377
3076.159924
3076.236981
3076.433092
3076.925218
3076.954795
3076.988344
3077.16512
3077.297813
3077.86528
3078.228188
3079.049735
3079.1921
3079.299953
3079.422582
3079.48077
3079.570588
3080.057288
3080.320706
3081.776117
3081.998481
3082.21392
3082.342442
3082.703827
3083.055228
3083.906599
3084.226889
3084.582405
3084.71626
3084.92851
3086.550144
3087.011409
3087.473196
3088.110379
3088.918482
3089.245257
3089.278484
3089.364963
3089.435079
3091.016387
3091.055334
3091.994557
3092.596694
3092.838832
3093.153169
3094.456626
3094.547212
3094.576378
3094.765864
3094.940024
3095.032183
3095.62618
3096.09008
3096.763993
3097.328742
3097.579008
3097.591202
3097.697533
3098.202345
3098.279301
3099.328701
3099.733428
3099.844409
3099.851353
3100.461539
3100.468053
3100.876452
3100.940069
3101.118089
3101.351959
3101.391571
3101.456359
3101.866136
3102.236186
3102.538618
3103.376563
3103.563427
3103.628918
3103.687542
3104.218244
3104.271863
3104.949003
3105.107823
3105.181836
3105.39858
3105.401499
3105.686894
3105.796948
3106.35711
3106.656704
3106.746961
3106.852623
3107.464771
3107.632709
3107.733769
3107.738706
3108.669072
3109.174983
3109.524267
3109.587893
3109.723302
3109.975395
3110.561616
3111.393116
3111.516177
3111.647119
3111.825754
3112.667588
3112.735237
3112.7875
3113.045241
3113.320268
3113.339572
3113.772632
3113.856926
3114.16046
3114.20431
3114.675472
3114.781995
3115.113278
3115.410016
3115.459294
3115.640953
3116.579742
3116.618056
3116.855756
3117.243255
3117.316486
3117.359405
3117.743623
3118.137684
3119.385607
3119.486896
3119.888353
3119.955173
3120.455728
3120.834486
3121.079133
3121.981734
3122.299533
3122.672652
3122.685321
3122.843262
3123.101959
3123.297387
3123.997186
3124.246099
3124.362991
3125.107758
3125.249387
3125.79722
3125.98549
3126.259906
3127.611573
3128.250811
3128.280592
3128.906979
3129.437369
3130.128085
3130.514089
3131.262448
3131.55006
3131.572532
3131.755738
3131.897766
3132.76726
3132.867643
3133.754535
3134.11072
3134.417143
3134.912441
3134.980641
3135.001765
3135.499644
3135.640741
3135.707857
3136.029769
3137.876185
3137.893304
3138.825898
3139.714367
3140.521964
3141.564022
3142.234014
3142.550799
3142.909353
3143.145037
3143.280778
3143.572245
3144.174205
3144.506858
3144.648299
3145.958922
3146.595982
3146.781872
3147.291088
3147.314301
3147.460039
3147.757762
3147.850007
3147.91996
3147.932603
3148.010446
3148.063224
3148.257983
3149.191422
3149.638345
3150.454702
3152.246818
3152.334471
3154.140053
3154.395224
3154.413907
3155.205519
3155.259433
3156.060464
3156.206151
3156.270463
3156.525322
3157.617513
3158.680175
3160.191194
3160.723311
3161.164484
3161.494908
3161.694898
3164.478895
3164.565369
3164.694835
3165.003724
3165.2452
3165.570461
3165.571866
3165.779975
3166.089977
3166.117693
3166.134108
3166.186963
3166.426636
3167.223418
3167.750694
3168.448801
3168.922556
3169.416906
3169.419269
3169.975774
3170.096326
3170.96113
3171.161862
3171.289554
3171.542671
3171.882263
3171.990147
3173.344399
3174.227797
3174.655112
3175.090076
3175.522564
3175.550087
3176.376289
3176.543234
3176.804312
3177.162571
3177.878669
3178.258439
3178.755439
3179.495727
3179.834945
3179.957198
3180.102568
3180.115224
3180.152193
3180.351816
3180.445326
3180.941207
3182.408064
3182.701071
3182.855248
3183.565112
3184.10856
3184.213241
3184.597577
3185.151536
3186.387878
3187.242084
3187.528401
3187.813553
3188.479747
3188.970978
3189.999053
3192.156469
3193.326813
3194.184184
3194.552734
3194.747531
3194.963479
3195.009291
3196.175487
3196.205202
3196.454572
3196.98459
3197.123287
3197.52587
3197.774702
3198.181159
3198.509223
3198.956008
3199.451125
3199.524752
3200.520301
3200.738173
3201.323665
3202.563036
3202.740867
3203.285255
3203.560335
3204.936118
3206.134397
3206.630193
3207.007292
3207.032095
3207.754802
3208.029247
3208.349222
3209.915791
3211.357942
3212.035107
3212.548749
3212.578447
3215.512685
3215.585791
3216.683165
3218.992854
3219.729263
3219.862517
3220.963348
3221.490754
3222.267956
3222.777549
3222.946487
3223.003527
3223.387762
3224.507779
3226.973641
3228.871525
3230.073683
3230.099612
3230.13618
3231.450784
3234.46267
3236.760934
3237.342189
3238.635253
3239.889678
3240.556771
3240.885638
3241.902238
3242.145685
3242.158429
3244.295518
3245.20478
3245.343059
3245.645581
3245.877525
3246.255271
3250.429951
3250.700238
3250.961194
3251.222956
3253.172496
3253.945063
3254.936512
3255.046433
3256.75614
3257.128235
3258.559973
3260.310638
3260.395287
3266.412471
3267.032393
3268.568401
3269.333148
3269.669564
3274.005934
3275.97009
3276.409678
3277.552891
3278.673931
3278.806017
3282.190572
3286.424943
3287.069171
3288.448435
3289.715802
3291.153486
3295.914384
3303.533592
3305.26777
3308.320349
3309.451779
3310.892058
3311.082755
3314.219115
3321.012749
3328.748079
3333.996507
3340.011413
3340.198025
3345.505362
3346.007035
3348.817496
3349.060157
3349.844244
3351.296218
3356.346088
3357.875421
3362.423605
3373.179194
3373.974702
3375.146921
3376.072754
3379.008211
3383.295145
3383.669172
3384.747644
3386.190998
3387.449202
3394.153408
3394.556609
3395.248566
3403.473044
3410.716437
3417.710876
3423.031095
3427.096068
3427.214289
3431.642997
3434.804912
3439.081741
3442.897157
3443.4022
3449.279809
3452.43748
3454.596326
3457.110763
3458.137179
3468.275888
3476.452807
3476.60731
3477.88996
3481.375752
3489.822256
3496.135901
3498.169904
3506.648437
3516.203857
3517.770626
3519.89405
3521.409467
3524.538482
3525.675384
3525.844745
3541.798172
3544.996157
3557.040759
3557.082377
3557.419292
3568.513139
3571.681847
3576.717727
3596.297262
3606.661764
3611.31454
3611.89922
3628.634477
3638.049321
3642.321778
3653.325411
3654.849211
3669.55678
3674.837981
3695.11348
3699.333215
3711.567081
3711.84574
3717.886841
3721.316505
3746.542773
3792.228308
3798.021919
3819.867431
3833.578059
3849.176566
3857.207634
3859.759171
3895.8287
3976.361654
4012.257089
4586.258247
