207.75893
213.152179
213.323512
213.49749
213.714242
213.926628
214.043915
214.851798
214.894106
215.50598
215.682534
216.013791
216.392323
216.593942
216.822084
217.355072
217.469193
217.543431
217.632045
218.442097
218.466184
218.552548
218.56952
218.646046
218.970185
219.050107
219.051678
219.075113
219.127908
219.158737
219.170211
219.209707
219.525157
219.536213
219.774893
219.827324
219.828986
220.118385
220.225897
220.378387
220.494197
220.724866
220.915992
220.953469
221.007397
221.055394
221.09097
221.124151
221.184833
221.398194
221.685453
221.876186
221.93676
221.951102
222.2389
222.286336
222.494962
222.680944
222.717839
222.755207
222.774194
222.806919
223.046716
223.386907
223.396933
223.495053
223.536181
223.574955
223.666102
223.86321
224.11559
224.371806
224.63277
224.68522
224.823915
224.991816
225.064678
225.125941
225.14376
225.149368
225.255314
225.387314
225.39107
225.420818
225.731172
225.752141
225.753281
225.772586
225.779968
225.855122
225.911407
225.957416
225.996733
226.043597
226.135194
226.204826
226.222079
226.323574
226.419525
226.425281
226.427513
226.491512
226.526005
226.730397
226.796664
227.023524
227.119292
227.160176
227.262461
227.327685
227.441139
227.449121
227.450178
227.458415
227.465256
227.521293
227.529337
227.575503
227.648557
227.67255
227.79724
227.803892
227.839678
227.85978
227.867656
227.872643
227.927782
227.972115
228.047011
228.047096
228.063879
228.081766
228.115796
228.119168
228.146156
228.182927
228.212297
228.230142
228.259336
228.274526
228.351684
228.489585
228.541576
228.600107
228.602816
228.637986
228.646903
228.662217
228.693438
228.719278
228.800091
228.865718
228.88466
228.900687
228.948545
228.977585
229.021686
229.042766
229.091976
229.191507
229.195565
229.248045
229.262901
229.299769
229.342578
229.441384
229.443695
229.461601
229.465919
229.475602
229.496643
229.538528
229.57029
229.605542
229.611015
229.63595
229.658285
229.827097
229.84322
229.846588
229.869222
229.897386
229.96185
230.053861
230.062048
230.0635
230.067408
230.155545
230.170816
230.179354
230.238959
230.292932
230.292971
230.295183
230.374102
230.386253
230.394636
230.474089
230.510241
230.534779
230.568521
230.644879
230.728722
230.740473
230.761645
230.782752
230.805526
230.812932
230.924804
230.925262
230.93379
231.04574
231.077666
231.165676
231.169766
231.241428
231.296868
231.297074
231.306108
231.345436
231.42637
231.641363
231.727907
231.815722
231.890324
231.941676
232.052295
232.153726
232.261949
232.2895
232.33391
232.345482
232.382359
232.475215
232.495158
232.522952
232.573334
232.621789
232.6228
232.636789
232.640971
232.710987
232.750045
232.800721
232.809928
232.838877
232.915868
232.992098
232.993526
233.166313
233.289196
233.290063
233.334968
233.379075
233.402035
233.452475
233.473545
233.491541
233.583592
233.616847
233.624545
233.636649
233.67719
233.688293
233.701764
233.713374
233.762093
233.803742
233.830547
234.022054
234.064964
234.089472
234.124548
234.225747
234.271923
234.305642
234.308212
234.365639
234.380287
234.384982
234.422569
234.430173
234.493288
234.52431
234.591083
234.607226
234.64218
234.644782
234.85689
234.970823
235.00981
235.233268
235.267867
235.459011
235.502518
235.556306
235.702361
235.722022
235.83521
235.986917
236.023371
236.219238
236.268065
236.268937
236.280582
236.372198
236.390158
236.436945
236.478663
236.494463
236.665676
236.673795
236.680358
236.814016
236.823234
237.373648
237.39997
237.431083
237.461328
237.487821
237.522043
237.68185
237.833964
238.004914
238.032233
238.179296
238.309667
238.357257
238.375395
238.5129
238.531586
238.558094
238.587742
238.749814
238.86025
238.88425
239.051362
239.195828
239.295055
239.569286
239.643102
239.719957
239.768119
239.944058
240.065094
240.482282
240.668262
240.921102
241.104601
241.25409
241.262332
241.282523
241.34665
241.81432
242.40128
242.627613
242.753468
243.18174
243.284182
243.438176
243.451577
243.616627
243.645153
243.714864
243.982462
244.237309
244.4339
244.853217
244.987418
245.493813
245.802886
246.96063
247.236231
247.684278
248.421484
248.493933
248.581936
248.871465
248.922629
249.182054
249.203248
257.354671
257.641493
260.910195
