44.910811
45.53432
45.986666
46.088326
46.20178
46.964418
47.366954
47.694224
48.694204
48.7775
49.655005
50.148172
50.196158
50.216796
50.234759
50.598958
52.203567
53.319025
53.684188
54.345377
54.835943
55.415701
56.59093
57.334654
58.895319
59.389011
62.238582
64.888483
70.50026
75.537904
76.318479
77.105238
78.201138
78.855225
80.185131
80.563309
81.784847
82.343763
82.623837
84.209302
84.736341
84.859761
85.054161
86.773996
87.021972
87.20773
87.338452
87.41033
87.447365
87.746632
87.979078
88.192354
88.298998
88.341119
89.304417
91.091191
91.447813
91.928963
92.478644
93.424527
94.107769
94.413835
95.28142
95.590075
97.169279
97.239778
97.861603
99.697035
100.322074
100.343915
102.60935
103.338719
103.454116
104.160876
107.243093
107.356749
107.644509
107.667052
108.263769
109.173269
110.354624
111.133193
111.69756
112.277681
113.085041
113.207004
114.23667
117.080182
117.927361
121.142049
122.25942
125.722456
126.102597
126.193358
128.192479
128.725288
130.006709
130.935398
134.051526
136.000406
136.304758
137.006719
137.628129
138.165603
140.882544
141.670834
142.284576
142.476346
142.535918
142.655275
142.679044
143.404463
143.820489
144.078287
144.266499
144.341617
144.510739
144.535088
144.939611
145.112512
145.480319
145.582058
145.640984
145.7893
145.909098
146.131262
146.376711
146.488359
146.533976
146.537749
146.567762
146.608066
146.84608
146.907419
147.429536
147.763122
147.830125
148.180393
148.710326
148.848354
148.895339
149.138137
149.1561
149.249245
149.286108
149.357595
149.363174
149.584726
149.666299
149.670945
149.837571
150.073459
150.082882
150.234752
150.309141
150.565622
150.75242
151.073658
151.28425
151.29958
151.338333
151.403515
151.443545
151.720928
151.7253
151.896255
151.959071
151.971797
152.031108
152.197417
152.480288
152.500514
152.627144
152.640688
152.642342
152.658434
152.704715
152.755635
152.886056
152.939421
153.25311
153.273229
153.282054
153.595229
153.778863
153.783756
153.78946
154.08657
154.283098
154.372891
154.389224
154.423167
154.513585
154.622917
154.80061
154.867126
154.927215
154.986082
154.993614
155.202584
155.326812
155.340186
155.441009
155.535243
155.543123
155.754113
155.791434
155.841934
155.886591
155.935338
155.98809
156.001181
156.301156
156.312107
156.36263
156.512685
156.580646
156.61336
156.699145
156.810198
156.86102
156.905505
156.970998
157.001591
157.069553
157.321915
157.474043
157.496668
157.577322
157.646121
157.701654
157.770304
157.924771
157.967174
158.012155
158.11538
158.187709
158.189331
158.302213
158.305455
158.451235
158.470761
158.487573
158.513151
158.517509
158.53652
158.539974
158.585281
158.743403
158.775882
158.803286
158.905834
158.922066
158.998329
159.045352
159.104274
159.146463
159.157503
159.202121
159.334833
159.352688
159.406611
159.421424
159.707684
159.708472
159.715032
159.77329
159.787678
159.942391
160.141458
160.182526
160.279269
160.318572
160.324555
160.392221
160.464187
160.510731
160.517691
160.601923
160.605383
160.615704
160.798766
160.822023
160.892838
160.932988
161.211754
161.298891
161.383467
161.389514
161.448423
161.476539
161.515262
161.569134
161.601103
161.605155
161.608445
161.66501
161.68312
161.699289
161.838554
161.85835
161.90616
161.986335
162.010247
162.022048
162.056553
162.190079
162.246673
162.259451
162.293874
162.326159
162.341319
162.351327
162.44778
162.460744
162.471555
162.49699
162.552872
162.555957
162.565888
162.567527
162.579446
162.583587
162.591426
162.602889
162.610158
162.677046
162.707231
162.728267
162.752108
162.787945
162.806527
162.816567
162.854862
162.877735
162.892223
162.912755
162.933828
162.934026
162.967722
162.969681
163.026108
163.03327
163.131549
163.165012
163.167437
163.184947
163.202605
163.275935
163.312235
163.339749
163.42026
163.467337
163.479491
163.600838
163.640397
163.659134
163.717156
163.729876
163.750703
163.783151
163.784425
163.788992
163.806129
163.806926
163.850919
163.894816
164.061915
164.109965
164.237732
164.260613
164.324395
164.334464
164.342762
164.383512
164.3968
164.412576
164.415672
164.429174
164.467062
164.496623
164.496643
164.506211
164.515342
164.52111
164.525983
164.53224
164.55131
164.590798
164.612908
164.639932
164.782503
164.809764
164.835383
164.914434
165.017387
165.044799
165.079483
165.080799
165.099676
165.102464
165.169014
165.209989
165.213223
165.239408
165.30007
165.341426
165.358911
165.377229
165.379097
165.38802
165.400167
165.42301
165.437496
165.441979
165.451251
165.472015
165.472852
165.49355
165.524506
165.556967
165.565647
165.568162
165.596111
165.605864
165.610478
165.611033
165.640146
165.662514
165.67733
165.704172
165.768264
165.777312
165.794986
165.806355
165.841356
165.865263
165.86949
165.90316
165.907646
165.943645
166.00057
166.0117
166.013191
166.041866
166.043933
166.045961
166.144168
166.174597
166.184402
166.224084
166.276483
166.28222
166.296518
166.323933
166.325104
166.361321
166.37828
166.386647
166.427813
166.429226
166.4429
166.443587
166.449987
166.466798
166.517331
166.52211
166.543393
166.550436
166.56654
166.569257
166.592643
166.594066
166.599536
166.6181
166.619101
166.623854
166.635488
166.640999
166.643165
166.655114
166.669335
166.672872
166.678933
166.698499
166.723082
166.72703
166.744275
166.746037
166.753714
166.787312
166.877186
166.881598
166.887406
166.88977
166.911204
166.930093
166.935898
167.00012
167.015086
167.032319
167.035006
167.051229
167.156534
167.16165
167.162762
167.21588
167.217444
167.241993
167.250825
167.258082
167.266318
167.268485
167.283089
167.284605
167.314767
167.326937
167.340714
167.351215
167.416216
167.430837
167.445126
167.485337
167.497333
167.533743
167.576618
167.578148
167.601082
167.625567
167.682556
167.692479
167.713896
167.738694
167.748865
167.751898
167.756215
167.758215
167.765368
167.771367
167.793867
167.816347
167.817609
167.833406
167.848268
167.85375
167.870606
167.88861
167.948853
167.988698
167.989264
168.047938
168.050857
168.050917
168.060207
168.063124
168.075377
168.101177
168.114698
168.165438
168.194404
168.208472
168.220559
168.243502
168.2707
168.289911
168.338425
168.339283
168.381346
168.398
168.426866
168.449627
168.456288
168.47698
168.477885
168.533729
168.539339
168.53968
168.548263
168.557818
168.562409
168.564012
168.576097
168.610053
168.676153
168.692623
168.712105
168.738091
168.779666
168.782284
168.790232
168.801607
168.811285
168.811624
168.841138
168.869718
168.870652
168.871305
168.877591
168.895075
168.90733
168.937983
168.969219
168.969376
168.983666
168.986926
168.989848
169.001055
169.018692
169.01936
169.030395
169.04197
169.06975
169.070924
169.071303
169.074969
169.086731
169.087332
169.156614
169.18314
169.226997
169.254277
169.255051
169.274712
169.299268
169.299323
169.354158
169.356349
169.363923
169.381438
169.416861
169.418349
169.419011
169.44803
169.469288
169.470825
169.487336
169.514795
169.553571
169.562326
169.586687
169.6006
169.601393
169.648934
169.658737
169.687847
169.745356
169.76575
169.784807
169.811574
169.84041
169.862956
169.868602
169.884475
169.8897
169.892871
169.900647
169.962844
169.969916
169.985787
169.987726
170.032296
170.043636
170.127768
170.141999
170.149273
170.155035
170.158148
170.201961
170.227674
170.229116
170.260762
170.301893
170.30436
170.306048
170.32961
170.364174
170.371708
170.372921
170.410165
170.411978
170.415808
170.434693
170.481555
170.514825
170.543438
170.557117
170.579952
170.61426
170.641496
170.645127
170.648567
170.695001
170.695341
170.723826
170.749116
170.749618
170.764632
170.797417
170.809067
170.843202
170.877554
170.918301
170.941765
170.950363
170.966096
171.005205
171.010232
171.010869
171.054693
171.086106
171.106637
171.111524
171.113808
171.113859
171.154877
171.15902
171.182353
171.232054
171.26414
171.264475
171.305754
171.326543
171.342634
171.345371
171.351658
171.355184
171.355317
171.363203
171.369585
171.387728
171.388191
171.393326
171.430514
171.466507
171.47221
171.491171
171.503315
171.50987
171.518401
171.518649
171.556347
171.557683
171.573481
171.586355
171.599094
171.61534
171.61678
171.627463
171.634062
171.645538
171.696033
171.708334
171.718606
171.728218
171.729296
171.764698
171.795052
171.796639
171.811789
171.81565
171.850189
171.858245
171.874991
171.898448
171.911669
171.939907
171.948523
171.956623
171.985353
172.011432
172.015371
172.025591
172.082261
172.083527
172.110763
172.113642
172.122204
172.130512
172.144241
172.152598
172.181347
172.197959
172.229435
172.252204
172.257713
172.260005
172.262619
172.327275
172.328114
172.366369
172.388081
172.390022
172.402872
172.415465
172.428877
172.429955
172.433044
172.434336
172.454642
172.456697
172.495017
172.495781
172.533489
172.535041
172.547596
172.572404
172.579962
172.625599
172.646305
172.653706
172.656313
172.657194
172.662897
172.760708
172.774733
172.802097
172.802739
172.847105
172.878163
172.917355
172.930661
172.975736
172.986705
173.019723
173.046292
173.081145
173.103783
173.111665
173.168372
173.172822
173.178699
173.209729
173.210211
173.353401
173.396136
173.411922
173.412539
173.447592
173.482167
173.492109
173.503064
173.513626
173.519362
173.580863
173.609419
173.629802
173.650805
173.692913
173.698218
173.699112
173.73525
173.74248
173.74805
173.76455
173.776868
173.788138
173.822394
173.840959
173.895393
173.901661
173.944128
173.965289
173.970771
174.031341
174.045145
174.048425
174.05389
174.05502
174.060263
174.066209
174.08163
174.094592
174.12314
174.137898
174.145147
174.152805
174.182264
174.187542
174.205298
174.207253
174.212725
174.217865
174.257995
174.262186
174.271801
174.274131
174.281036
174.282044
174.315288
174.315413
174.317476
174.32447
174.343269
174.349395
174.356859
174.38706
174.389718
174.392743
174.422212
174.434373
174.43937
174.445736
174.488393
174.520918
174.521962
174.523036
174.567193
174.570866
174.571439
174.584213
174.590977
174.628578
174.640692
174.669586
174.742405
174.800432
174.828875
174.829847
174.849375
174.856127
174.868025
174.886098
174.888731
174.910269
174.959271
174.963028
174.97517
174.992476
174.998147
175.022512
175.038835
175.075762
175.076222
175.0869
175.096
175.096473
175.099094
175.115416
175.140651
175.142097
175.144821
175.148902
175.202856
175.20851
175.237856
175.262714
175.275761
175.301227
175.350573
175.356917
175.419712
175.425908
175.441267
175.451839
175.454797
175.492828
175.542978
175.551647
175.571953
175.589132
175.627099
175.638464
175.647301
175.649729
175.653337
175.674088
175.699853
175.706392
175.71971
175.7363
175.750255
175.760861
175.761754
175.772311
175.781095
175.785209
175.793243
175.795839
175.809318
175.823339
175.830953
175.862524
175.870039
175.875011
175.897898
175.971703
175.984117
175.98694
175.990044
175.999497
176.067437
176.165202
176.184394
176.216266
176.217002
176.224331
176.24953
176.253907
176.278742
176.296877
176.310522
176.331297
176.336824
176.359197
176.370769
176.37901
176.383665
176.388659
176.398395
176.419419
176.429512
176.435006
176.476782
176.504944
176.510389
176.512163
176.513398
176.515506
176.535489
176.536066
176.54354
176.552707
176.558538
176.565643
176.582786
176.601882
176.645561
176.723344
176.732937
176.739463
176.774369
176.775236
176.776101
176.813238
176.839974
176.842612
176.946859
176.983127
176.984201
176.984614
177.020917
177.026361
177.036311
177.036768
177.04076
177.050871
177.051053
177.054225
177.127347
177.159289
177.196846
177.2493
177.259218
177.299375
177.30728
177.319635
177.32079
177.326518
177.369895
177.379171
177.38244
177.395061
177.405799
177.411129
177.417283
177.425755
177.437011
177.448256
177.472338
177.478418
177.498088
177.525007
177.540793
177.541814
177.56852
177.57838
177.61653
177.655865
177.663067
177.671528
177.695879
177.721999
177.732627
177.755322
177.788559
177.800883
177.815103
177.84959
177.868659
177.869564
177.924491
177.974705
178.024523
178.095793
178.100828
178.10339
178.148892
178.153008
178.175866
178.189672
178.202557
178.239592
178.245886
178.253403
178.293745
178.30674
178.345386
178.394876
178.406699
178.447912
178.482989
178.511526
178.546655
178.557688
178.561053
178.56764
178.578787
178.615636
178.625289
178.627018
178.668043
178.678355
178.702263
178.711364
178.749615
178.752576
178.78253
178.782891
178.783742
178.789059
178.832836
178.960678
178.96341
178.975626
178.982164
178.999544
179.021762
179.035142
179.044764
179.153191
179.157226
179.165489
179.17761
179.196151
179.276017
179.31489
179.348197
179.370304
179.390108
179.430867
179.43614
179.44405
179.469086
179.472045
179.47231
179.555379
179.575472
179.602693
179.626057
179.65812
179.661934
179.662654
179.671341
179.711205
179.745496
179.757725
179.758789
179.760175
179.774342
179.815656
179.836883
179.949567
179.970065
180.035506
180.066067
180.104037
180.192633
180.193671
180.210956
180.218731
180.239152
180.256524
180.282343
180.344926
180.370862
180.387748
180.394363
180.486465
180.533327
180.59788
180.601464
180.646544
180.663779
180.689848
180.715747
180.726116
180.741911
180.782551
180.794471
180.892885
180.902447
180.906744
180.929972
180.981835
181.019116
181.021472
181.02288
181.04628
181.061073
181.061316
181.083697
181.156685
181.165325
181.231824
181.257659
181.279864
181.327909
181.337357
181.340755
181.369409
181.375883
181.405318
181.430764
181.457825
181.471264
181.474455
181.548511
181.554134
181.554907
181.575631
181.597642
181.610969
181.636555
181.651439
181.681372
181.686813
181.694333
181.697268
181.731873
181.781272
181.783544
181.803869
181.838733
181.846517
181.847575
181.866723
181.87453
181.876651
181.882474
181.886664
181.902272
181.918282
181.919484
181.934483
181.939961
181.974425
181.991934
182.019556
182.053963
182.081662
182.093533
182.110045
182.142916
182.16986
182.183519
182.188234
182.197322
182.20597
182.309045
182.316053
182.370072
182.377098
182.401404
182.409141
182.410063
182.426379
182.449474
182.482182
182.56161
182.572839
182.592758
182.592927
182.615543
182.628916
182.642433
182.700775
182.80843
182.86126
182.884668
182.906474
182.975172
182.987375
182.988539
183.087459
183.13726
183.205258
183.215829
183.225106
183.263757
183.272349
183.278308
183.285831
183.294692
183.32494
183.341753
183.390072
183.405743
183.436572
183.470234
183.486346
183.502885
183.523404
183.557385
183.561022
183.59194
183.605247
183.65387
183.685011
183.736935
183.753305
183.768426
183.773587
183.776937
183.783786
183.875561
183.918995
183.965327
183.968536
183.977719
184.009794
184.013903
184.022885
184.048937
184.075677
184.08865
184.089288
184.10694
184.118632
184.135941
184.165633
184.16854
184.202752
184.239569
184.283645
184.313687
184.340318
184.344401
184.349695
184.423297
184.441788
184.47538
184.493901
184.551642
184.558772
184.65753
184.668803
184.684587
184.687251
184.69088
184.790129
184.798385
184.860157
184.924931
184.926397
184.935355
184.943207
184.95166
184.970067
184.972484
184.986983
185.04205
185.117433
185.117438
185.141441
185.151791
185.152895
185.166895
185.168554
185.181108
185.185288
185.224464
185.258403
185.282388
185.291089
185.326399
185.32726
185.393983
185.441749
185.446191
185.468453
185.515048
185.570038
185.603656
185.641278
185.669878
185.670938
185.683369
185.686077
185.776257
185.795337
185.838334
185.86022
185.875404
185.9057
185.908145
185.908211
185.908242
185.90935
185.923833
185.926991
185.949572
186.007801
186.049352
186.050539
186.080713
186.104215
186.124023
186.1595
186.255172
186.288821
186.410838
186.434264
186.447633
186.522647
186.603294
186.655199
186.685917
186.690485
186.706378
186.711433
186.734074
186.746427
186.777321
186.785956
186.792076
186.797558
186.806884
186.814387
186.836838
186.84348
186.880684
186.889945
186.889985
186.908724
186.918271
187.14524
187.178788
187.208144
187.215714
187.226839
187.25676
187.39154
187.433327
187.487972
187.50839
187.533697
187.585999
187.613031
187.613121
187.637216
187.644359
187.690666
187.751939
187.8069
187.827489
187.835865
187.884157
187.920513
187.93314
187.955104
188.026046
188.03106
188.034152
188.034486
188.045284
188.080036
188.097045
188.111342
188.142849
188.156146
188.198358
188.204073
188.310786
188.314809
188.328898
188.363971
188.370611
188.379445
188.497853
188.625709
188.633982
188.684825
188.701092
188.723916
188.736657
188.750335
188.782614
188.801774
188.8458
188.912841
188.92549
188.938234
188.942746
189.009795
189.027673
189.050892
189.082576
189.139739
189.162696
189.261242
189.323529
189.367875
189.407247
189.418685
189.475988
189.583604
189.604875
189.606183
189.634172
189.656691
189.667404
189.742154
189.852596
189.959058
189.977509
189.99065
190.030228
190.078988
190.080223
190.17749
190.205508
190.251819
190.268513
190.29205
190.323401
190.35692
190.439476
190.453603
190.46659
190.502453
190.535573
190.574972
190.718909
190.724405
190.763006
190.786957
190.792308
190.799063
190.802933
190.851315
190.85302
190.974551
191.155406
191.188865
191.212097
191.520917
191.638224
191.688523
191.797523
191.923156
192.059122
192.063371
192.109609
192.128037
192.354854
192.415158
192.492881
192.663784
192.710462
192.729472
192.886684
192.900966
192.920657
193.302281
193.442681
193.575612
193.653573
193.670435
193.834237
193.901551
194.045291
194.099021
194.136505
194.231151
194.296767
194.32058
194.382784
194.389404
194.429276
194.469856
194.667856
194.680691
194.741962
194.927615
195.083357
195.138724
195.363547
195.394147
195.409596
195.457263
195.473749
195.554921
195.584225
195.95381
195.954467
196.100795
196.113056
196.156861
196.168979
196.326525
196.346836
196.598855
196.653809
196.7978
196.846923
196.928158
196.980914
197.121992
197.13974
197.349331
197.382183
197.463975
197.694216
197.833934
197.894936
197.895224
198.005969
198.04252
198.427686
198.511889
198.594074
198.789242
198.878381
198.923333
198.962773
199.104211
199.170504
199.358716
199.390381
199.424317
199.447147
199.511948
199.562248
199.608542
199.664643
199.669344
199.815263
199.838799
199.936958
199.995129
200.105255
200.179772
200.231466
200.24729
200.351362
200.449637
200.481799
200.618123
200.997128
201.168732
201.383452
201.611677
201.709301
201.878762
202.289705
202.32564
202.648775
202.78986
202.870947
202.938332
203.028685
203.097292
203.301414
203.306144
203.581368
203.868067
204.425496
204.467393
204.688019
204.772066
204.910101
205.125801
205.449151
205.741501
205.953801
206.323343
206.426495
206.805942
206.957012
207.013118
207.053954
207.217563
207.31226
207.48739
207.494228
207.557006
207.680149
207.967659
208.014541
208.088451
208.163678
208.234648
208.258778
208.565814
209.085213
209.132121
209.252374
209.328713
209.35941
209.475173
209.820358
209.991663
210.17224
210.290548
210.700461
211.028611
211.379856
211.423203
212.022362
212.161948
212.481154
212.503265
212.88537
213.504088
213.518682
213.843999
214.929505
215.29272
215.311818
215.493216
215.725729
215.764719
215.765966
215.794079
216.320493
216.38676
216.604226
217.182221
217.227833
217.676791
217.881779
217.887663
218.263079
218.490632
218.557953
218.676349
218.859714
218.896058
218.912525
219.190604
219.467419
219.523745
219.613754
219.64848
219.7642
220.239832
220.548429
220.568239
221.053259
221.48895
221.77709
221.957703
222.562414
222.632558
222.675345
222.920036
223.211572
223.858061
224.057776
224.08294
225.028287
225.501595
225.850614
225.970242
226.277519
226.566597
226.628981
226.763686
226.830036
226.876111
227.073838
227.228798
227.270299
227.439283
227.748006
228.399378
228.754804
228.807091
228.836759
229.137485
229.874224
230.801192
231.330818
231.848015
231.904152
232.069493
232.251933
232.446273
232.788639
232.815229
233.438578
233.853245
234.099338
234.259263
234.865394
235.118857
235.2806
235.345842
235.88285
236.023805
236.440308
236.553262
236.595807
236.716324
236.798442
237.241474
237.69169
237.76697
238.299997
239.42007
239.679165
239.866763
240.061058
240.605351
241.125363
241.579592
241.581482
241.866879
242.063372
242.22896
242.412368
242.893014
243.26706
243.601872
244.179598
244.284142
244.514684
244.91617
244.9608
245.497433
245.567776
245.682634
245.973796
246.142215
246.402112
247.164533
247.231225
247.410565
247.429159
247.689225
247.690252
248.110645
248.346256
248.688889
248.914075
248.975605
249.323273
251.096278
251.34272
251.678296
252.201608
252.444858
252.481452
252.716479
253.386091
253.907761
254.381125
254.395913
255.132242
255.156568
255.54983
255.554344
255.971202
256.298089
256.987811
257.275025
257.321238
257.80387
258.285535
258.571626
258.960933
259.037517
259.217231
259.28822
259.304017
259.557401
260.003723
260.586536
261.422215
262.100331
262.127745
262.893853
263.069656
263.578515
264.001195
264.772424
264.847892
265.233703
265.344448
268.239932
269.168649
269.224796
269.907791
270.280291
270.354414
270.61673
270.842677
270.966036
272.326718
272.414037
273.672711
274.094055
274.179701
274.810382
275.577681
275.692992
275.828782
277.350918
277.43092
277.707917
278.012614
278.228621
278.506878
278.592867
278.742017
279.205305
280.859392
280.92618
281.048872
281.224504
281.726676
282.080938
282.957403
284.12774
284.353388
284.769272
285.589368
286.136531
286.53699
286.804249
286.837754
287.32094
288.439377
288.832974
289.251934
289.254184
289.611774
290.320397
290.415982
291.516271
291.604521
292.45608
292.75164
292.811734
293.822087
296.886688
297.407938
297.786479
298.371964
298.374946
298.728326
300.787694
301.605078
302.41097
302.739717
305.582486
306.848552
307.051193
308.580697
310.784902
310.841444
313.989969
315.023327
317.068798
322.090816
323.469772
324.936425
326.317611
326.707453
331.084957
335.490601
340.00552
344.062041
345.816563
351.820688
354.698204
355.279864
362.281172
363.376783
372.410815
382.079559
386.568658
391.298535
409.005527
430.638739
432.569349
435.236726
436.867754
441.749824
456.977291
467.129198
501.345383
501.880324
544.758004
567.213744
585.078245
660.888424
692.728283
771.883049
843.957893
845.393292
1005.831797
1107.34837
