1.503292
7.309147
7.392495
7.565861
7.666167
7.771462
7.805402
8.017343
8.492036
8.710574
8.798723
8.824113
9.146429
9.478682
9.546655
9.567542
9.586296
9.98865
10.246901
10.32577
10.326394
10.509131
10.578461
10.833378
11.248925
11.292131
11.411621
11.553719
11.755726
12.145583
12.256298
12.288692
12.369484
12.62114
12.7555
13.471082
13.785551
15.343753
15.488291
15.779222
16.438573
17.633982
19.035266
25.56694
26.08498
26.309974
75.594434
96.857747
108.482651
111.072706
111.837515
113.07491
113.373945
120.135719
120.564899
121.091533
122.062364
122.127526
122.231862
123.894672
124.177386
124.964566
125.151526
125.239794
126.080603
126.473393
126.491142
126.707613
126.964862
127.01096
127.314641
127.468834
128.158074
128.256027
128.470295
128.596293
128.943885
129.117291
129.484927
129.901427
129.929464
130.660635
130.717703
131.136579
131.571348
131.727088
131.834302
132.078433
132.610297
132.834343
133.149804
133.897906
134.140888
134.766755
135.500495
135.618917
135.956367
136.641314
137.360364
138.291145
138.476597
138.857613
139.40086
139.520273
140.701809
142.606458
142.761999
143.051763
143.231661
143.350087
143.964725
144.751595
144.839869
145.783632
146.252247
146.420953
147.425231
147.527648
147.708721
148.168924
149.003637
149.075862
149.474265
149.767278
150.148935
150.344871
150.72078
151.070147
151.149361
151.563435
152.199038
152.716377
153.041671
153.290884
153.463678
153.701883
153.951311
154.063728
154.066345
154.209474
154.761375
155.02831
155.036744
155.163447
155.274493
155.754892
155.853525
156.16515
156.339858
156.575431
156.785847
156.938933
157.018845
157.158465
157.387683
157.472917
157.631841
157.736208
157.762819
157.770156
158.128979
158.440976
158.485889
158.531608
158.561258
158.855275
158.901105
158.996603
159.167752
159.17165
159.495567
159.654218
159.726622
160.031828
160.141751
160.179119
160.519198
161.016861
161.150893
161.15195
161.3075
161.320093
161.459679
161.932362
162.080313
162.192276
162.20634
162.490907
162.60572
162.733676
162.812243
163.07728
163.096814
163.127893
163.419309
163.43983
163.506975
163.557834
163.690297
163.748834
163.908093
163.922657
164.064544
164.408237
164.520059
164.89759
165.320848
165.433224
165.50795
165.549484
165.766585
166.483252
166.576762
167.295806
167.327408
167.870423
167.879822
168.136251
168.390123
168.755815
168.784392
168.881577
169.399304
169.423969
170.055979
170.146318
170.344124
170.449722
170.690514
170.957559
170.969509
171.621211
171.688685
172.191187
173.061864
173.141023
173.512605
173.847295
174.463581
174.5765
174.627429
174.638941
174.816289
175.024984
175.505849
175.569691
175.75468
175.983842
176.728482
176.754414
176.83272
177.189116
177.493676
178.256273
178.35707
178.688343
178.801988
179.089112
179.283003
179.352918
179.399397
179.593156
179.88083
180.68948
181.188238
182.50609
183.087389
183.22976
185.507528
186.216503
186.388741
188.316231
188.639527
188.682884
189.778734
190.814355
193.384014
193.951054
194.550044
195.316216
197.182793
200.1551
203.560536
204.03724
207.205864
207.694718
212.274446
215.39485
227.353925
227.988176
228.196018
229.914244
235.326143
242.64642
244.537461
247.772305
252.342045
252.40036
254.306415
255.135845
256.219889
263.436957
280.567408
300.115449
309.925081
314.433078
388.867534
481.184926
501.897981
