187.244122
189.895074
191.737071
192.400804
194.954901
194.993148
197.829912
200.42392
201.425173
207.526665
208.06702
208.16528
209.253497
209.905346
210.459753
210.464918
211.001199
212.519809
212.558537
212.83917
213.517573
213.520164
214.21586
214.233835
214.328616
214.482168
214.775189
214.815371
214.865592
214.867107
214.888019
214.990949
215.246257
215.443654
215.541613
215.699317
215.782625
215.964032
216.300486
216.407336
216.43126
216.434235
217.258598
217.617032
217.813114
218.244785
218.31263
218.313218
218.697083
219.128684
219.195649
219.395685
219.478704
219.566985
219.988887
220.351039
220.414539
220.44871
220.474009
220.475203
220.573786
220.711982
220.779463
221.0406
221.134272
221.228647
221.270709
221.377442
221.421572
221.671738
221.900912
222.037853
222.118961
222.221623
222.275966
222.509712
222.732465
222.79777
223.155566
223.399382
223.450685
223.454026
223.621894
223.643849
223.65273
223.953558
223.972166
224.039333
224.081702
224.149316
224.184454
224.273185
224.357433
224.439889
224.570668
224.61639
224.731685
224.786822
224.881624
224.909648
224.937342
225.036675
225.088871
225.100365
225.142827
225.169873
225.210275
225.242319
225.272038
225.324138
225.328239
225.456402
225.492968
225.529099
225.534607
225.552609
225.554919
225.613744
225.631077
225.63797
225.674281
225.681218
225.715394
225.717656
225.754813
225.812717
225.841766
225.962445
226.025259
226.050692
226.057653
226.197328
226.305708
226.35667
226.380351
226.388343
226.39848
226.665596
226.693857
226.735018
226.804224
226.818416
226.833539
226.844015
226.876083
226.897754
226.942133
226.987357
226.999627
227.030381
227.081262
227.165523
227.171327
227.190136
227.222032
227.258989
227.310263
227.336372
227.370657
227.422786
227.467405
227.468393
227.557615
227.571384
227.655484
227.672352
227.71448
227.768164
227.785096
227.799794
227.803207
227.809049
227.838647
227.907164
227.92392
227.931475
227.960975
227.989439
228.073985
228.126824
228.134826
228.18121
228.260898
228.268821
228.273194
228.294762
228.32368
228.335683
228.41927
228.535997
228.582597
228.59429
228.650039
228.657798
228.691177
228.706553
228.756676
228.774515
228.825294
228.847733
228.855782
228.93175
228.955561
228.964878
228.975938
228.977395
228.987087
228.995606
229.065841
229.075438
229.121841
229.141166
229.163082
229.245759
229.262774
229.292358
229.314851
229.315811
229.319408
229.324256
229.350267
229.468836
229.482915
229.514524
229.52054
229.596207
229.597526
229.629141
229.644023
229.645457
229.672157
229.702537
229.712046
229.719558
229.730816
229.793391
229.795474
229.804727
229.811004
229.824854
229.89002
229.901226
229.914244
229.939527
229.939901
229.986029
229.998278
230.024758
230.093483
230.100681
230.100688
230.102576
230.105796
230.107231
230.121963
230.127502
230.147338
230.164259
230.170111
230.202451
230.221226
230.243477
230.253595
230.254109
230.268464
230.28658
230.297682
230.320594
230.325634
230.352469
230.355102
230.441781
230.480789
230.511102
230.546889
230.548654
230.588349
230.610029
230.615893
230.61723
230.627485
230.651397
230.658798
230.684069
230.694996
230.808227
230.813831
230.815272
230.823358
230.830016
230.862593
230.875792
230.886379
230.903972
230.915745
230.91587
230.945696
230.953237
230.975404
231.024216
231.043152
231.05217
231.10923
231.109828
231.113648
231.141411
231.169466
231.171076
231.222343
231.306043
231.309525
231.309812
231.324123
231.324724
231.339527
231.349937
231.352265
231.352883
231.379378
231.397067
231.406655
231.432137
231.48114
231.515401
231.540515
231.637976
231.645749
231.654146
231.682599
231.682778
231.705394
231.743846
231.74428
231.752115
231.781564
231.814796
231.830644
231.834239
231.845236
231.847095
231.863778
231.901066
231.914523
231.963969
231.96851
231.973901
231.976529
231.994479
232.043447
232.067104
232.102506
232.142589
232.191983
232.232343
232.244075
232.271479
232.273079
232.327018
232.33062
232.370663
232.398994
232.409585
232.422169
232.45082
232.46269
232.471764
232.500843
232.585155
232.613413
232.634681
232.636916
232.673587
232.683825
232.688393
232.72995
232.731262
232.773484
232.787263
232.817432
232.823576
232.839862
232.843729
232.876965
232.899676
232.96835
232.979104
232.9933
232.997475
232.999095
233.018002
233.028558
233.043323
233.04449
233.057328
233.068802
233.078654
233.084224
233.109941
233.116975
233.137066
233.143637
233.15911
233.186768
233.196289
233.197653
233.228262
233.281102
233.293781
233.295088
233.315354
233.322176
233.34738
233.355609
233.371397
233.385266
233.400817
233.416846
233.420915
233.451782
233.471576
233.500294
233.50666
233.541119
233.542461
233.561002
233.578192
233.634668
233.638546
233.64748
233.666904
233.671473
233.683148
233.685649
233.687966
233.690935
233.708325
233.715869
233.717668
233.739629
233.745705
233.792837
233.825052
233.829228
233.829468
233.837857
233.8406
233.887239
233.900967
233.901638
233.906468
233.934322
233.983061
233.995398
234.013101
234.060713
234.061119
234.133416
234.142849
234.175517
234.178816
234.216124
234.222332
234.254843
234.264126
234.345641
234.380568
234.384772
234.42278
234.434774
234.534643
234.570597
234.584866
234.624406
234.633804
234.670024
234.699558
234.700429
234.729553
234.749215
234.76203
234.789965
234.798696
234.816402
234.853209
234.898417
234.910222
234.910916
234.944645
234.945261
235.007293
235.0151
235.033444
235.042417
235.044397
235.052463
235.052708
235.056915
235.059009
235.064896
235.082471
235.093568
235.095409
235.099573
235.132108
235.142001
235.164719
235.172864
235.183349
235.193496
235.202548
235.209757
235.211689
235.230156
235.258359
235.267563
235.291825
235.371665
235.379713
235.382922
235.389744
235.413764
235.434883
235.466681
235.469131
235.483926
235.492485
235.521419
235.534274
235.534978
235.540012
235.565586
235.608811
235.620511
235.649713
235.661582
235.669768
235.681323
235.68974
235.699943
235.728279
235.754205
235.839173
235.842805
235.843536
235.843792
235.875162
235.886736
235.897512
235.933507
235.975805
235.977317
236.022911
236.03387
236.038069
236.050201
236.052358
236.071848
236.092329
236.13683
236.137259
236.167411
236.173342
236.214412
236.25724
236.280326
236.286821
236.287622
236.299027
236.302276
236.305276
236.326348
236.332119
236.339355
236.351813
236.420558
236.420727
236.449533
236.508019
236.519661
236.525346
236.574581
236.61721
236.693114
236.69355
236.706433
236.720172
236.736225
236.753199
236.763812
236.792657
236.798121
236.799032
236.803249
236.816469
236.823868
236.830219
236.836749
236.858682
236.864391
236.887127
236.890589
236.929586
236.986483
236.990615
236.994682
237.008957
237.015168
237.025838
237.038221
237.04335
237.043727
237.044017
237.047254
237.068352
237.072655
237.076335
237.078474
237.092382
237.110008
237.117196
237.139397
237.143665
237.154624
237.161206
237.169969
237.178555
237.200724
237.215937
237.223374
237.238199
237.260478
237.265169
237.271882
237.275079
237.330202
237.340196
237.341397
237.411247
237.470404
237.492793
237.507679
237.5257
237.53371
237.548904
237.563594
237.571749
237.627454
237.667636
237.689937
237.692947
237.708262
237.763004
237.829053
237.844248
237.863746
237.881657
237.900259
237.950689
237.954462
237.955844
237.963963
237.968956
238.001231
238.01955
238.022654
238.02634
238.052482
238.073388
238.089453
238.123664
238.153383
238.157343
238.158774
238.183005
238.184561
238.204574
238.221509
238.237023
238.245596
238.29458
238.338102
238.34594
238.362607
238.369406
238.385087
238.421175
238.43659
238.441522
238.448212
238.492502
238.494826
238.52602
238.527788
238.57161
238.578161
238.603745
238.608758
238.619764
238.626025
238.660086
238.667521
238.67821
238.737283
238.765177
238.768537
238.80393
238.81379
238.893151
238.958888
238.962372
239.005908
239.006134
239.041929
239.049029
239.056095
239.062695
239.073187
239.080639
239.084889
239.089763
239.152189
239.188309
239.209314
239.24409
239.248772
239.254179
239.262743
239.267114
239.308247
239.312119
239.330635
239.34968
239.374804
239.395256
239.40401
239.431683
239.434114
239.44873
239.501901
239.507999
239.536028
239.571422
239.585851
239.587918
239.600764
239.617211
239.634514
239.673897
239.681919
239.692865
239.696859
239.707803
239.730504
239.74772
239.753311
239.76803
239.772046
239.813583
239.849565
239.860709
239.867359
239.874004
239.881953
239.899178
239.907551
239.913179
239.91649
239.932388
240.020345
240.030337
240.035625
240.038414
240.083292
240.089462
240.097217
240.111412
240.112655
240.141217
240.161681
240.183558
240.233995
240.244571
240.258932
240.274575
240.277333
240.337136
240.342978
240.353175
240.365263
240.408673
240.41219
240.431526
240.436898
240.45594
240.458266
240.469695
240.487581
240.500565
240.521262
240.527996
240.579017
240.607562
240.611957
240.622087
240.627598
240.651514
240.654803
240.669192
240.676349
240.682698
240.712197
240.790506
240.806481
240.810134
240.81345
240.900455
240.912014
240.924943
240.936876
240.955993
240.958503
240.974049
240.996205
241.030664
241.048959
241.112583
241.128626
241.130431
241.142303
241.142757
241.146673
241.193562
241.203626
241.216019
241.232414
241.236145
241.237302
241.247374
241.293946
241.316093
241.31855
241.323949
241.345502
241.345975
241.412754
241.419364
241.421558
241.449534
241.476437
241.498576
241.535563
241.538129
241.656161
241.667184
241.67323
241.694254
241.697504
241.70524
241.723999
241.724009
241.728305
241.741372
241.767954
241.776327
241.798757
241.824376
241.837454
241.846322
241.909213
241.931064
241.949593
241.954887
241.965607
241.9703
241.974158
241.97495
241.987782
242.04366
242.050982
242.057306
242.07286
242.079318
242.100407
242.120456
242.125326
242.13924
242.210994
242.222173
242.239709
242.240128
242.258473
242.290807
242.300811
242.323674
242.328955
242.350754
242.445111
242.464363
242.540884
242.609711
242.628837
242.631918
242.742493
242.746498
242.763063
242.765445
242.803333
242.860701
242.864937
242.876948
242.886211
242.898151
242.926795
242.936371
242.936427
242.937894
242.946385
242.950007
242.990812
242.999052
243.010124
243.062927
243.082012
243.09268
243.099192
243.105035
243.106005
243.1117
243.126418
243.173559
243.173886
243.273408
243.312656
243.352317
243.36647
243.371959
243.373563
243.394071
243.436462
243.453781
243.466447
243.477921
243.48837
243.532336
243.54265
243.572098
243.640334
243.659147
243.674182
243.709433
243.72919
243.736945
243.740357
243.760251
243.78493
243.802628
243.823091
243.82897
243.829097
243.854706
243.857115
243.872792
243.880497
243.947984
244.029112
244.05181
244.078407
244.157813
244.168802
244.173396
244.220911
244.221932
244.253382
244.256039
244.275405
244.2979
244.324075
244.329648
244.330332
244.332882
244.444385
244.445923
244.463811
244.466878
244.516863
244.532179
244.538599
244.635133
244.676615
244.700992
244.749602
244.777606
244.864657
244.889152
244.901351
244.911475
244.920607
244.922685
244.927824
244.935343
245.018268
245.065303
245.116484
245.154854
245.167004
245.19981
245.202466
245.204379
245.349672
245.350672
245.451876
245.490207
245.531537
245.561084
245.594595
245.602491
245.640773
245.655836
245.656446
245.661759
245.702677
245.725161
245.77007
245.79663
245.79898
245.800471
245.85358
245.853718
245.945126
245.975955
245.996085
245.998211
246.014699
246.029736
246.09959
246.108755
246.118754
246.129235
246.153653
246.165169
246.204383
246.23324
246.23651
246.264789
246.266033
246.285974
246.291808
246.304219
246.306474
246.326849
246.340521
246.473162
246.482808
246.493465
246.515211
246.568874
246.613456
246.615005
246.620724
246.662789
246.728661
246.786657
246.849038
246.870074
246.886055
246.88965
246.914256
246.951767
246.96764
246.986414
247.050528
247.081924
247.136314
247.162062
247.170634
247.198366
247.207997
247.237475
247.294512
247.296519
247.326886
247.329492
247.448312
247.469538
247.470384
247.483451
247.4872
247.496394
247.520956
247.527489
247.594194
247.614011
247.631387
247.636343
247.636572
247.674078
247.743387
247.80815
247.810717
247.819011
247.835986
247.852323
247.859224
247.860135
247.980377
248.00576
248.04995
248.057524
248.113251
248.122733
248.13007
248.196481
248.252829
248.258157
248.28991
248.299708
248.302821
248.330059
248.417358
248.4348
248.548484
248.562803
248.590147
248.592302
248.603555
248.606497
248.65561
248.676627
248.679905
248.723044
248.735843
248.738646
248.778008
248.78157
248.84903
248.863657
248.875671
248.942929
248.951018
248.952307
248.965457
248.986842
248.989771
249.067744
249.084915
249.129174
249.145621
249.170642
249.191475
249.204132
249.207995
249.282931
249.286524
249.396747
249.417185
249.440407
249.453028
249.5213
249.522398
249.525706
249.528763
249.597625
249.597728
249.619485
249.682619
249.693038
249.970883
250.015576
250.039026
250.074076
250.12642
250.162938
250.199292
250.205764
250.23623
250.311118
250.345
250.410755
250.416828
250.457057
250.531257
250.544092
250.602639
250.634361
250.692625
250.760451
250.819188
250.856235
250.867527
250.923129
250.950906
250.953638
250.980616
250.996178
251.014061
251.067193
251.072438
251.075201
251.150077
251.165847
251.176476
251.187096
251.207809
251.233548
251.261213
251.329391
251.331184
251.347429
251.377965
251.432397
251.50358
251.733739
251.806395
251.845196
251.885846
251.897887
251.998696
252.039952
252.054325
252.102187
252.163702
252.301277
252.385994
252.412792
252.413504
252.428802
252.491683
252.509471
252.511793
252.626101
252.741018
252.842339
252.925729
252.946219
253.120016
253.141498
253.143793
253.149176
253.150711
253.186388
253.252
253.328459
253.45216
253.45218
253.547249
253.561342
253.615191
253.765477
253.789505
253.903946
253.996582
254.013957
254.064837
254.110472
254.114592
254.1354
254.189344
254.201645
254.239118
254.288151
254.320673
254.409368
254.413664
254.477459
254.550735
254.576691
254.652018
254.696789
254.697259
254.800177
254.880972
255.048063
255.06849
255.219857
255.231986
255.337711
255.466606
255.53249
255.538536
255.544357
255.559384
255.561415
255.694015
255.882771
255.891696
255.900973
255.931952
255.991136
256.098835
256.295966
256.483346
256.706054
256.743685
256.751015
256.836926
256.958081
256.984841
257.036771
257.297207
257.357367
257.463686
257.468807
257.504607
257.510767
257.545812
257.729343
258.002825
258.061863
258.307479
258.495177
258.576543
258.583022
258.588168
258.641305
258.670997
258.698489
258.788724
259.097587
259.251466
259.255661
259.560932
259.655822
259.757054
259.845171
260.515837
260.693693
260.966762
261.02118
261.413906
262.076206
262.174177
262.242006
262.569209
262.847872
262.974211
263.062097
263.069595
263.098293
263.22646
263.265075
263.434756
263.51048
264.4388
264.661078
264.990104
265.135952
265.620729
265.937974
266.562781
266.599381
267.14075
268.010413
268.096207
269.649195
271.141036
271.783904
271.912511
272.75586
273.01978
273.50436
277.404406
282.315746
288.023786
290.590286
291.471372
292.503177
292.985819
303.089865
411.173208
442.344336
511.235873
697.800468
