8.728071
11.97082
13.372448
13.499585
13.86889
13.93439
14.183355
14.63448
14.912911
14.92352
15.240401
15.284565
15.351115
15.362042
15.374363
15.392171
15.571409
16.144258
16.230459
16.28417
16.614979
16.639031
16.848942
17.662414
17.868842
18.155471
18.341054
18.592621
18.892544
19.002878
19.004725
19.323984
19.534311
19.623465
19.634587
19.814904
19.830865
20.024809
20.466089
21.694696
22.53686
22.570321
23.065807
23.341716
23.399148
23.405859
23.813443
23.888702
24.129414
25.652656
25.706396
26.516556
27.364686
28.173034
30.547362
31.89294
32.667489
33.544889
38.278289
40.248839
44.580489
67.406381
69.875607
92.534507
104.023507
108.028053
115.364153
115.638693
138.987936
139.879122
142.197666
142.483561
142.961455
144.23008
144.633184
144.988384
145.291107
145.594295
145.782254
146.12653
146.888662
147.199355
147.763461
148.227801
148.750683
149.49832
149.533646
149.615664
149.626309
149.757065
149.773988
150.281149
150.887628
150.941686
151.064669
151.262358
151.300234
151.441048
152.005028
152.167417
152.430258
152.578982
152.933074
152.972616
153.09916
153.354616
153.374947
153.572386
153.785866
154.149111
154.824537
155.007318
155.184335
155.981465
156.155967
156.197774
156.416245
156.64736
157.614398
158.075261
158.224
158.249299
158.30523
158.392653
159.84784
161.836618
162.58271
162.920296
163.168201
164.915688
166.639835
168.211768
169.839112
172.029285
174.870546
175.448893
175.88904
176.603304
177.087257
177.434447
177.575594
178.0657
179.190342
179.471914
179.911578
180.03941
180.704418
183.55585
184.12364
184.177904
184.50553
185.204807
185.232379
187.012433
187.046335
187.212434
187.573282
187.792986
188.526062
188.719373
189.083892
189.419701
189.62317
190.229597
190.705406
190.787544
190.994167
191.0284
191.412856
191.877082
192.606422
193.146447
193.648714
195.093452
195.456065
195.73032
196.098503
196.495755
196.777888
197.478009
197.892019
199.20446
199.250855
199.663271
199.889258
200.347642
200.470196
202.37528
202.99295
203.079706
203.340096
204.401844
204.746174
204.793023
206.157685
206.218714
206.828056
207.4924
209.223998
209.526879
209.545568
209.959042
210.039696
210.243757
212.237803
212.615799
213.736228
214.354984
214.752449
214.908507
214.998314
216.086507
217.529141
217.638107
217.850847
218.834888
219.187268
219.497885
219.938352
220.276987
220.383139
220.602813
223.965176
224.077444
224.772889
224.899613
225.025415
226.451042
227.392999
228.850801
230.965033
232.839823
239.273484
245.703286
247.293394
248.243319
250.83347
252.201561
254.958279
259.365967
260.960357
267.142664
267.587104
268.395548
270.087248
271.241031
271.792475
271.950137
279.176479
282.292768
284.724613
292.96838
295.190627
296.235462
298.505724
299.71182
304.781294
308.462799
310.58096
340.387921
347.923575
354.027898
354.239568
362.163596
373.611144
379.439253
380.224497
410.630192
411.197488
418.019779
422.664952
429.528191
436.532403
436.542115
438.340789
449.041292
524.996264
613.894279
642.982714
689.026987
691.629569
692.0972
697.164323
700.831819
712.959783
733.583306
750.616851
797.745615
920.479632
924.094579
933.678105
934.353027
955.102871
976.509991
1005.072501
1011.752821
1017.258453
1027.763226
1031.579688
1038.150415
1058.022912
1060.463742
1062.473755
1062.666341
1063.777009
1063.880142
1073.386809
1077.103131
1114.579097
1135.846834
1139.310455
1145.464963
1153.07376
1162.883779
1164.387034
1167.104664
1169.368725
1169.529727
1174.334525
1185.423741
1192.690787
1199.383763
1205.450146
1212.763038
1225.907796
1234.029539
1235.866657
1254.109509
1300.638167
1309.374751
3210.713864
3634.06115
3749.954152
3786.89185
3793.581776
3984.741259
4007.756459
4077.652245
4136.458968
4200.72349
4515.545749
5163.861745
6392.800842
6719.753162
7078.675726
10754.274228
10802.637296
18733.481207
25883.120502
