23.813443
24.129414
139.879122
145.594295
145.782254
146.12653
148.227801
149.615664
149.757065
149.773988
150.887628
151.064669
152.005028
152.167417
153.354616
153.572386
154.824537
155.981465
158.075261
158.224
158.392653
169.839112
174.870546
175.448893
175.88904
177.575594
178.0657
179.190342
179.471914
180.704418
184.50553
185.204807
185.232379
187.012433
187.046335
187.573282
189.083892
189.419701
190.787544
191.877082
192.606422
193.146447
193.648714
196.777888
199.663271
203.079706
204.746174
206.828056
210.039696
212.237803
219.497885
220.383139
220.602813
224.077444
224.899613
225.025415
227.392999
232.839823
247.293394
248.243319
252.201561
254.958279
279.176479
340.387921
354.027898
362.163596
411.197488
422.664952
524.996264
613.894279
797.745615
924.094579
933.678105
976.509991
1011.752821
1017.258453
1060.463742
1063.880142
1077.103131
1135.846834
1185.423741
1205.450146
1254.109509
1300.638167
10802.637296
