10.129009
140.854371
143.739522
147.348391
148.632517
150.975993
151.025363
153.755431
155.133414
155.831042
157.187246
159.446937
160.011767
160.115434
161.511255
163.235498
166.880195
169.703281
170.591956
170.594102
171.200137
171.386748
172.50578
173.705325
174.051381
174.114237
174.616417
175.492419
175.854068
175.865378
177.064885
178.316524
179.522321
180.036221
180.231046
185.886409
189.636494
190.683021
196.636019
198.588457
200.362781
201.627547
203.050109
204.328833
206.593673
211.037675
213.271221
220.146996
239.240006
242.1696
254.354311
328.981866
341.032762
375.97298
395.336355
487.992409
624.1485
718.647128
1202.585718
1623.670309
1690.55294
10802.998706
