1.482151
1.521283
7.080717
7.3322
7.42037
7.494088
7.499741
7.547012
7.642793
7.779094
7.909458
7.992152
8.034849
8.235709
8.241805
8.295017
8.415658
8.419687
8.441869
8.522768
9.162292
9.176943
9.26384
9.309028
9.388512
9.601201
9.686489
9.70355
9.736045
9.958408
9.9613
10.700121
10.711231
10.774321
10.777038
10.787731
10.903371
10.93408
11.140988
11.233073
11.247847
11.396088
11.447681
11.466701
11.484528
12.004276
12.009045
12.134058
12.163961
12.199435
12.539544
12.646091
12.812356
12.851307
12.89906
12.968258
13.114567
13.156602
13.169383
13.266177
13.334096
13.370124
13.501431
13.536108
13.545791
13.638129
13.684528
13.717163
13.815102
14.288101
14.32298
14.343428
14.457496
14.48174
14.591047
14.596207
14.627122
14.668198
14.921127
15.031867
15.206273
15.343692
15.406761
15.536594
15.587142
15.733235
15.87482
16.091273
16.201716
16.282837
16.375835
16.599765
16.605017
16.861371
17.194533
17.489802
17.73175
17.925393
18.010302
18.677376
19.844124
20.613683
21.735304
22.729773
23.411741
23.473764
23.7049
24.600788
24.967958
25.249694
27.242224
28.139485
28.530904
30.751736
32.62931
34.961679
36.435091
38.499639
38.513717
39.190037
43.791208
44.139478
47.117383
60.169221
90.163549
108.058339
109.204431
110.757299
114.994074
117.115311
117.879857
119.931794
120.134088
120.143895
120.34243
121.0981
121.341879
121.381428
121.60075
121.838981
122.031967
122.632657
123.07976
123.259351
123.333296
123.396067
123.475672
123.573355
123.655406
123.774804
124.110268
124.669302
124.755145
125.261051
125.906844
125.912402
125.978302
126.005006
126.707393
126.978542
126.981593
127.037494
127.14315
127.234192
127.327804
127.663625
127.874888
127.920696
127.936055
128.560783
128.820634
128.906188
129.20072
129.220851
129.268747
129.408314
129.581082
129.611765
130.018035
130.041341
130.332814
130.525635
130.526834
130.55432
130.556492
130.588483
131.035719
131.231196
131.328114
131.410367
131.690553
132.342064
133.035359
133.252461
133.638158
133.658639
133.672231
134.362108
134.402894
134.416386
134.579961
134.590605
134.860707
135.142126
135.179855
135.303333
135.40554
135.424562
136.572507
136.598588
136.667241
136.888485
136.9224
137.015152
138.530788
138.850411
139.187575
139.413686
139.535064
140.006561
140.118615
140.570805
140.579562
140.996791
141.022812
141.060429
142.056193
142.631417
143.126656
143.898442
144.823698
144.873147
145.537274
145.602719
145.623399
147.095458
147.623904
148.627656
148.991541
149.598127
150.253264
150.352209
151.167974
153.816204
155.326086
155.720033
156.463216
156.741025
158.547701
164.060444
165.571545
166.949362
167.328429
167.549407
169.241268
169.700194
171.472404
172.119238
172.72058
174.982415
176.806371
177.078093
178.43082
178.47204
179.191729
181.592724
181.666043
183.164062
183.678399
191.162272
193.857894
197.524819
197.932952
199.063835
200.899448
202.287735
204.215363
204.830351
206.682749
212.084212
219.567382
222.411457
222.687449
225.382955
225.733754
226.165263
226.809997
227.366618
227.713465
228.18347
228.364562
228.696915
228.962052
229.459188
229.71111
230.929323
231.746067
232.918235
235.091192
237.141851
239.201064
239.310332
239.716953
240.296463
241.413434
242.0604
243.331939
243.944082
244.899131
245.046567
245.941547
245.97185
246.89149
250.288049
253.831834
255.89994
256.420668
257.528185
259.714631
261.728187
263.40525
270.044764
271.047071
276.002159
278.11476
290.326081
305.098503
318.256082
338.757001
343.278738
344.10818
353.072096
358.01287
359.157963
383.674138
423.76794
444.721101
452.943906
455.564073
463.6703
654.229761
751.319229
934.780196
948.862447
1026.670621
1080.251014
1199.489786
1201.198481
1213.133327
1213.812713
1216.538638
1229.232963
1231.02049
1249.629963
1250.661959
1257.872159
1259.245622
1280.322652
1283.944277
1325.216582
1358.705825
1382.365436
1419.707473
1424.523618
1457.634469
1489.590707
1492.728792
1499.478193
1564.86276
1743.684762
3130.492966
3175.097911
3249.547221
3355.011069
3406.427037
3481.563041
3632.865201
3728.627854
3887.474873
3916.063223
3916.738013
3929.774994
3951.639278
3954.62061
4046.568517
4053.94769
4059.990988
4086.927233
4112.245805
4132.852277
4194.839626
4434.716759
4519.608691
4573.48491
4960.257528
5087.603266
5214.416321
5229.440836
5244.381483
5507.192111
6860.635959
9288.590188
10800.568692
10801.323159
