300.930857
311.29749
313.490552
315.600404
318.75327
320.516597
322.261137
325.133769
325.51812
325.735888
338.237061
342.656592
344.651301
344.760646
356.289334
371.891632
372.286177
372.812132
377.331698
377.685398
381.20266
387.672584
387.822675
388.888805
392.205507
393.099355
402.992258
411.693025
418.001349
418.453975
421.621627
422.076183
427.637948
427.880343
429.505006
435.883882
438.140099
439.032643
440.370571
442.467017
442.509446
444.843937
452.008568
453.455623
454.701411
456.765626
458.144157
460.547133
460.631233
461.761281
462.310804
463.632476
463.983402
464.472818
465.274081
465.415779
466.189562
466.508493
466.529994
466.72927
467.379098
467.989558
468.502154
468.564564
468.738985
468.956072
469.014062
469.02184
469.352933
469.358731
469.889892
469.944136
470.101771
470.245293
470.283147
470.447234
470.829693
471.227826
471.260719
471.261671
471.281398
471.933563
471.960204
471.982132
472.174388
472.468788
472.617513
472.737163
472.800302
472.964916
473.013364
473.207417
473.252931
473.278766
473.347684
473.643512
473.692077
473.697111
473.7138
473.76136
474.111219
474.174965
474.456378
474.468413
474.585637
474.643663
474.72622
474.996566
475.296494
475.303444
475.351522
475.452404
475.453011
475.521382
475.54219
475.564232
475.600696
475.675038
475.864318
475.90391
475.905536
475.912926
475.956815
475.975921
475.979822
476.075069
476.117326
476.225309
476.327141
476.332302
476.33508
476.418851
476.552924
476.56428
476.604793
476.763794
476.924921
476.96626
477.042468
477.143943
477.28768
477.365536
477.557771
477.619128
477.696528
477.795186
477.803931
477.814021
477.831669
477.841275
477.901033
477.920362
477.981176
478.025223
478.040496
478.134321
478.224632
478.226413
478.33542
478.378737
478.396345
478.399659
478.405287
478.442512
478.445263
478.456977
478.458079
478.50399
478.523191
478.710025
478.771673
478.780365
478.840827
478.859361
478.862325
478.887715
478.999527
479.064362
479.113521
479.175454
479.195619
479.208835
479.289036
479.385813
479.386652
479.429206
479.501778
479.658112
479.662659
479.717471
479.735201
479.791542
479.833867
479.847048
479.902463
480.008969
480.045125
480.047471
480.049918
480.064862
480.092074
480.102408
480.140837
480.159841
480.164944
480.171334
480.203724
480.236165
480.320735
480.39592
480.481799
480.506952
480.53092
480.534525
480.564676
480.708469
480.708613
480.787703
480.791879
480.83244
480.855587
480.947924
480.955272
481.02045
481.049547
481.059591
481.142915
481.18168
481.185279
481.239174
481.29786
481.306878
481.330377
481.347263
481.39024
481.425508
481.449016
481.46211
481.561573
481.599033
481.62371
481.651953
481.6846
481.699853
481.742105
481.747554
481.781814
481.805216
481.815091
481.855762
481.856229
481.858133
481.867451
481.919828
481.931986
481.962094
481.976429
482.04565
482.073176
482.0768
482.112633
482.168888
482.192191
482.202551
482.209046
482.239562
482.258528
482.273579
482.319965
482.330966
482.332551
482.33324
482.342528
482.36456
482.392662
482.393347
482.396075
482.443301
482.467684
482.481785
482.529369
482.542556
482.555456
482.565411
482.580045
482.664406
482.704493
482.731848
482.817358
482.891063
482.909574
482.921542
482.949165
482.958575
482.967204
483.064465
483.071706
483.10214
483.107493
483.138652
483.158945
483.182751
483.228298
483.241145
483.248199
483.248805
483.260224
483.277087
483.285424
483.321538
483.321953
483.340304
483.371063
483.4429
483.454632
483.461514
483.463655
483.469705
483.507061
483.587522
483.72355
483.729766
483.782548
483.804571
483.890754
483.894847
483.898577
483.939649
483.965423
483.990923
484.006476
484.019907
484.103447
484.107512
484.108408
484.17453
484.185389
484.221171
484.276939
484.284599
484.305131
484.331799
484.366237
484.398501
484.401899
484.408167
484.452648
484.453323
484.468665
484.492875
484.520251
484.61465
484.624744
484.628382
484.690272
484.692272
484.748578
484.76114
484.788849
484.841383
484.842822
484.854582
484.855773
484.86273
484.901109
484.927922
484.946159
484.953119
484.953872
484.9564
485.029383
485.035269
485.037978
485.040685
485.05693
485.111756
485.117881
485.133792
485.134904
485.172139
485.192811
485.285079
485.35789
485.407383
485.408614
485.415907
485.436274
485.446245
485.466041
485.508154
485.518674
485.582545
485.587436
485.693666
485.703582
485.746231
485.749094
485.749178
485.76299
485.766187
485.776937
485.875257
485.889725
485.892396
485.965333
485.967574
485.995084
486.006272
486.021803
486.051167
486.057281
486.073433
486.077051
486.129952
486.145662
486.152234
486.160123
486.163619
486.167021
486.20599
486.21262
486.217585
486.218771
486.2734
486.280222
486.292749
486.347651
486.354416
486.456795
486.464073
486.48781
486.507427
486.513402
486.517486
486.51809
486.564269
486.567089
486.641783
486.649678
486.650147
486.650173
486.666185
486.675668
486.703538
486.71932
486.790658
486.801325
486.815206
486.825673
486.829976
486.83867
486.857365
486.866053
486.872856
486.937563
486.946135
486.955321
486.963568
486.970448
486.984499
487.005625
487.016371
487.024442
487.048875
487.079549
487.082269
487.206839
487.261011
487.283242
487.31789
487.331464
487.357964
487.393115
487.419317
487.424324
487.425637
487.444146
487.45257
487.475581
487.483475
487.512234
487.513686
487.544273
487.582312
487.586809
487.601149
487.602882
487.606638
487.631117
487.6892
487.690267
487.703976
487.705709
487.714754
487.71827
487.735161
487.791301
487.793937
487.810864
487.834864
487.869737
487.882293
487.903606
487.917493
487.931226
487.96989
487.97104
487.976602
487.994137
488.032616
488.039321
488.041068
488.04885
488.064139
488.114338
488.118822
488.149957
488.211525
488.231108
488.232517
488.247126
488.26835
488.282723
488.312828
488.329033
488.33066
488.36878
488.400242
488.408926
488.422671
488.439291
488.450585
488.483699
488.493667
488.503776
488.505543
488.513912
488.51952
488.533164
488.550891
488.554084
488.612843
488.625496
488.626689
488.635721
488.654526
488.660818
488.693439
488.694704
488.699911
488.710401
488.726843
488.735078
488.745925
488.759255
488.825291
488.826474
488.847839
488.861264
488.889908
488.921272
488.926476
488.930319
488.934333
488.982376
488.989021
488.996272
489.004542
489.072297
489.077374
489.078139
489.092567
489.096692
489.110829
489.118618
489.155333
489.200015
489.227902
489.23182
489.273297
489.280612
489.303884
489.304499
489.347429
489.379037
489.423014
489.433075
489.446709
489.448739
489.448775
489.454482
489.459153
489.479728
489.502711
489.533735
489.535669
489.541551
489.552308
489.566073
489.584699
489.598742
489.606248
489.635971
489.640073
489.648842
489.658923
489.661474
489.674413
489.678733
489.718248
489.734358
489.737937
489.743984
489.751316
489.75835
489.758896
489.768118
489.813231
489.818301
489.822391
489.832285
489.842821
489.849569
489.853001
489.882932
489.898116
489.898817
489.932738
489.936453
489.985184
489.999823
490.013699
490.028257
490.04204
490.044235
490.046115
490.051717
490.054838
490.085157
490.10236
490.103513
490.104344
490.119674
490.12094
490.147971
490.165296
490.203304
490.24748
490.254382
490.260259
490.307721
490.308059
490.313679
490.346978
490.346982
490.35257
490.367277
490.376187
490.389169
490.400644
490.403503
490.427754
490.468971
490.471479
490.508802
490.517318
490.531394
490.535822
490.54872
490.559237
490.565117
490.579255
490.594344
490.656521
490.66923
490.700578
490.705308
490.722406
490.73506
490.746211
490.749079
490.817443
490.826165
490.863062
490.905603
490.939057
490.939539
490.97405
491.006352
491.013625
491.028937
491.039797
491.041088
491.049397
491.051956
491.05264
491.057123
491.063255
491.108871
491.129284
491.132777
491.137416
491.149198
491.167767
491.182044
491.18284
491.186949
491.191734
491.200527
491.211244
491.238095
491.249107
491.256401
491.256465
491.276149
491.277144
491.278426
491.28796
491.301169
491.309088
491.32132
491.368352
491.369076
491.374096
491.398297
491.408416
491.418287
491.427609
491.433947
491.444469
491.495063
491.50289
491.50807
491.510145
491.553161
491.56932
491.571626
491.57507
491.587197
491.596217
491.63683
491.671779
491.679851
491.694761
491.70517
491.740645
491.747985
491.751603
491.76262
491.771962
491.792414
491.82291
491.824215
491.845249
491.859976
491.86595
491.881891
491.889394
491.889662
491.891094
491.921749
491.939014
491.958341
491.987887
491.995421
492.042569
492.055235
492.057872
492.060946
492.066224
492.072169
492.087779
492.125791
492.140196
492.141933
492.160433
492.177557
492.197581
492.215788
492.237014
492.263708
492.274026
492.278355
492.280223
492.2816
492.295032
492.296189
492.303377
492.315077
492.3187
492.342977
492.349135
492.351979
492.353668
492.361426
492.374795
492.381121
492.393207
492.439885
492.452011
492.498833
492.512812
492.534279
492.534619
492.534725
492.536571
492.544728
492.546146
492.546275
492.566707
492.577358
492.58704
492.595465
492.624424
492.63137
492.63507
492.635249
492.661679
492.665804
492.687041
492.725429
492.731777
492.733144
492.75178
492.769296
492.77299
492.781861
492.782059
492.782546
492.783824
492.799908
492.83792
492.839318
492.843223
492.866548
492.885833
492.901085
492.907222
492.932201
492.937662
492.957821
492.958496
492.968477
492.97246
492.989566
493.023576
493.024375
493.031903
493.067388
493.074157
493.102934
493.106473
493.123282
493.140387
493.143462
493.152036
493.165539
493.171163
493.177569
493.184137
493.189416
493.192201
493.199226
493.222134
493.230818
493.248041
493.255411
493.263316
493.346605
493.353787
493.366452
493.369543
493.373175
493.401415
493.404655
493.443126
493.444353
493.484655
493.4911
493.495918
493.504336
493.514415
493.524219
493.539572
493.545248
493.561927
493.575701
493.590251
493.606138
493.626704
493.642582
493.646426
493.648627
493.686429
493.716471
493.727408
493.731452
493.73222
493.75932
493.7853
493.790149
493.794448
493.828856
493.834883
493.855419
493.85872
493.874925
493.876039
493.876164
493.87672
493.893786
493.91679
493.926389
493.928029
493.962884
493.96464
493.966073
493.971509
493.988246
493.993261
493.997177
494.011824
494.091924
494.094282
494.104306
494.145881
494.164651
494.183229
494.200231
494.201196
494.206267
494.209863
494.215689
494.231285
494.257576
494.26542
494.269658
494.269834
494.301147
494.303708
494.344299
494.345141
494.351712
494.369361
494.386443
494.388182
494.389641
494.395022
494.404636
494.443707
494.449293
494.469817
494.486867
494.488388
494.492844
494.508032
494.521592
494.53194
494.544164
494.547367
494.559493
494.56612
494.572438
494.598109
494.613889
494.619021
494.619992
494.627895
494.64895
494.654679
494.655733
494.658494
494.678289
494.692206
494.7006
494.711785
494.734768
494.751705
494.766318
494.766802
494.7776
494.793628
494.804259
494.804831
494.820879
494.832568
494.83304
494.838843
494.845876
494.887403
494.890699
494.900149
494.910351
494.927051
494.941598
494.947588
494.950402
494.995552
495.01528
495.023513
495.03392
495.062312
495.065552
495.085049
495.095112
495.104269
495.117496
495.169857
495.183728
495.194282
495.210074
495.219635
495.231245
495.248804
495.259544
495.260962
495.273222
495.279348
495.289938
495.310975
495.338231
495.340085
495.340793
495.34708
495.353397
495.371491
495.371816
495.373132
495.429481
495.442991
495.453031
495.470427
495.47959
495.503637
495.531508
495.556746
495.571854
495.584946
495.586431
495.592479
495.594608
495.59882
495.610611
495.615791
495.622969
495.639805
495.65407
495.699263
495.71417
495.718438
495.723258
495.727293
495.743712
495.775504
495.77603
495.776655
495.800321
495.803849
495.807777
495.856564
495.862959
495.874768
495.889245
495.906544
495.931822
495.954275
495.969566
495.993022
495.996095
496.000068
496.010947
496.015205
496.031901
496.064106
496.0685
496.071532
496.080628
496.100328
496.108458
496.115646
496.118083
496.142171
496.145356
496.151305
496.175285
496.179096
496.191353
496.21529
496.245208
496.27323
496.289359
496.305003
496.309854
496.330144
496.353307
496.35529
496.364383
496.364858
496.367713
496.395493
496.399501
496.412782
496.455505
496.488712
496.509302
496.522958
496.54163
496.551786
496.555892
496.563305
496.574804
496.594365
496.603531
496.626802
496.647644
496.650598
496.717953
496.757695
496.76985
496.807171
496.82071
496.840844
496.850543
496.891226
496.933948
496.936471
496.940824
496.965305
496.9724
497.032499
497.044117
497.05478
497.076186
497.090623
497.090976
497.105348
497.156332
497.173827
497.232181
497.2559
497.266327
497.272435
497.282906
497.289665
497.298402
497.314226
497.318966
497.322901
497.347847
497.353805
497.38087
497.384484
497.428303
497.429977
497.434334
497.43864
497.459915
497.473716
497.482585
497.495726
497.503465
497.543704
497.564831
497.565233
497.585323
497.588691
497.59308
497.600894
497.624333
497.632831
497.633624
497.646178
497.666088
497.667821
497.679403
497.684242
497.711001
497.718025
497.731115
497.736692
497.75149
497.758584
497.768646
497.769816
497.780395
497.781148
497.783822
497.790171
497.806576
497.827182
497.832439
497.836293
497.865036
497.879597
497.881481
497.89123
497.919787
497.927959
497.935796
497.939642
497.945818
497.946897
497.947894
497.953248
497.960775
497.977951
497.978792
497.983383
497.990004
497.991323
497.994544
498.006586
498.006677
498.019533
498.021264
498.023413
498.023896
498.030831
498.030849
498.03649
498.066296
498.07636
498.081861
498.084142
498.095677
498.095743
498.118894
498.127336
498.152995
498.153379
498.222793
498.237693
498.249741
498.250799
498.284383
498.307949
498.314058
498.324833
498.326039
498.341458
498.342772
498.371741
498.373414
498.415437
498.417294
498.436393
498.466174
498.507231
498.508464
498.511325
498.524368
498.554615
498.565837
498.565875
498.572525
498.578938
498.599254
498.60354
498.613498
498.638027
498.639264
498.64362
498.643801
498.658784
498.675514
498.679233
498.688151
498.754678
498.765522
498.773904
498.785208
498.787094
498.789496
498.802199
498.805522
498.828596
498.840999
498.858613
498.864567
498.870524
498.880172
498.911105
498.913525
498.954012
498.973172
498.979348
498.995936
499.022049
499.057733
499.06214
499.067825
499.096539
499.101973
499.105209
499.11313
499.154331
499.159653
499.178465
499.183765
499.206947
499.232636
499.238436
499.239319
499.245612
499.262232
499.262557
499.270269
499.287213
499.288778
499.298517
499.305252
499.346094
499.359799
499.398308
499.407756
499.478085
499.492579
499.494303
499.508104
499.525367
499.555181
499.577387
499.586717
499.59328
499.593665
499.594221
499.634736
499.638346
499.646832
499.65159
499.66168
499.670689
499.676107
499.71527
499.725988
499.753189
499.757632
499.767333
499.793126
499.794992
499.826792
499.845848
499.859497
499.878725
499.883402
499.89358
499.894069
499.909763
499.923672
499.927746
499.935903
499.939907
499.952319
499.970576
499.973291
499.982486
500.011389
500.017427
500.024139
500.035314
500.041397
500.042409
500.059622
500.068097
500.076701
500.110703
500.113492
500.11763
500.141045
500.142584
500.163029
500.190792
500.20027
500.203807
500.205105
500.205283
500.220011
500.227927
500.229486
500.241338
500.248517
500.268036
500.272269
500.289724
500.290885
500.334616
500.334906
500.403573
500.430894
500.43981
500.454224
500.454526
500.493375
500.497723
500.502649
500.543335
500.573768
500.641424
500.653139
500.657994
500.683612
500.685186
500.71361
500.724514
500.734713
500.757819
500.773432
500.799183
500.80465
500.810027
500.811834
500.824849
500.832081
500.8612
500.866768
500.881749
500.89777
500.900459
500.904036
500.914545
500.930941
500.976813
500.980741
500.982313
500.98254
500.986837
500.993524
501.031424
501.047418
501.05297
501.058203
501.060026
501.060102
501.081791
501.087748
501.126785
501.133418
501.147127
501.178863
501.185779
501.189014
501.210106
501.213647
501.21747
501.217892
501.229235
501.241848
501.262574
501.269328
501.290975
501.311277
501.318742
501.341996
501.350459
501.352551
501.354354
501.390136
501.400483
501.404284
501.41639
501.444848
501.446625
501.448918
501.451106
501.459394
501.479479
501.49377
501.526303
501.541341
501.543362
501.548086
501.554448
501.563669
501.566018
501.585893
501.596064
501.602161
501.615656
501.639314
501.639675
501.644948
501.648071
501.652195
501.655029
501.668505
501.689523
501.707514
501.710992
501.716419
501.747351
501.754814
501.759449
501.759791
501.763773
501.768135
501.771093
501.781712
501.787226
501.789656
501.79175
501.809104
501.835173
501.840207
501.845453
501.849643
501.855734
501.85709
501.86635
501.880977
501.884022
501.892088
501.897881
501.898287
501.901154
501.91679
501.926788
501.928235
501.953731
501.958074
501.961788
501.967607
501.974131
501.984219
501.994744
502.009374
502.012566
502.012899
502.072746
502.077688
502.07919
502.08039
502.114045
502.117338
502.13803
502.144482
502.151507
502.172277
502.176558
502.191213
502.206402
502.209454
502.212073
502.266639
502.268321
502.294734
502.300959
502.308699
502.309533
502.312347
502.325021
502.356886
502.402677
502.410265
502.418699
502.470629
502.51118
502.513001
502.51995
502.530031
502.550551
502.584923
502.597706
502.615515
502.619849
502.620806
502.628119
502.631741
502.631845
502.66083
502.668326
502.696445
502.722
502.724313
502.736024
502.762163
502.774924
502.787338
502.797475
502.836788
502.841179
502.877357
502.878329
502.878612
502.879561
502.892826
502.91111
502.916565
502.91998
502.938734
502.945404
502.961008
502.981782
502.989355
503.000285
503.005772
503.05096
503.059824
503.065945
503.068585
503.07582
503.081247
503.104842
503.121868
503.143692
503.146323
503.174087
503.189333
503.210166
503.23542
503.235535
503.23868
503.250339
503.289474
503.291727
503.293935
503.310327
503.335568
503.341062
503.349387
503.364119
503.379456
503.387397
503.39697
503.39859
503.423741
503.43878
503.462382
503.470388
503.476605
503.487627
503.488022
503.495566
503.511987
503.517329
503.529814
503.556786
503.601775
503.617647
503.628197
503.639343
503.664604
503.67537
503.686919
503.720512
503.724468
503.729023
503.735419
503.737008
503.755855
503.758845
503.763864
503.778201
503.784934
503.788306
503.800031
503.839295
503.874894
503.89943
503.91231
503.923826
503.931197
503.934164
503.936958
503.951474
503.951978
503.954132
503.963473
503.974181
504.002089
504.014784
504.056587
504.069724
504.085979
504.104522
504.105909
504.106185
504.115622
504.145951
504.149191
504.15547
504.156281
504.217245
504.240523
504.251644
504.258425
504.271406
504.31014
504.314756
504.331555
504.347673
504.347838
504.355919
504.358251
504.361667
504.380432
504.381087
504.384096
504.418839
504.432416
504.453744
504.45522
504.496979
504.512878
504.521362
504.556955
504.577747
504.580262
504.588966
504.592682
504.592736
504.595263
504.624539
504.633121
504.677217
504.684656
504.72027
504.73233
504.736396
504.745518
504.752192
504.773388
504.872247
504.876857
504.885681
504.950497
504.957035
504.972766
504.991619
505.019382
505.031146
505.056861
505.061623
505.094466
505.097472
505.110058
505.124086
505.156023
505.164545
505.16746
505.171224
505.181046
505.18495
505.198854
505.200514
505.239579
505.255691
505.265993
505.266139
505.273174
505.282672
505.316063
505.347912
505.376481
505.391021
505.419991
505.457757
505.471115
505.478842
505.481234
505.494953
505.532142
505.541686
505.574049
505.583076
505.599864
505.617525
505.656993
505.666904
505.700536
505.723478
505.750577
505.790883
505.829084
505.849019
505.859896
505.866199
505.871864
505.906589
505.90877
505.973339
505.980765
505.984949
505.993764
506.011352
506.023073
506.023484
506.04019
506.05941
506.071638
506.088247
506.126554
506.176966
506.197998
506.208136
506.233299
506.247036
506.256461
506.256465
506.266948
506.281931
506.286471
506.306236
506.307191
506.346451
506.360944
506.366175
506.368748
506.380623
506.38478
506.390137
506.395111
506.425326
506.435652
506.438817
506.462844
506.507867
506.510625
506.512699
506.523215
506.528425
506.572456
506.577457
506.596768
506.625447
506.628598
506.642731
506.648668
506.655625
506.660875
506.692194
506.709349
506.717372
506.720522
506.72279
506.738584
506.740492
506.772285
506.780221
506.82332
506.826856
506.831277
506.836416
506.842605
506.84957
506.875874
506.899578
506.912486
506.9133
506.93684
506.939064
506.956612
506.962416
506.980687
506.992179
507.047336
507.066293
507.080334
507.096118
507.105953
507.108681
507.119677
507.14655
507.155151
507.19087
507.19811
507.218008
507.235061
507.235906
507.242143
507.249196
507.293956
507.309237
507.322347
507.335499
507.372152
507.37858
507.382554
507.44179
507.449218
507.47579
507.478198
507.478841
507.504997
507.529292
507.55049
507.555581
507.560334
507.566313
507.591177
507.598589
507.626311
507.643037
507.668889
507.676513
507.701147
507.731777
507.732019
507.758061
507.770507
507.773185
507.842597
507.8452
507.857652
507.863516
507.863638
507.950677
507.970652
507.99492
507.997541
508.012861
508.040718
508.065084
508.112834
508.121155
508.170867
508.255216
508.276986
508.282567
508.323825
508.327359
508.327403
508.336206
508.34738
508.356895
508.396622
508.440787
508.493523
508.579442
508.587598
508.592328
508.601196
508.636499
508.681512
508.692239
508.728696
508.75717
508.768487
508.776157
508.806928
508.80792
508.855535
508.862283
508.868426
508.868965
508.892228
508.952223
508.95231
508.967266
508.993028
508.99477
508.99864
509.003006
509.035988
509.038304
509.069594
509.073906
509.125139
509.138787
509.140794
509.182118
509.18472
509.192945
509.208322
509.21364
509.218022
509.301031
509.314354
509.33409
509.353271
509.368452
509.376176
509.470064
509.47515
509.477874
509.512298
509.52609
509.536213
509.548354
509.553482
509.560712
509.568729
509.583454
509.656278
509.699056
509.717556
509.747969
509.750734
509.770195
509.784203
509.810215
509.839787
509.842283
509.844801
509.882443
509.88871
509.889713
509.905285
509.9079
509.947749
509.975604
509.977154
509.99008
510.006355
510.0186
510.023836
510.053031
510.067886
510.085226
510.124205
510.154493
510.179966
510.184105
510.199045
510.210657
510.217277
510.240824
510.263536
510.267773
510.316672
510.329758
510.330493
510.332089
510.388721
510.418945
510.496177
510.499375
510.537962
510.562024
510.565154
510.595769
510.601773
510.606258
510.626084
510.638245
510.683774
510.705115
510.711915
510.824178
510.87385
510.919108
510.93989
510.948267
511.02109
511.036534
511.050895
511.059661
511.134579
511.184159
511.185723
511.227266
511.249262
511.303321
511.401304
511.422213
511.427194
511.433275
511.436863
511.449651
511.481609
511.50785
511.526324
511.573633
511.591444
511.612569
511.634146
511.641672
511.652204
511.653735
511.667701
511.684981
511.696565
511.714405
511.73974
511.773195
511.792526
511.802109
511.863097
511.8784
511.898872
511.898971
511.907417
511.921806
511.936921
511.940693
511.959679
512.003112
512.013152
512.014248
512.04573
512.08231
512.100203
512.10546
512.108804
512.164267
512.208009
512.232275
512.233914
512.24057
512.247988
512.316737
512.331427
512.340437
512.384695
512.385233
512.541396
512.575736
512.607383
512.661049
512.70786
512.766656
512.774206
512.785226
512.806684
512.817589
512.89118
512.938325
512.977208
512.986823
513.015764
513.027963
513.033262
513.086402
513.096915
513.104414
513.135477
513.143071
513.14335
513.149885
513.160739
513.177662
513.226247
513.261561
513.263096
513.270561
513.270865
513.278979
513.325109
513.347681
513.372007
513.386174
513.394874
513.399918
513.430564
513.453642
513.463401
513.489191
513.490901
513.498192
513.516763
513.604882
513.605828
513.743357
513.780528
513.78171
513.823087
513.824594
513.849191
513.904821
513.922491
513.948926
514.055572
514.10299
514.11252
514.113075
514.128848
514.144206
514.145839
514.191793
514.20592
514.222982
514.255067
514.300217
514.391535
514.406326
514.415684
514.531518
514.628573
514.736913
514.745021
514.755434
514.83501
514.851209
514.879103
514.883106
514.895908
514.92182
514.929761
515.001359
515.003444
515.004305
515.046971
515.053528
515.053648
515.06549
515.099439
515.108564
515.123555
515.164584
515.192143
515.257583
515.271895
515.276438
515.295423
515.477206
515.486244
515.51001
515.601742
515.609728
515.612143
515.740786
515.835551
515.847613
515.889339
515.89562
515.970025
515.976165
516.051385
516.053341
516.055697
516.066137
516.070944
516.107199
516.123039
516.162751
516.212749
516.236464
516.265089
516.327351
516.377539
516.380317
516.430782
516.431981
516.525433
516.533456
516.555706
516.567622
516.672255
516.746248
516.765063
516.807023
516.807048
516.846597
516.891087
516.901025
516.924796
516.955757
516.956126
516.961368
516.983796
517.0238
517.141236
517.178258
517.217197
517.224047
517.264018
517.31154
517.336407
517.393633
517.418711
517.497155
517.521623
517.548472
517.586452
517.640411
517.683077
517.698666
517.716581
517.719563
517.719778
517.726613
517.759528
517.817426
517.848185
517.88226
517.888029
517.996334
518.014384
518.01573
518.106187
518.109464
518.119456
518.125125
518.15877
518.177833
518.236713
518.293284
518.354137
518.376019
518.413936
518.442871
518.555533
518.62221
518.670829
518.814409
518.82211
518.867194
518.906845
518.935744
518.964571
519.082925
519.140744
519.475386
519.589366
519.594142
519.600201
519.771833
519.779791
519.911197
520.050008
520.122216
520.139302
520.155652
520.223397
520.316129
520.352252
520.467255
520.525361
520.592708
520.612261
520.811372
520.894998
520.96935
521.019683
521.038656
521.133993
521.145101
521.402001
521.506974
521.633689
521.733628
521.883908
521.906601
522.101682
522.194072
522.35249
522.471601
522.569245
522.648838
522.672655
522.796696
522.847256
522.956569
522.963003
523.193154
523.311909
523.364353
523.381495
523.499895
523.514923
523.558093
523.600331
523.635314
523.937209
523.945478
523.946278
523.95085
523.97817
524.014085
524.12575
524.180401
524.201585
524.226716
524.333849
524.343012
524.487627
524.615138
524.642241
524.763224
524.837538
525.002594
525.017881
525.025057
525.030139
525.122204
525.19762
525.235222
525.244618
525.249807
525.262763
525.275472
525.423429
525.436532
525.490566
525.539575
525.614199
525.645934
525.795342
525.833152
526.106536
526.155125
526.340125
526.470686
526.504621
526.783099
526.855354
527.104296
527.206565
527.340729
527.42297
527.527887
527.532633
527.53602
527.635226
527.646202
527.875021
527.898697
527.918481
527.925122
528.076975
528.202352
528.412236
528.484067
528.597747
528.63851
528.681566
528.965908
529.006399
529.053253
529.102578
529.150963
529.403708
529.460646
529.554321
529.613065
529.939789
530.003332
530.122375
530.137033
530.263174
530.403969
530.591039
530.632461
530.659266
530.752386
530.881205
530.884682
531.1794
531.207963
531.219219
531.246699
531.264447
531.399936
531.424442
531.566037
531.664977
531.666028
531.717859
531.72716
531.976134
532.069263
532.137651
532.192692
532.243607
532.293531
532.37049
532.430604
532.48588
532.519838
532.561612
532.74685
532.828128
532.868117
533.030129
533.107774
533.125557
533.191678
533.307139
533.328376
533.488841
533.557417
533.584905
533.611409
533.677067
533.708383
533.765112
533.987302
534.058565
534.293916
534.52775
534.594588
534.688955
534.760082
534.775638
534.930971
535.088717
535.185115
535.199258
535.209817
535.496993
535.63989
535.665661
536.074905
536.116643
536.239861
536.41168
536.774763
536.996551
537.088727
537.10459
537.198569
537.322503
537.566001
537.755198
537.859364
537.948549
537.96059
538.033503
538.106846
538.215228
538.370079
538.438807
538.652001
538.760608
538.816025
538.851714
538.884447
539.166016
539.183746
539.191571
539.311424
539.396447
539.64603
539.856192
539.872183
539.875025
539.991095
540.194486
540.230843
540.257926
540.396757
540.435743
540.479014
540.485905
540.520292
540.579537
540.582303
540.674705
540.713698
540.719569
541.014246
541.141403
541.468522
541.875146
542.047012
542.081538
542.317528
542.831726
542.944389
543.112783
543.125509
543.285301
543.360387
543.498548
543.767068
543.782797
544.242339
544.277831
544.297715
544.788246
545.070213
545.092338
545.127791
545.396383
545.435589
545.589401
545.688231
545.802989
545.811715
545.834589
545.862817
547.236449
547.330691
547.512298
547.557407
547.586756
547.80525
547.91099
547.961504
548.543073
548.743172
548.754392
549.008412
549.009364
549.239693
549.432576
549.432906
549.600961
549.7758
549.831907
549.901847
550.027832
550.591244
550.645552
550.797195
550.92796
550.966529
551.002735
551.283031
551.32701
551.352612
551.399502
551.717867
551.754209
551.796446
551.797079
552.356797
552.381634
552.431984
552.595402
552.622391
552.94652
552.965352
553.053441
553.097053
553.139635
553.161263
553.269655
553.38515
553.407615
553.899868
553.936292
554.044121
555.280806
555.964907
556.501708
556.917921
556.921795
557.097236
557.534969
557.654869
557.961719
558.063226
558.077373
558.296223
558.748208
558.804506
559.680466
559.846999
559.860883
560.501302
560.534755
560.864387
560.946359
560.960083
561.347727
562.837033
562.961656
563.029665
563.057151
563.201141
563.603769
563.805044
564.049702
564.117798
564.799104
564.873119
564.944418
565.418642
565.635057
566.001864
567.106409
567.429503
567.558646
567.88005
567.88599
568.162468
569.042482
569.10617
569.382287
569.449362
569.748416
569.959856
570.31199
570.342289
570.356566
570.90916
571.827609
573.014033
573.05052
573.056694
574.218454
574.277966
574.577629
575.291015
575.472176
575.526021
575.583252
576.055268
578.564701
579.589523
579.60214
579.755049
579.824082
580.109559
581.295976
583.483517
584.993381
586.644337
587.288055
587.677971
589.476934
589.496875
590.158323
591.120048
596.690562
596.930685
600.248289
605.079355
608.357458
610.293742
612.395346
616.508536
618.245251
619.237858
628.83455
639.470127
670.444247
676.83987
679.203377
681.041667
720.307075
827.522393
997.999587
1041.62916
1573.805145
