777.329159
777.571052
784.073571
784.717858
791.824975
803.557582
851.599739
857.57549
860.318903
863.810358
865.290092
867.920151
879.903775
881.31221
884.692261
893.471388
894.544891
902.348703
913.749804
922.481955
923.916396
930.806129
940.073231
941.851884
942.05564
942.131349
955.026778
956.616393
957.017499
959.461322
961.080546
992.358093
993.163881
993.207697
1001.492463
1009.007758
1009.725639
1016.43228
1019.184568
1019.931221
1020.753557
1021.089963
1022.095667
1022.28652
1022.543018
1023.951936
1025.339175
1025.676517
1025.737977
1026.016002
1026.089035
1026.117596
1026.529078
1028.894434
1029.283392
1029.707454
1030.96672
1030.987056
1031.840397
1032.042703
1032.251249
1032.567964
1032.87372
1033.210451
1033.72136
1034.673827
1035.278412
1035.419787
1036.513363
1036.538882
1037.203178
1037.38087
1037.464272
1037.46579
1037.605135
1037.624018
1038.346632
1038.745204
1038.868896
1038.906193
1039.06874
1039.313015
1039.545843
1039.718233
1039.970683
1040.41603
1040.650025
1040.748135
1040.957168
1040.967825
1041.602266
1042.03828
1042.447554
1042.558115
1043.125002
1043.188513
1043.492306
1043.880793
1043.923629
1044.615453
1044.747438
1045.105774
1045.616391
1046.154442
1046.436011
1046.439286
1046.522037
1046.590206
1046.648234
1046.83796
1046.838259
1046.927352
1047.063965
1047.331009
1047.417663
1048.175196
1048.543106
1048.60863
1049.011698
1049.263498
1049.307527
1049.510798
1049.521978
1049.923985
1050.187785
1050.228479
1050.280992
1050.710826
1050.781539
1051.065885
1051.104108
1051.409595
1051.545956
1052.040026
1052.244666
1052.362686
1052.464134
1052.574137
1052.619254
1052.760557
1052.781174
1052.852766
1052.86457
1053.55243
1053.986389
1054.259427
1054.372308
1054.54599
1054.782627
1054.907494
1055.001921
1055.364003
1055.385954
1055.566563
1055.741694
1055.754542
1055.923391
1056.385031
1056.584786
1056.691035
1056.959668
1057.017857
1057.129049
1057.425432
1057.554415
1057.741456
1058.017765
1058.238282
1058.331009
1058.430279
1058.578898
1058.603193
1059.14079
1059.145017
1059.158655
1059.266322
1059.721428
1059.79909
1059.803805
1059.896282
1060.036434
1060.096772
1060.175914
1060.427534
1060.640271
1060.669149
1061.145642
1061.556785
1061.777101
1061.791059
1061.808221
1061.90909
1061.985928
1062.1953
1062.225997
1062.256469
1062.446691
1062.654559
1063.162587
1063.4058
1063.424241
1063.478119
1063.658523
1063.793552
1063.885408
1063.977994
1063.978212
1064.022946
1064.316591
1064.416468
1064.439174
1064.490467
1064.716812
1064.809914
1065.232638
1065.26841
1065.381641
1065.435974
1065.670654
1065.810424
1065.882449
1065.923441
1065.989539
1066.08849
1066.092573
1066.496212
1066.568899
1066.639911
1067.02726
1067.094757
1067.150123
1067.257546
1067.267167
1067.317245
1067.528088
1067.596987
1067.698738
1067.846777
1067.883486
1067.93538
1068.058251
1068.194203
1068.226395
1068.313204
1068.357657
1068.383095
1068.387364
1068.468634
1068.661458
1068.870757
1069.062711
1069.076125
1069.141839
1069.161143
1069.250681
1069.403217
1069.423672
1069.487205
1069.792546
1069.8009
1069.878411
1069.976508
1070.105621
1070.198995
1070.554433
1070.922305
1070.943492
1070.9735
1071.042694
1071.113689
1071.199177
1071.252787
1071.375094
1071.408652
1071.508576
1071.609306
1071.639485
1071.839742
1071.852382
1072.176407
1072.229684
1072.34105
1072.421561
1072.431966
1072.456742
1072.71955
1072.737164
1072.737994
1072.819041
1073.007297
1073.062007
1073.310855
1073.349283
1073.4177
1073.489178
1073.518052
1073.525674
1073.69728
1073.765594
1073.830905
1074.339141
1074.419009
1074.496693
1074.524347
1074.541739
1074.69869
1074.74373
1074.932406
1074.999896
1075.040039
1075.706947
1075.933622
1075.93809
1076.00208
1076.030288
1076.042466
1076.057848
1076.183263
1076.368837
1076.389218
1076.506219
1076.631862
1076.661052
1076.771118
1076.977252
1077.017559
1077.048544
1077.103664
1077.104766
1077.29283
1077.466796
1077.662111
1077.806476
1077.837464
1077.932441
1077.953841
1078.257193
1078.266266
1078.278756
1078.355301
1078.527211
1078.540105
1078.628306
1078.694931
1078.852916
1078.8757
1079.074538
1079.08113
1079.103725
1079.191053
1079.331019
1079.38062
1079.4026
1079.578688
1079.911792
1079.926637
1079.989012
1080.103766
1080.128418
1080.441838
1080.521692
1080.556674
1080.689036
1080.785175
1080.885505
1080.934672
1080.997846
1081.042665
1081.09005
1081.185796
1081.293469
1081.532213
1081.54116
1081.587694
1081.594792
1081.622076
1081.624725
1081.737229
1081.75657
1081.874164
1081.925132
1081.940379
1082.038898
1082.327298
1082.400803
1082.400838
1082.441539
1082.458665
1082.551897
1082.686733
1082.945683
1082.957395
1083.145803
1083.211143
1083.224778
1083.263929
1083.269453
1083.273688
1083.32921
1083.422829
1083.44969
1083.579871
1083.656024
1083.750888
1083.752303
1083.757524
1083.9185
1084.113679
1084.146411
1084.305892
1084.381481
1084.500878
1084.613632
1084.618996
1084.632246
1084.639648
1084.661626
1084.797986
1084.837502
1084.887099
1084.961447
1085.188268
1085.259576
1085.322137
1085.42766
1085.502515
1085.515536
1085.526803
1085.743745
1085.96577
1086.208051
1086.229186
1086.233481
1086.315624
1086.34177
1086.343291
1086.394186
1086.467363
1086.80972
1086.856175
1086.883755
1086.896124
1086.934446
1086.964167
1087.104632
1087.357833
1087.404985
1087.427045
1087.439781
1087.463814
1087.483948
1087.495667
1087.541261
1087.571988
1087.631402
1087.685602
1087.685757
1087.708515
1087.733981
1087.790544
1087.836296
1087.849585
1088.095556
1088.16339
1088.176385
1088.210966
1088.22692
1088.269761
1088.355159
1088.357066
1088.427334
1088.479795
1088.600955
1088.601223
1088.653091
1088.673501
1088.760447
1088.761126
1088.787729
1088.802721
1088.818161
1088.846387
1088.852437
1088.945103
1089.007531
1089.090399
1089.129225
1089.156247
1089.184612
1089.205065
1089.282278
1089.290799
1089.414382
1089.424968
1089.726029
1089.83664
1089.867275
1089.932548
1089.949785
1089.979868
1089.986378
1090.065976
1090.069978
1090.093991
1090.226619
1090.228994
1090.281869
1090.311135
1090.396194
1090.441433
1090.485458
1090.508912
1090.519177
1090.681973
1090.826073
1090.909734
1090.94777
1090.988943
1091.001863
1091.007399
1091.009949
1091.048962
1091.105472
1091.251486
1091.265611
1091.566692
1091.584483
1091.69338
1091.802917
1091.880106
1092.011849
1092.023629
1092.049328
1092.138356
1092.152864
1092.158237
1092.238208
1092.246248
1092.339571
1092.502937
1092.557009
1092.601865
1092.659895
1092.714603
1092.867973
1092.981485
1093.001164
1093.081353
1093.10601
1093.140355
1093.145371
1093.228146
1093.237752
1093.267917
1093.334626
1093.483958
1093.509172
1093.660299
1093.835615
1093.901201
1093.942771
1093.970337
1094.013208
1094.01429
1094.034824
1094.064561
1094.194793
1094.199204
1094.227094
1094.3661
1094.400313
1094.453871
1094.586473
1094.700421
1094.770069
1094.976867
1094.998268
1095.072796
1095.084451
1095.124171
1095.21631
1095.22997
1095.267434
1095.503433
1095.51811
1095.644473
1095.696839
1095.730831
1095.793774
1095.823503
1095.953404
1095.973093
1095.994972
1096.06179
1096.064027
1096.158514
1096.324019
1096.442112
1096.469376
1096.473156
1096.480395
1096.594369
1096.603267
1096.63522
1096.738017
1096.95814
1097.077661
1097.112849
1097.143629
1097.153561
1097.257539
1097.263629
1097.283359
1097.343377
1097.362468
1097.390861
1097.396784
1097.400533
1097.4806
1097.587655
1097.597315
1097.640709
1097.693244
1097.725617
1097.817831
1097.859996
1097.874203
1097.976614
1098.052202
1098.099814
1098.139559
1098.169355
1098.177694
1098.193819
1098.355247
1098.372364
1098.396979
1098.451129
1098.513211
1098.541548
1098.643798
1098.644594
1098.742044
1098.906972
1099.031949
1099.219288
1099.270995
1099.288543
1099.369533
1099.371132
1099.565898
1099.672965
1099.807999
1099.865005
1099.88257
1099.907099
1099.958678
1099.97833
1099.996986
1100.015925
1100.044137
1100.135714
1100.2777
1100.290246
1100.317669
1100.40325
1100.414317
1100.425673
1100.505009
1100.537997
1100.608157
1100.634182
1100.649476
1100.661757
1100.687111
1100.71709
1100.792019
1100.805632
1100.897771
1100.959054
1101.030853
1101.063505
1101.094152
1101.136565
1101.191758
1101.255882
1101.266424
1101.282882
1101.308954
1101.321883
1101.418312
1101.427975
1101.469108
1101.482339
1101.511564
1101.521813
1101.538441
1101.64162
1101.69844
1101.804174
1101.829212
1101.884518
1101.9337
1101.945693
1102.047802
1102.102063
1102.127238
1102.164637
1102.200443
1102.22611
1102.307332
1102.3107
1102.355986
1102.428198
1102.461065
1102.495383
1102.512517
1102.589974
1102.665745
1102.681703
1102.741317
1102.873719
1102.902569
1102.933915
1102.991318
1103.01508
1103.025194
1103.053305
1103.120083
1103.129216
1103.258393
1103.268472
1103.311023
1103.324457
1103.354301
1103.401094
1103.502424
1103.518598
1103.520759
1103.616497
1103.673851
1103.693091
1103.741364
1103.746042
1103.848762
1103.940806
1103.984171
1104.101215
1104.201048
1104.240723
1104.256195
1104.277172
1104.30823
1104.320538
1104.48992
1104.559701
1104.574081
1104.623045
1104.635336
1104.696008
1104.771278
1104.871545
1104.888659
1104.939845
1105.010319
1105.150104
1105.163178
1105.170827
1105.171635
1105.237105
1105.268904
1105.300268
1105.379867
1105.385545
1105.393402
1105.460986
1105.507696
1105.521933
1105.552148
1105.631704
1105.633983
1105.677274
1105.736177
1105.810039
1105.815063
1105.828521
1105.848073
1105.849377
1105.86904
1105.991274
1106.013767
1106.075742
1106.180067
1106.236253
1106.311958
1106.319822
1106.373494
1106.402355
1106.423429
1106.447119
1106.457943
1106.519853
1106.553085
1106.603713
1106.659649
1106.690431
1106.705607
1106.751112
1106.769157
1106.80247
1106.834789
1106.851644
1106.91376
1107.022246
1107.121571
1107.326644
1107.329203
1107.389884
1107.482124
1107.574725
1107.633354
1107.72002
1107.723212
1107.778937
1107.813895
1107.880395
1107.880652
1107.912085
1107.948678
1108.007129
1108.225664
1108.232222
1108.242455
1108.256919
1108.324869
1108.364539
1108.36604
1108.41167
1108.43851
1108.455251
1108.527361
1108.52987
1108.568127
1108.603834
1108.610534
1108.653131
1108.705793
1108.732295
1108.73881
1108.757351
1108.795543
1108.815684
1108.821452
1108.861246
1108.876219
1108.917765
1108.95307
1108.975814
1109.033956
1109.040972
1109.143906
1109.169893
1109.269471
1109.289624
1109.3991
1109.445814
1109.450212
1109.466141
1109.482235
1109.603261
1109.693646
1109.729159
1109.841039
1109.856555
1109.901546
1109.938297
1110.109178
1110.127922
1110.247308
1110.264227
1110.276221
1110.284488
1110.295436
1110.320595
1110.353994
1110.385584
1110.400753
1110.523525
1110.573778
1110.659095
1110.778595
1110.794603
1110.842135
1110.933202
1110.939263
1110.943904
1110.981243
1110.995482
1111.043843
1111.0525
1111.123715
1111.197251
1111.258482
1111.270581
1111.335002
1111.356249
1111.3681
1111.398895
1111.43317
1111.43665
1111.513262
1111.521543
1111.545709
1111.55596
1111.611461
1111.726062
1111.763594
1111.782051
1111.847791
1111.864726
1111.873082
1111.878303
1111.918871
1111.995361
1112.070375
1112.086535
1112.087716
1112.099444
1112.278581
1112.31668
1112.343428
1112.391527
1112.471832
1112.507501
1112.574745
1112.773193
1112.810518
1112.861795
1112.875248
1112.886752
1112.952065
1113.152237
1113.340161
1113.367787
1113.369533
1113.376093
1113.411399
1113.417666
1113.437787
1113.45187
1113.499987
1113.519171
1113.675104
1113.737975
1113.750736
1113.806929
1113.818885
1113.838629
1113.867311
1113.874207
1113.914244
1113.94862
1114.075211
1114.156416
1114.406864
1114.412164
1114.550138
1114.602459
1114.630206
1114.640881
1114.648834
1114.706399
1114.873639
1114.883903
1114.887602
1114.89159
1114.97716
1114.98111
1114.98541
1115.042549
1115.079948
1115.110912
1115.187486
1115.251876
1115.256452
1115.26955
1115.282303
1115.332261
1115.3456
1115.355446
1115.363625
1115.434907
1115.460554
1115.476108
1115.610951
1115.676152
1115.691181
1115.740306
1115.740406
1115.74213
1115.765087
1115.823319
1115.902176
1115.926655
1116.000751
1116.023424
1116.112535
1116.209273
1116.261364
1116.267931
1116.283629
1116.329355
1116.379358
1116.418758
1116.465505
1116.559964
1116.604277
1116.615982
1116.631208
1116.653093
1116.684744
1116.692623
1116.711918
1116.826769
1116.85799
1116.859484
1116.966553
1116.977589
1116.977949
1116.985731
1117.066323
1117.140636
1117.145173
1117.161063
1117.201762
1117.218422
1117.239366
1117.347601
1117.393332
1117.513473
1117.533279
1117.551571
1117.591737
1117.594786
1117.631804
1117.638328
1117.705157
1117.762308
1117.782633
1117.792616
1117.803699
1117.870809
1117.905942
1117.919776
1117.967988
1117.980358
1117.996938
1118.028768
1118.058571
1118.084997
1118.112213
1118.113019
1118.237329
1118.285779
1118.313161
1118.449568
1118.538345
1118.557612
1118.57729
1118.581021
1118.764325
1118.806948
1118.93323
1118.937438
1118.940744
1119.026497
1119.032844
1119.125189
1119.167642
1119.257715
1119.259898
1119.26027
1119.323986
1119.333142
1119.401055
1119.514307
1119.535678
1119.540118
1119.555308
1119.572829
1119.576547
1119.751498
1119.797029
1119.799275
1119.851628
1120.029445
1120.031392
1120.032453
1120.083153
1120.187936
1120.298127
1120.396384
1120.46947
1120.475664
1120.583772
1120.637987
1120.709578
1120.714402
1120.770265
1120.783306
1120.829576
1120.838077
1120.861928
1120.914325
1120.93727
1120.958077
1121.133984
1121.203282
1121.232076
1121.267339
1121.290938
1121.328577
1121.380368
1121.401803
1121.437477
1121.451624
1121.474348
1121.47668
1121.549031
1121.598015
1121.626678
1121.710651
1121.752272
1121.829299
1121.851536
1121.860052
1122.002156
1122.012985
1122.077536
1122.106366
1122.134165
1122.17372
1122.179436
1122.191362
1122.268835
1122.329982
1122.337916
1122.406341
1122.41785
1122.436921
1122.461435
1122.520557
1122.583448
1122.686325
1122.703398
1122.815237
1122.818093
1122.830875
1122.842918
1122.855621
1122.903095
1122.95739
1123.000366
1123.0027
1123.003707
1123.072351
1123.074366
1123.104109
1123.11566
1123.253322
1123.339501
1123.419063
1123.479878
1123.488397
1123.498601
1123.555839
1123.591752
1123.69187
1123.752727
1123.759618
1123.760877
1123.808468
1123.850431
1123.997028
1123.999634
1124.157937
1124.223854
1124.236847
1124.271774
1124.343075
1124.351451
1124.372888
1124.416192
1124.468856
1124.550431
1124.620879
1124.675861
1124.678107
1124.744347
1124.747486
1124.845978
1124.848368
1124.984099
1124.990051
1125.074562
1125.1798
1125.183971
1125.226828
1125.280101
1125.381051
1125.393333
1125.39534
1125.514164
1125.567582
1125.577629
1125.672707
1125.764244
1125.894604
1125.895139
1125.951022
1126.142074
1126.170752
1126.180041
1126.209126
1126.305011
1126.384089
1126.557346
1126.564391
1126.593913
1126.609495
1126.669002
1126.767191
1126.79809
1126.840513
1126.870714
1126.897065
1126.906565
1126.96251
1127.142283
1127.160655
1127.176386
1127.188003
1127.217444
1127.391039
1127.406608
1127.530146
1127.546074
1127.576861
1127.596349
1127.715576
1127.757103
1127.80788
1127.856854
1127.903446
1127.940237
1128.002867
1128.059037
1128.098561
1128.186199
1128.193361
1128.239323
1128.430312
1128.501169
1128.623176
1128.644904
1128.826743
1128.82787
1128.829799
1128.914152
1128.916041
1128.937828
1129.029149
1129.105872
1129.233986
1129.295215
1129.343406
1129.393505
1129.454418
1129.484254
1129.512918
1129.60012
1129.771431
1129.82557
1129.844263
1129.866593
1129.973516
1130.048452
1130.141559
1130.155074
1130.289597
1130.34058
1130.432218
1130.536102
1130.538204
1130.605553
1130.610709
1130.86872
1130.950657
1130.99681
1130.999221
1131.021697
1131.038845
1131.103892
1131.125622
1131.428345
1131.594057
1131.606122
1131.689867
1131.701729
1131.706543
1131.708618
1131.749362
1131.885268
1131.944548
1131.972674
1131.981548
1132.013318
1132.018306
1132.129015
1132.132417
1132.150968
1132.18224
1132.217235
1132.224517
1132.306888
1132.419046
1132.443381
1132.456826
1132.482523
1132.582478
1132.61303
1132.61448
1132.648574
1132.777169
1132.778939
1132.845751
1132.853051
1132.871524
1132.944741
1132.98029
1133.00497
1133.170281
1133.248375
1133.275173
1133.28084
1133.283567
1133.515761
1133.551517
1133.677251
1133.737592
1133.744019
1134.01268
1134.023505
1134.066495
1134.086442
1134.161553
1134.201807
1134.373069
1134.474499
1134.483293
1134.620928
1134.651453
1134.693683
1134.789649
1134.838649
1134.913525
1134.991261
1135.018393
1135.057672
1135.059414
1135.090223
1135.093215
1135.154472
1135.298358
1135.384256
1135.425553
1135.46729
1135.495844
1135.509062
1135.525036
1135.609404
1135.701495
1135.72173
1135.72605
1135.778719
1135.810675
1135.946644
1136.03624
1136.061115
1136.083776
1136.099737
1136.130898
1136.162294
1136.168088
1136.270274
1136.340819
1136.356372
1136.369414
1136.477489
1136.520096
1136.567485
1136.606779
1136.645517
1136.747044
1136.780196
1137.170745
1137.212741
1137.259849
1137.302392
1137.427358
1137.452878
1137.586111
1137.597383
1137.61827
1137.660727
1137.728427
1137.760444
1137.800124
1137.802052
1137.93292
1137.989657
1138.024785
1138.122983
1138.140209
1138.187744
1138.197595
1138.228052
1138.230436
1138.261751
1138.272063
1138.272442
1138.283813
1138.328025
1138.526261
1138.527713
1138.583801
1138.593515
1138.63501
1138.636879
1138.719586
1138.764476
1138.793095
1138.834231
1138.864251
1138.975216
1138.986921
1139.116141
1139.14286
1139.271095
1139.298908
1139.300875
1139.350247
1139.354627
1139.431607
1139.440329
1139.459191
1139.463021
1139.512105
1139.636412
1139.701411
1139.750764
1139.800896
1139.837639
1139.856101
1139.871664
1139.902373
1139.926147
1140.095349
1140.096968
1140.161412
1140.234581
1140.343436
1140.361061
1140.42585
1140.548761
1140.566031
1140.67539
1140.710425
1140.75203
1140.812086
1140.857763
1140.864202
1140.966422
1140.974094
1141.018486
1141.092897
1141.120115
1141.286981
1141.352364
1141.397171
1141.555398
1141.614768
1141.631659
1141.685551
1141.74006
1141.771449
1142.010454
1142.039644
1142.068545
1142.156057
1142.234121
1142.250396
1142.304324
1142.342829
1142.346336
1142.355266
1142.445396
1142.454789
1142.552419
1142.566676
1142.658769
1142.689174
1142.751377
1142.796606
1142.852063
1142.885307
1142.915772
1143.108508
1143.118116
1143.291035
1143.406023
1143.452355
1143.467179
1143.660706
1143.816157
1143.88966
1143.945314
1144.014535
1144.052206
1144.110692
1144.14887
1144.189285
1144.206899
1144.244454
1144.271006
1144.299365
1144.380492
1144.384483
1144.474901
1144.506382
1144.531771
1144.557684
1144.651691
1144.736657
1144.748143
1144.752299
1144.82522
1144.870777
1144.874421
1144.914494
1144.924249
1144.949354
1145.016643
1145.039008
1145.098641
1145.13962
1145.174486
1145.18606
1145.190825
1145.212954
1145.220439
1145.263377
1145.350996
1145.483084
1145.511831
1145.563891
1145.56547
1145.582721
1145.583408
1145.593099
1145.657519
1145.672111
1145.674545
1145.800419
1145.828428
1145.835674
1145.861842
1145.920253
1146.012869
1146.100056
1146.208326
1146.35721
1146.41
1146.606438
1146.932496
1147.136188
1147.282403
1147.340564
1147.65008
1147.650712
1147.678619
1147.729068
1147.753394
1147.841392
1147.849756
1147.906706
1147.983645
1148.048048
1148.050356
1148.063564
1148.071832
1148.205897
1148.209905
1148.215517
1148.257161
1148.511538
1148.542061
1148.563272
1148.577695
1148.582705
1148.606186
1148.611372
1148.674421
1148.674455
1148.874405
1148.874956
1148.908006
1148.939989
1148.948415
1149.030411
1149.132542
1149.141877
1149.153318
1149.275674
1149.309235
1149.383216
1149.386993
1149.395673
1149.417628
1149.509079
1149.629777
1149.649522
1149.672174
1149.701259
1149.733695
1149.787486
1149.787552
1149.796649
1149.907312
1149.911309
1149.981122
1150.035039
1150.080396
1150.132817
1150.259564
1150.269405
1150.404016
1150.407862
1150.443391
1150.48098
1150.523698
1150.535404
1150.537719
1150.60065
1150.727274
1150.951953
1150.997792
1151.007158
1151.00917
1151.009455
1151.042295
1151.100623
1151.188684
1151.201126
1151.237754
1151.389476
1151.419068
1151.502941
1151.606011
1151.628777
1151.673368
1151.686444
1151.804788
1151.809538
1151.897603
1151.965195
1152.026739
1152.09139
1152.092344
1152.12606
1152.279328
1152.440807
1152.486653
1152.545116
1152.638764
1152.697978
1152.706991
1152.7243
1152.794618
1152.795127
1152.825571
1152.940852
1153.047677
1153.115813
1153.153021
1153.168386
1153.192583
1153.208899
1153.225207
1153.237435
1153.323041
1153.418731
1153.48472
1153.528643
1153.545815
1153.588331
1153.66813
1153.711749
1153.744777
1153.752865
1153.778369
1153.836064
1153.88756
1153.958411
1153.986763
1154.090376
1154.091496
1154.096
1154.191599
1154.221624
1154.288856
1154.564925
1154.592872
1154.599558
1154.638267
1154.653247
1154.661323
1154.881834
1154.88831
1154.972389
1154.984467
1154.990297
1155.144663
1155.163956
1155.267307
1155.32446
1155.417571
1155.483298
1155.517849
1155.518866
1155.524861
1155.599114
1155.627978
1155.637717
1155.657604
1155.705506
1156.147468
1156.221134
1156.238465
1156.298327
1156.354112
1156.51509
1156.570999
1156.650397
1156.7723
1156.786544
1156.788624
1156.805094
1156.80646
1156.880763
1156.897504
1157.018822
1157.075055
1157.084323
1157.187082
1157.20798
1157.419139
1157.799134
1157.895704
1157.900512
1158.104574
1158.116245
1158.344149
1158.492098
1158.631945
1158.651035
1158.695084
1158.760797
1158.826023
1158.850617
1158.923816
1158.952318
1158.976526
1159.002061
1159.049155
1159.111902
1159.193851
1159.338336
1159.368481
1159.441724
1159.458145
1159.529128
1159.542483
1159.601401
1159.668594
1159.681617
1159.81637
1159.863522
1159.928553
1159.940225
1160.219422
1160.29647
1160.311738
1160.568955
1160.570961
1160.58881
1160.605291
1160.637824
1160.733697
1160.761964
1160.779788
1160.825548
1160.866453
1160.868272
1160.877914
1160.973096
1161.049601
1161.069418
1161.119308
1161.13445
1161.235876
1161.332609
1161.35112
1161.37933
1161.410751
1161.426598
1162.034715
1162.173719
1162.240354
1162.315914
1162.359456
1162.397512
1162.497705
1162.620584
1162.632372
1162.725599
1163.094564
1163.135197
1163.161921
1163.264952
1163.408995
1163.547938
1163.593007
1163.732703
1163.786954
1163.880221
1163.916444
1163.938951
1164.016088
1164.064087
1164.089902
1164.106765
1164.12435
1164.148849
1164.149101
1164.335078
1164.378294
1164.398405
1164.410543
1164.428631
1164.432377
1164.460707
1164.479919
1164.49283
1164.685328
1164.744527
1164.748242
1164.749375
1164.822437
1164.998369
1165.001195
1165.004086
1165.09961
1165.137357
1165.22234
1165.237075
1165.320147
1165.355356
1165.363115
1165.383695
1165.424668
1165.460373
1165.545863
1165.773244
1165.837627
1165.92819
1166.029855
1166.035006
1166.098642
1166.113242
1166.210812
1166.298714
1166.36873
1166.571696
1166.608084
1166.672862
1166.76187
1166.93441
1166.957541
1167.140463
1167.146074
1167.215262
1167.284705
1167.310552
1167.345092
1167.351769
1167.437238
1167.539577
1167.567177
1167.609089
1167.671972
1167.977057
1168.009947
1168.010831
1168.056115
1168.362462
1168.475722
1168.67024
1168.87489
1168.888515
1168.937186
1168.979412
1168.987401
1169.081289
1169.265468
1169.276256
1169.377378
1169.42032
1169.474738
1169.488911
1169.622265
1169.626224
1169.695954
1169.923935
1169.954361
1169.961735
1169.986398
1170.174354
1170.276843
1170.450909
1170.514186
1170.567997
1170.615962
1170.733727
1170.818682
1170.846437
1170.863179
1170.995553
1171.081311
1171.108159
1171.166394
1171.291582
1171.377526
1171.700839
1171.845037
1171.859025
1171.896423
1171.924882
1171.993964
1172.041633
1172.046137
1172.076159
1172.149538
1172.235786
1172.241751
1172.248934
1172.307358
1172.34416
1172.348678
1172.39895
1172.435512
1172.50999
1172.546114
1172.738672
1172.770848
1172.933017
1173.468817
1173.634695
1173.70389
1173.800799
1173.836565
1173.894867
1174.071302
1174.170748
1174.332926
1174.474253
1174.493341
1174.505963
1174.516844
1174.518642
1174.548187
1174.58758
1174.611294
1174.650279
1174.76739
1174.824504
1174.956356
1174.973333
1175.063099
1175.152992
1175.155546
1175.34867
1175.358515
1175.39731
1175.435878
1175.518733
1175.532473
1175.568283
1175.574962
1175.727885
1175.743666
1175.832614
1175.992253
1176.037492
1176.10193
1176.136251
1176.184055
1176.276642
1176.385653
1176.396785
1176.507071
1176.570958
1176.808634
1176.912721
1176.913795
1177.168807
1177.434506
1177.437614
1177.449997
1177.500474
1177.513165
1177.545104
1177.572683
1177.818847
1177.96762
1178.139517
1178.19399
1178.373145
1178.441999
1178.442042
1178.48535
1178.609011
1178.656431
1178.869023
1179.019464
1179.030005
1179.032913
1179.046152
1179.065877
1179.074715
1179.210176
1179.236707
1179.246337
1179.319958
1179.321838
1179.338332
1179.373539
1179.506328
1179.557776
1179.561589
1179.574821
1179.601676
1179.866866
1179.873271
1180.030554
1180.142592
1180.182231
1180.408531
1180.556973
1180.560027
1180.698134
1180.700054
1180.719049
1180.739128
1180.919693
1180.937617
1180.952577
1180.999287
1181.081077
1181.09661
1181.175338
1181.420796
1181.661229
1181.99347
1182.164823
1182.233582
1182.409163
1182.585655
1182.677072
1182.697074
1182.84265
1182.964906
1183.000655
1183.043797
1183.221471
1183.288656
1183.300013
1183.37751
1183.436575
1183.440378
1183.482414
1183.534247
1183.653498
1183.657543
1183.787363
1183.908165
1184.14654
1184.27388
1184.307436
1184.381414
1184.530503
1184.839708
1184.866879
1184.994327
1185.025222
1185.108792
1185.171566
1185.320106
1185.442657
1185.562043
1185.744649
1185.762002
1185.795737
1185.833424
1186.014607
1186.065725
1186.08265
1186.157648
1186.288438
1186.316557
1186.328263
1186.378763
1186.648437
1186.652315
1186.819182
1186.863038
1186.912923
1186.957112
1187.21188
1187.261672
1187.317336
1187.510323
1187.615145
1187.776899
1187.821342
1187.918356
1188.021722
1188.046894
1188.06986
1188.089511
1188.236389
1188.250862
1188.487764
1188.575207
1188.623207
1188.710004
1188.722932
1188.793079
1188.89575
1188.957874
1188.965327
1189.090343
1189.111919
1189.157191
1189.245417
1189.494464
1189.703632
1189.738162
1189.788322
1189.8819
1189.897241
1189.980529
1190.061687
1190.126351
1190.377029
1190.470729
1190.476939
1190.542696
1190.671823
1190.825588
1191.004581
1191.190526
1191.202943
1191.481009
1191.625221
1191.723606
1191.763307
1191.805296
1191.846708
1191.877403
1191.931799
1192.467271
1192.506314
1192.870576
1192.916862
1193.014041
1193.137236
1193.230709
1193.272364
1193.359206
1193.429414
1193.668288
1193.80359
1193.832915
1193.873337
1193.885043
1193.914397
1194.026683
1194.038
1194.184911
1194.747805
1194.785789
1194.805561
1194.85406
1194.864095
1194.978737
1195.046197
1195.052208
1195.065888
1195.131903
1195.155368
1195.40106
1195.602317
1195.66622
1195.701162
1195.919701
1195.924731
1196.086982
1196.123241
1196.164436
1196.196584
1196.288974
1196.302661
1196.556098
1196.61179
1196.612382
1196.812969
1197.080683
1197.274329
1197.578818
1197.750819
1197.88822
1197.92226
1198.348163
1198.543145
1198.625685
1198.639062
1198.98428
1198.999115
1199.066777
1199.170142
1199.199774
1199.339539
1199.428214
1199.6134
1199.618877
1199.788467
1199.915942
1200.1988
1200.215731
1200.469219
1200.630138
1200.739312
1200.782271
1200.920001
1200.934252
1201.049062
1201.150143
1201.346095
1201.347722
1201.428221
1201.443285
1201.625088
1201.836033
1201.897326
1202.00423
1202.096809
1202.142569
1202.236356
1202.508627
1202.600601
1202.605603
1202.686105
1202.744256
1203.098914
1203.198675
1203.218101
1203.22101
1203.264381
1203.325902
1203.449511
1203.647317
1203.671579
1203.721352
1203.769278
1203.869995
1203.891215
1204.030527
1204.248353
1204.430662
1204.507055
1204.577389
1204.703914
1204.71084
1204.734468
1204.991381
1205.09519
1205.16079
1205.457607
1205.461036
1205.494317
1205.53189
1205.690679
1205.699209
1205.728139
1205.780175
1206.730725
1206.766619
1206.91319
1207.2644
1207.60188
1207.765491
1208.080075
1208.099364
1208.583174
1208.86703
1209.07847
1209.222198
1209.298137
1209.320258
1209.346562
1209.450939
1209.57408
1209.851181
1210.110305
1210.16187
1210.185801
1210.587856
1210.610045
1210.782058
1210.85774
1211.203325
1211.28493
1211.336107
1211.345686
1211.589353
1211.618129
1211.765386
1211.766584
1211.808983
1212.029355
1212.386354
1212.397631
1212.699176
1213.082758
1213.088179
1213.127469
1213.278041
1213.307833
1213.495279
1213.566386
1213.773515
1214.05637
1214.114214
1214.292782
1214.298305
1214.349355
1214.739287
1214.773089
1214.820433
1214.880242
1214.923087
1215.026767
1215.605902
1215.846321
1216.082959
1216.196657
1216.259337
1216.347201
1216.526167
1216.855154
1216.881067
1216.917616
1217.399253
1217.634898
1217.794293
1218.042853
1218.291868
1218.38525
1218.59036
1218.615213
1218.794202
1218.884608
1219.010269
1219.582441
1219.711359
1219.759196
1219.815282
1219.825166
1219.909641
1219.917126
1220.448493
1220.537498
1220.580969
1220.7565
1220.778887
1220.917724
1220.929966
1221.282703
1221.469632
1221.515966
1221.717335
1221.803396
1221.844202
1221.928135
1221.990273
1222.005892
1222.10893
1222.167875
1222.241767
1222.516641
1222.765928
1223.081923
1223.33615
1223.425006
1223.600625
1223.640737
1223.803163
1223.936604
1224.161814
1224.352501
1224.407882
1224.4321
1224.466701
1224.525169
1224.577917
1224.713862
1224.898283
1224.916384
1224.927201
1224.997098
1225.081976
1225.102917
1225.337219
1225.35808
1225.913437
1226.321011
1226.402595
1226.418223
1226.595696
1226.871947
1227.210757
1227.283812
1228.174709
1228.209802
1228.282077
1228.340897
1228.582579
1228.63753
1229.022932
1229.080417
1229.739997
1230.540133
1230.6715
1231.120168
1231.158501
1231.352962
1231.476411
1232.162824
1232.49813
1233.068999
1233.393644
1233.653713
1233.944564
1234.20405
1234.561585
1235.16008
1235.697202
1235.824718
1235.851577
1235.934306
1236.421247
1236.796443
1237.104236
1237.106939
1237.520575
1237.834026
1238.016487
1238.187536
1238.191622
1238.197105
1238.362296
1238.788132
1239.037705
1239.302263
1239.371
1239.453482
1239.497115
1239.597423
1240.590061
1240.717804
1240.770115
1240.879668
1241.853584
1242.543881
1242.837924
1242.977772
1243.167066
1244.101427
1244.207822
1244.330206
1244.445441
1244.632154
1247.024795
1247.385738
1248.456108
1248.555878
1248.56018
1248.770065
1248.838947
1248.903803
1249.047642
1249.730831
1250.423556
1250.655107
1250.948395
1251.427271
1251.557391
1251.643654
1252.267825
1252.917042
1253.007377
1253.226368
1253.246411
1253.872854
1254.447322
1254.532556
1254.592517
1254.925832
1255.049378
1255.119846
1255.46069
1255.72017
1255.936254
1256.164836
1256.336238
1256.89862
1256.925051
1257.175893
1257.182062
1257.739492
1257.878871
1258.173591
1258.485745
1259.1296
1260.226438
1260.431554
1260.688335
1260.762812
1260.764495
1261.446888
1262.442792
1262.720264
1263.352071
1264.042618
1264.393915
1264.402737
1265.822468
1267.575591
1268.08109
1268.323576
1268.666529
1268.7089
1269.025706
1269.941202
1270.552777
1271.172128
1271.336969
1271.602404
1272.099609
1272.229108
1272.427349
1273.3151
1273.429578
1274.230361
1274.394915
1274.583691
1274.996885
1276.353302
1276.366786
1276.818828
1277.434616
1278.042198
1278.330648
1278.77227
1279.037666
1280.80227
1281.375827
1281.966695
1281.988358
1282.224304
1282.524448
1282.857345
1283.307639
1283.547895
1283.718761
1283.975673
1284.170846
1284.637216
1285.01617
1285.274594
1285.581424
1285.987553
1286.022292
1286.508368
1286.838315
1288.533922
1289.636226
1290.255035
1291.089605
1291.383493
1292.114744
1292.425432
1292.462904
1293.248034
1293.261325
1293.346062
1294.040434
1294.09251
1295.047347
1295.393833
1296.073549
1296.727
1296.8392
1298.0343
1300.634589
1300.967691
1302.809102
1303.16948
1304.687019
1304.920318
1305.634103
1305.918791
1306.07564
1307.927553
1308.050334
1309.341188
1310.227509
1310.374553
1311.581768
1311.775039
1313.800552
1314.429004
1314.717287
1315.61243
1316.520047
1317.449978
1319.972955
1320.231571
1320.755483
1323.12526
1323.72597
1324.023439
1325.409404
1326.275779
1327.326446
1328.072934
1328.095164
1328.251789
1330.466745
1331.915346
1334.010993
1334.069375
1335.289865
1335.354154
1338.164916
1338.588939
1338.932861
1338.939728
1344.030358
1347.785423
1348.684847
1348.82197
1349.188263
1349.239868
1349.61479
1352.275514
1352.531398
1353.691937
1353.721178
1356.569139
1358.431497
1359.206203
1362.728746
1362.983767
1366.016754
1366.29188
1366.404534
1368.004111
1369.327685
1369.453738
1371.147749
1372.43736
1377.700114
1379.282807
1381.17911
1382.222578
1384.411229
1384.758598
1386.522254
1388.069558
1393.22885
1396.039423
1408.753597
1410.198642
1411.823575
1413.738027
1414.738145
1417.951349
1426.093149
1429.76505
1433.959662
1435.898475
1436.661798
1448.946315
1449.160217
1476.78696
1484.704893
1489.379571
1504.742285
1516.26294
1519.296834
1538.74713
1582.395678
1617.085329
1659.139273
1696.043377
1719.134052
1722.714757
1741.37628
2001.252004
2093.433731
2758.087932
4993.112352
5148.573575
