3018.628427
3020.319132
3022.897757
3036.610162
3043.483933
3045.918861
3049.772471
3052.757153
3054.395
3057.177013
3070.064976
3076.000483
3076.183866
3077.750994
3086.176479
3088.025694
3092.901376
3103.084812
3106.319856
3106.861228
3108.187601
3111.144067
3112.206032
3117.363398
3119.025189
3127.080844
3128.017637
3130.587635
3153.946525
3165.791957
3181.843064
3183.272313
3183.74001
3188.040307
3188.218356
3193.616681
3201.937014
3204.728662
3213.245624
3214.510512
3214.570954
3223.873583
3228.207766
3230.346987
3250.873924
3265.259643
3273.564545
3330.474339
3358.078347
3389.262713
3504.89558
3557.644037
3569.691061
3597.098259
3621.715499
3662.576627
3667.979386
3680.752512
3719.647727
3742.132672
3818.907349
3846.769343
3852.388713
3867.714112
3906.773415
3923.239866
3926.388373
3936.604508
3951.149366
3952.663275
3953.427209
3966.851733
3968.274812
3974.493679
4000.51267
4021.699483
4033.559386
4036.623533
4043.418003
4049.254086
4063.885954
4072.962455
4096.689633
4103.034953
4106.565985
4113.696514
4115.814001
4119.656518
4124.289158
4128.040534
4131.241023
4131.501951
4135.100964
4139.098875
4139.949174
4144.137097
4153.721238
4158.827185
4162.919888
4166.15368
4171.045218
4171.332154
4175.450841
4176.421004
4179.256381
4181.943078
4181.945851
4182.643636
4182.980804
4183.784894
4184.86484
4187.513994
4189.18145
4189.617716
4195.799452
4195.837467
4197.141312
4199.271679
4202.975174
4203.444742
4205.605217
4206.812388
4208.300379
4208.498054
4209.53062
4214.189992
4217.145123
4217.839226
4221.427601
4222.277994
4224.846627
4225.900463
4227.016283
4230.022724
4232.304235
4233.184592
4233.300484
4233.776058
4234.27424
4235.706109
4237.138087
4237.929806
4248.51797
4251.492807
4252.768618
4253.103299
4253.659566
4253.74012
4254.005572
4254.645929
4256.990707
4258.098557
4259.521807
4262.432117
4263.894874
4264.01089
4264.66915
4265.374213
4267.303436
4268.235324
4269.203829
4270.2252
4270.277813
4271.262957
4272.616397
4274.454434
4278.745608
4278.870717
4280.073348
4280.280259
4280.735053
4282.152016
4284.041879
4284.187826
4284.899565
4285.242165
4287.924296
4288.053726
4288.618952
4289.130149
4289.374605
4289.830672
4290.430944
4291.900609
4292.378418
4293.217595
4294.760811
4295.985393
4296.904245
4297.574966
4298.235952
4302.803008
4303.384423
4303.698121
4305.684812
4306.02317
4309.894583
4312.414239
4313.376675
4314.943472
4316.981178
4318.658735
4320.233336
4320.988877
4321.775032
4321.864295
4327.688005
4328.248352
4329.251533
4329.404962
4329.97724
4330.983256
4330.989085
4334.450146
4336.669849
4340.496997
4341.377122
4342.055462
4342.642143
4345.091132
4345.31677
4345.556553
4346.804967
4347.811005
4347.828532
4348.896339
4349.100242
4349.571153
4350.790875
4351.133791
4351.586789
4352.847265
4353.329493
4355.865758
4357.482973
4359.429683
4360.152078
4360.859279
4362.225927
4364.093598
4365.428586
4365.743881
4365.841909
4365.99867
4366.348081
4368.189011
4369.72692
4370.627372
4374.923185
4375.786009
4377.251032
4377.745141
4380.75046
4381.051686
4381.456307
4384.101647
4384.936171
4385.299435
4385.379567
4386.077119
4386.265824
4389.970892
4391.431744
4392.103934
4393.106276
4393.458176
4393.759181
4394.928768
4397.611163
4397.896482
4398.49023
4399.010355
4401.019019
4401.548213
4402.151571
4402.695875
4403.690664
4404.082558
4405.86545
4406.952148
4410.45313
4411.030373
4411.389924
4412.683361
4413.335052
4413.520876
4413.673166
4414.071911
4414.475064
4415.928863
4416.229044
4416.61471
4417.913553
4418.895264
4422.270374
4422.554017
4423.196059
4424.640323
4426.044129
4428.120793
4428.732557
4429.419671
4429.717972
4430.827095
4430.977746
4431.165774
4431.184789
4431.646716
4431.800492
4431.97927
4433.180312
4433.45627
4434.657033
4435.522904
4435.81867
4436.53614
4437.958262
4438.033766
4439.15716
4440.716981
4441.962489
4442.181743
4442.35318
4442.704513
4443.537517
4443.656924
4443.686031
4443.691042
4444.038526
4445.10251
4446.023278
4446.174417
4446.703924
4447.835982
4449.536251
4449.742045
4450.163389
4450.193733
4450.566532
4451.210031
4451.332338
4451.344771
4452.005024
4452.061996
4453.805828
4456.016398
4456.957005
4457.351634
4457.712617
4458.54656
4458.995687
4459.340405
4460.145871
4460.59182
4460.599831
4461.001609
4462.035235
4462.124379
4462.162082
4462.889035
4462.932678
4463.68618
4464.572175
4465.611923
4465.83842
4465.92028
4466.907906
4467.779984
4468.457872
4468.480439
4470.070742
4470.746972
4471.31977
4472.561759
4472.94184
4473.457764
4473.515985
4476.95134
4476.997708
4478.139776
4480.073651
4483.355471
4485.659788
4486.27407
4487.552797
4487.644478
4488.919192
4488.983662
4489.113525
4489.195696
4489.427422
4489.58175
4490.601772
4491.945036
4493.370169
4493.728338
4495.956661
4496.16359
4497.543459
4497.818389
4498.929499
4499.225729
4499.502535
4499.507093
4499.508671
4499.626727
4499.866052
4500.173159
4500.323714
4500.896647
4502.025044
4502.230766
4502.732049
4503.957738
4504.038433
4504.604921
4505.095993
4505.551723
4505.610532
4505.660211
4506.736837
4506.87587
4507.442158
4508.852317
4508.952427
4509.444619
4509.754658
4509.976294
4510.332911
4510.40193
4510.636415
4511.17768
4511.355057
4511.774405
4513.3469
4514.01561
4515.362785
4515.397448
4517.93325
4518.077115
4518.490473
4518.954191
4519.371423
4519.790606
4520.365915
4520.763946
4520.945928
4520.956976
4521.060286
4521.130796
4522.457459
4523.190706
4524.033089
4524.452405
4524.522518
4525.233798
4526.907869
4527.082505
4528.820154
4528.844486
4529.183177
4529.577857
4530.378689
4530.699656
4530.808588
4531.25126
4531.539425
4531.836131
4531.968826
4532.181119
4532.315987
4532.804089
4532.911539
4533.050145
4533.594097
4533.983059
4534.596581
4534.806887
4535.915735
4536.002919
4536.071545
4536.092572
4536.717561
4537.33689
4538.659731
4539.070783
4539.103982
4539.259541
4539.714553
4540.092572
4540.182656
4540.449781
4541.870695
4542.210888
4542.255872
4542.269113
4542.328209
4542.41813
4542.882542
4543.305121
4544.462801
4544.834625
4546.323087
4547.29274
4548.42909
4548.567307
4549.397206
4549.995192
4550.679068
4551.029288
4551.119647
4552.62206
4552.820781
4553.176066
4554.420967
4554.887003
4555.428914
4556.718672
4557.105447
4560.122795
4560.15272
4560.460398
4561.515443
4561.698358
4562.01749
4562.374646
4562.654233
4563.313532
4563.910907
4564.109177
4564.931752
4565.112109
4565.342431
4565.569872
4565.82037
4565.988967
4567.261806
4569.670262
4570.348468
4571.7639
4571.931214
4572.314579
4573.090314
4573.259146
4573.572818
4574.231945
4574.410266
4574.988741
4575.286112
4575.453321
4575.606745
4575.688008
4575.771464
4575.896381
4576.079321
4576.815342
4577.206818
4578.38149
4579.845072
4579.863797
4580.35418
4580.83548
4581.158542
4581.462352
4582.554054
4582.966306
4583.010203
4583.607826
4583.746795
4583.834829
4584.123848
4585.59167
4585.623314
4585.685472
4585.830419
4585.949505
4586.189538
4586.289542
4587.184296
4588.20271
4589.560489
4589.901017
4590.02054
4591.893295
4592.249111
4593.118452
4593.466101
4593.798982
4595.117782
4595.276774
4595.618651
4596.115662
4596.644985
4597.146177
4597.535335
4598.340422
4602.019399
4602.318923
4602.888261
4602.926036
4603.052423
4603.20808
4603.35597
4603.59436
4603.666309
4604.115897
4604.367906
4604.434521
4605.004272
4605.060146
4605.327989
4605.339508
4605.470615
4605.511594
4605.64822
4606.320398
4606.925557
4608.257978
4608.646011
4608.811854
4609.348654
4610.918895
4611.313273
4611.570607
4611.942069
4612.648699
4612.747708
4612.782374
4614.795098
4614.85657
4614.942383
4615.218445
4615.251153
4616.506127
4616.519754
4617.086303
4617.534635
4617.946764
4618.238634
4620.370972
4620.557853
4621.097832
4621.185358
4621.206332
4621.695068
4623.204968
4624.264516
4625.683312
4625.878378
4626.013736
4626.147907
4626.151941
4626.463339
4626.573683
4626.757614
4626.82997
4626.864787
4627.084756
4627.755052
4627.914211
4627.940059
4628.166644
4629.347063
4629.544639
4630.12352
4630.596169
4630.805278
4631.071729
4631.188868
4631.307426
4631.802774
4631.929352
4633.172323
4633.945024
4634.752634
4634.909844
4635.63198
4636.134663
4636.286649
4636.93633
4637.715158
4637.86356
4638.027467
4638.349806
4638.943053
4639.317546
4640.17766
4641.867612
4641.87439
4642.034616
4642.260573
4642.799589
4642.956903
4643.574901
4644.103911
4644.545757
4644.585012
4645.361043
4645.784404
4647.091355
4647.260587
4647.269605
4647.765553
4647.873732
4650.997193
4651.24016
4651.335749
4651.800622
4651.862148
4652.47947
4653.11819
4653.148012
4653.572873
4653.952116
4654.152976
4655.7075
4656.308546
4656.339635
4656.92886
4656.943162
4657.185259
4657.582899
4657.766811
4657.977318
4658.045892
4658.293776
4658.493541
4659.546811
4659.777241
4659.915574
4660.033924
4660.316846
4660.652329
4661.296462
4661.52672
4662.070713
4662.425878
4663.289569
4663.537396
4664.031854
4665.426998
4666.252553
4666.421378
4666.926266
4667.795127
4668.813229
4669.564091
4669.657646
4671.061484
4671.663842
4671.744932
4671.896542
4672.731676
4672.780617
4673.534857
4674.683606
4674.737494
4675.867607
4676.693458
4677.927966
4677.98233
4678.666834
4679.321479
4679.418894
4679.437016
4679.724976
4679.922993
4679.934792
4681.262252
4681.649049
4682.041337
4682.482454
4682.836532
4683.139952
4683.959318
4684.24825
4684.302989
4684.538495
4685.36388
4685.625894
4686.485401
4687.148413
4688.277973
4688.668173
4689.284889
4690.754204
4691.666082
4691.696226
4691.868205
4692.11091
4692.294055
4693.080465
4693.363677
4694.316046
4694.331437
4694.406555
4695.450378
4695.601273
4696.167527
4696.168691
4696.621867
4697.376029
4697.493369
4697.500885
4697.576385
4698.378689
4699.120039
4700.32504
4700.627411
4701.255515
4701.374696
4701.679635
4701.744591
4702.052614
4702.48253
4702.764988
4702.830327
4702.949601
4703.009991
4703.359429
4703.780502
4704.071311
4704.248535
4704.512143
4704.70338
4705.104704
4705.147696
4705.52599
4706.672226
4706.77294
4707.710522
4708.393904
4708.607471
4708.887938
4709.220318
4709.312972
4709.453174
4711.088224
4711.946782
4712.219222
4712.936162
4713.438832
4713.636523
4713.866363
4715.202926
4715.773956
4715.861144
4716.095099
4716.271537
4716.813279
4717.555375
4717.696169
4718.193273
4718.317462
4718.717825
4718.993416
4719.068875
4719.110766
4719.152763
4719.744457
4720.051847
4720.471333
4720.541334
4721.083338
4721.08943
4721.148591
4722.416548
4722.812593
4723.026185
4723.743227
4724.217292
4724.652395
4724.753363
4725.245503
4725.861306
4725.913372
4726.156393
4726.64303
4727.087739
4727.98068
4728.337272
4729.092452
4729.108683
4729.125065
4729.444684
4729.725441
4730.097148
4730.894268
4731.632892
4732.062076
4733.285782
4733.637732
4733.912837
4735.24212
4736.262185
4737.040406
4737.419326
4737.656273
4738.646304
4740.324839
4740.722166
4740.807745
4741.500716
4741.959421
4742.139217
4742.288767
4742.714858
4743.024598
4744.627922
4744.80027
4744.893833
4744.956475
4746.534999
4748.320416
4748.320819
4748.447946
4749.105288
4749.252778
4749.676912
4749.922798
4750.242922
4750.655066
4750.685628
4750.891214
4750.956915
4750.962149
4751.538006
4751.563303
4753.051478
4753.140462
4754.432532
4754.826675
4755.298116
4755.675616
4756.706203
4757.358449
4757.828806
4758.060509
4758.804894
4758.977221
4759.353833
4759.956745
4760.092927
4760.221963
4761.133816
4761.140208
4762.315008
4762.673021
4762.722117
4763.269229
4763.660876
4764.750454
4764.839634
4764.914223
4765.327234
4765.393113
4765.476749
4765.533651
4765.679019
4765.970801
4766.237215
4766.487622
4766.592712
4767.004685
4767.088713
4767.844823
4768.111799
4768.462219
4768.818343
4769.959745
4770.065858
4770.540744
4770.875362
4771.427646
4772.693099
4773.373335
4773.502701
4773.989403
4774.111568
4774.223447
4774.921994
4775.063472
4775.254621
4775.746713
4776.132866
4776.666289
4777.650809
4777.677988
4779.004956
4779.084298
4779.408754
4781.364684
4783.014108
4783.092944
4783.269922
4783.613751
4783.630376
4784.397912
4784.605001
4784.825759
4785.119865
4785.338361
4785.444981
4785.824451
4786.141327
4786.149803
4787.575057
4788.004965
4789.440788
4790.515471
4790.540594
4792.042058
4793.597575
4793.733907
4793.776625
4794.053875
4794.39653
4794.453208
4795.116576
4795.275838
4796.471748
4796.67114
4797.360439
4797.785647
4798.55868
4798.572155
4798.886232
4799.008644
4800.643715
4800.818711
4801.767568
4802.121869
4802.887852
4804.139114
4804.470947
4804.754769
4805.238856
4805.729728
4806.405349
4808.251858
4809.40874
4810.03155
4810.378738
4810.867468
4810.871275
4810.907734
4811.024861
4811.131821
4811.214883
4811.462644
4811.529096
4811.56296
4811.77455
4811.846465
4812.017948
4812.089334
4812.294617
4812.46862
4812.702483
4813.122225
4813.623349
4814.492806
4815.082821
4815.802057
4815.827385
4815.99345
4816.009679
4816.103958
4816.880383
4817.339391
4817.382953
4817.701872
4818.238629
4818.388271
4818.530155
4819.08382
4819.155242
4819.342887
4819.518957
4820.266841
4820.276444
4820.572416
4821.039979
4821.661015
4822.045197
4822.366469
4822.704436
4822.893508
4824.009833
4824.013452
4824.326349
4825.060195
4825.235982
4825.663308
4826.587155
4827.147816
4827.156562
4827.379212
4827.387226
4827.592971
4828.324386
4828.72282
4829.055631
4829.499477
4830.092238
4830.295654
4830.741182
4830.865116
4831.225635
4832.156287
4832.683636
4832.705249
4833.327655
4833.360772
4833.403926
4833.481379
4833.539535
4833.853463
4834.228385
4834.4643
4834.864312
4834.993275
4835.071359
4835.345783
4835.498677
4835.575004
4836.359833
4837.478838
4838.594673
4838.752233
4839.725064
4840.419306
4841.875093
4842.566871
4842.664921
4843.449996
4843.862573
4844.475919
4844.526138
4844.770144
4844.79551
4845.250911
4845.355547
4845.37919
4845.53602
4845.630786
4846.021912
4846.573304
4846.695054
4846.784669
4846.786116
4846.970336
4847.039928
4847.053444
4847.254348
4847.48808
4847.500829
4847.565168
4847.666103
4847.732749
4848.497366
4848.605272
4848.628214
4848.717786
4849.275735
4850.000147
4850.110424
4850.131825
4850.19785
4851.056982
4851.159646
4851.300524
4851.617297
4851.679023
4851.760438
4852.233994
4852.53525
4852.625611
4853.462636
4853.57464
4853.849125
4854.125837
4854.249107
4854.324601
4854.445372
4855.368993
4855.628348
4856.082799
4856.287171
4856.536998
4856.538734
4857.24438
4857.809897
4857.866517
4857.880356
4858.169611
4858.771178
4859.219447
4859.787568
4860.166624
4860.258359
4860.268071
4860.595132
4860.630966
4860.848464
4860.870221
4860.882618
4861.027691
4861.100014
4861.493989
4861.630753
4862.549197
4862.779796
4863.233778
4863.72319
4864.582086
4865.004642
4865.013016
4865.536104
4865.889204
4865.931522
4866.007041
4866.210369
4866.637432
4866.919724
4867.024201
4867.229887
4867.780556
4867.792031
4868.322789
4868.447542
4868.465769
4868.821848
4868.952265
4869.32847
4869.591671
4870.121405
4870.168184
4870.615512
4871.739013
4871.771547
4872.239496
4872.257004
4872.266828
4872.342031
4872.938992
4873.083522
4873.241253
4873.572943
4873.661436
4874.242089
4874.453928
4874.725824
4874.807878
4875.342658
4875.491586
4875.500897
4875.968205
4876.336129
4876.367508
4877.050756
4877.433423
4878.315535
4878.880651
4878.890573
4879.118355
4879.400002
4879.757263
4880.155745
4880.468326
4880.697178
4880.830272
4881.147393
4881.629715
4882.148101
4882.164787
4882.528842
4882.606522
4882.855057
4883.525187
4883.678274
4883.694195
4883.947707
4884.021531
4884.697444
4884.72487
4884.89106
4885.740799
4886.075381
4886.452051
4886.613825
4886.730645
4886.765182
4886.95898
4887.092205
4887.258099
4887.571589
4887.796097
4888.021139
4888.181363
4888.248088
4888.258238
4888.394321
4888.429658
4890.270626
4890.462087
4890.50921
4891.118626
4891.194796
4891.490771
4891.525609
4891.554897
4892.099709
4892.14135
4892.655731
4893.003539
4893.302479
4893.626045
4893.650902
4893.792213
4893.986282
4894.009967
4894.810163
4895.097777
4895.121881
4895.489415
4895.84625
4896.403788
4896.688415
4896.696256
4896.760966
4897.124203
4897.265304
4897.840741
4897.917969
4898.327178
4898.364144
4898.799565
4899.565366
4899.854456
4899.885891
4899.909528
4900.330102
4900.396593
4900.449946
4900.646322
4901.492273
4901.564139
4901.974259
4902.736035
4902.908349
4903.063158
4903.164568
4903.418393
4903.549096
4903.627869
4903.761486
4903.946745
4904.046088
4904.14126
4904.639177
4904.967467
4905.264497
4905.732115
4905.832608
4906.215877
4906.294622
4906.348978
4906.82637
4907.068473
4907.483061
4907.527629
4907.564438
4907.854055
4908.180392
4908.808093
4909.239953
4909.362934
4909.49739
4909.525437
4909.628624
4909.643004
4909.682154
4909.898222
4909.972287
4910.088563
4910.221995
4910.641034
4910.646051
4910.742102
4910.764197
4911.036189
4911.156216
4911.327497
4911.396929
4911.558278
4911.589896
4911.805639
4911.936951
4912.174614
4912.324868
4912.330989
4912.42459
4912.488508
4912.767211
4912.888719
4913.334378
4913.354571
4913.865538
4913.999064
4914.870844
4914.952885
4915.037071
4915.291184
4915.487808
4915.519691
4915.577379
4915.701569
4916.186514
4916.26096
4916.371022
4916.485883
4916.784553
4917.498018
4917.719439
4917.971367
4918.729282
4918.873366
4918.892132
4918.936627
4919.476997
4919.552009
4919.763155
4919.993145
4920.029074
4920.49543
4921.100165
4921.706387
4921.742165
4921.881268
4922.113551
4922.177046
4922.468898
4922.64038
4922.709126
4922.856112
4923.208799
4923.409515
4923.551732
4923.899428
4924.158869
4924.328723
4925.229426
4925.347273
4925.417101
4925.563699
4925.69042
4925.812359
4925.893479
4925.951378
4925.987382
4926.321266
4927.165469
4927.604892
4928.135474
4928.424589
4928.499086
4928.54182
4928.58807
4928.753986
4928.928347
4928.987626
4929.21499
4929.779105
4929.860501
4929.94307
4930.129518
4930.259458
4930.460096
4930.898243
4931.0572
4931.060533
4931.079311
4931.137059
4931.257678
4931.407655
4931.511398
4931.699261
4931.782366
4931.79901
4931.919617
4931.937345
4932.063053
4932.304678
4932.319807
4932.518821
4932.548374
4932.963058
4932.982369
4933.00212
4933.137649
4933.185313
4933.251752
4933.33698
4933.375532
4933.443533
4933.560639
4934.044474
4934.293289
4934.349171
4934.535841
4934.622461
4934.767509
4934.785566
4934.951095
4935.083268
4935.123166
4935.276339
4935.324912
4935.377565
4935.644911
4935.650444
4935.661288
4935.865888
4935.947085
4935.959628
4936.159691
4936.38161
4936.582266
4936.791769
4936.884474
4936.950517
4937.059131
4937.11395
4937.220379
4937.226412
4937.585122
4938.168183
4938.271961
4938.333673
4938.460212
4938.853209
4938.922719
4938.931716
4939.058366
4939.269621
4939.27987
4939.648524
4939.795089
4939.919216
4940.438677
4940.514127
4940.573488
4940.891281
4941.158105
4941.159208
4941.545318
4941.800929
4942.144482
4942.751354
4943.356918
4943.43872
4943.500447
4943.560259
4943.766478
4944.363048
4944.486114
4944.698593
4944.705176
4944.830177
4945.34678
4945.349709
4945.579633
4945.590645
4945.923108
4946.126236
4946.337651
4946.493827
4947.04497
4947.046328
4947.144946
4947.191691
4947.332853
4947.354218
4947.477296
4947.71732
4947.839972
4948.014576
4948.420648
4948.482528
4948.500497
4948.786114
4948.87514
4949.283278
4949.903727
4950.056146
4950.204802
4950.276743
4950.314767
4950.5462
4950.559878
4950.561259
4950.623617
4950.743754
4950.863966
4951.025345
4951.770283
4952.413228
4953.356622
4953.440521
4953.461686
4953.580377
4953.632449
4953.802927
4954.499604
4954.508966
4954.697656
4954.749612
4954.798138
4954.885925
4954.886559
4954.986752
4955.310153
4955.320168
4955.401476
4955.412651
4955.482911
4955.494993
4955.551297
4955.646821
4955.854124
4955.860244
4956.051512
4956.091134
4956.23435
4956.261397
4956.412968
4956.554369
4956.711919
4956.74506
4956.861409
4957.387111
4957.549475
4957.602962
4957.809581
4957.81954
4957.898194
4958.057098
4958.196072
4958.202413
4958.21608
4958.295234
4958.352799
4958.536092
4958.867694
4959.028272
4959.244922
4959.261062
4959.359028
4959.708133
4960.457824
4961.216111
4961.267947
4961.383601
4961.612406
4962.187857
4962.425323
4962.459368
4962.570743
4962.69725
4962.863697
4962.928759
4963.194231
4963.291971
4963.570289
4963.707068
4963.85209
4963.869332
4963.951976
4963.979303
4963.982252
4964.055106
4964.129676
4964.755737
4964.839146
4965.382332
4965.5177
4965.628264
4965.775244
4965.775314
4965.840786
4965.853773
4965.863078
4965.916056
4966.136769
4966.201923
4966.353662
4966.374925
4966.692846
4966.73755
4966.898668
4967.079909
4967.267214
4967.37147
4967.629651
4967.783719
4967.937714
4967.969171
4968.228419
4968.512602
4968.516944
4968.607499
4968.855902
4968.995211
4969.137175
4969.247763
4969.386446
4969.650534
4969.710301
4969.968061
4970.223084
4970.406793
4970.476153
4970.685165
4970.696618
4971.042663
4971.047017
4971.247445
4971.48283
4971.606118
4971.659907
4971.672081
4971.993031
4972.030663
4972.042953
4972.069719
4972.229334
4972.372433
4972.735877
4972.749168
4972.834599
4972.934948
4973.458188
4973.859322
4973.976459
4974.401753
4974.490241
4974.704977
4974.845422
4975.13801
4975.146346
4975.399158
4975.490653
4975.561597
4975.761283
4975.836765
4975.938689
4975.969203
4976.013904
4976.066287
4976.166007
4976.372386
4976.403814
4976.407258
4976.414669
4976.452661
4976.541987
4976.582993
4976.620973
4976.65174
4976.809156
4976.812857
4976.84309
4976.928753
4977.386493
4977.420953
4977.423764
4977.484462
4978.208426
4978.486645
4978.567438
4978.724757
4978.807325
4978.884768
4978.936475
4978.954069
4978.956978
4979.253165
4979.411811
4979.522432
4979.578807
4979.942794
4979.961306
4980.119155
4980.445107
4980.465872
4980.851859
4980.913521
4981.029987
4981.310187
4981.593985
4981.723496
4981.976951
4982.147366
4982.577433
4982.940172
4983.530884
4983.595303
4983.902737
4983.972029
4984.106443
4984.176042
4984.267174
4984.405703
4984.646929
4984.664517
4985.026642
4985.148097
4985.300564
4985.377576
4985.394125
4985.99239
4986.364946
4986.547902
4986.648717
4986.845319
4986.846393
4986.847581
4986.982391
4987.078852
4987.353191
4987.475191
4987.758234
4988.316425
4988.51672
4988.551311
4988.723767
4988.782274
4988.906056
4988.926396
4989.325873
4990.263243
4990.384357
4990.468114
4990.493479
4990.562765
4990.590233
4990.88115
4991.229383
4991.258406
4991.352874
4991.535898
4991.994418
4992.504837
4993.22326
4993.238301
4993.244558
4993.586948
4993.793299
4994.150437
4994.35424
4994.560391
4994.712514
4995.14891
4995.152472
4995.167249
4995.170399
4995.185311
4995.221701
4995.631154
4995.849827
4995.919035
4995.922046
4995.978174
4996.17041
4996.172337
4996.543497
4996.630976
4996.720146
4996.95972
4996.979915
4997.083619
4997.484519
4997.506538
4997.691441
4997.868933
4998.06269
4998.145675
4998.259806
4998.261088
4998.476197
4998.828503
4998.917178
4999.259954
4999.761839
5000.067226
5000.238424
5000.292802
5000.309326
5000.348173
5000.469593
5000.876138
5001.534333
5001.541508
5001.66733
5001.724025
5001.752
5001.801575
5001.904056
5001.926813
5002.173748
5002.739961
5002.930677
5002.964809
5003.156295
5003.467309
5003.487791
5003.611842
5004.017831
5004.095995
5004.104881
5004.548863
5004.922827
5005.277054
5005.796297
5005.83539
5005.995644
5006.260968
5006.392389
5006.451097
5006.465211
5006.835796
5007.108119
5007.138297
5007.293657
5007.327382
5007.461207
5007.613401
5007.916265
5007.961203
5008.052816
5008.095108
5008.234119
5008.414178
5008.423341
5008.467103
5008.562995
5008.866929
5009.098587
5009.101727
5009.145383
5009.456581
5009.51856
5009.791152
5010.052105
5010.073092
5010.084703
5010.29771
5010.328175
5010.350215
5010.535759
5010.859891
5010.893403
5011.287532
5011.611585
5011.740317
5011.958277
5011.974256
5012.064484
5012.145912
5012.280769
5012.413086
5012.466964
5012.724293
5012.74545
5012.813488
5012.837627
5012.863865
5012.868543
5012.925465
5012.988383
5013.046977
5013.462694
5013.532723
5013.551519
5013.564591
5013.644953
5014.023327
5014.053303
5014.099019
5014.100136
5014.127117
5014.290381
5014.358457
5014.480232
5014.881025
5014.92818
5015.047951
5015.063477
5015.187631
5015.219014
5015.266692
5015.397113
5015.499703
5015.771431
5015.805535
5015.870279
5015.875924
5015.921727
5016.281692
5016.296683
5016.430505
5016.465967
5016.509374
5016.616363
5016.659028
5016.699632
5016.726304
5016.748777
5016.867655
5016.960736
5017.080572
5017.110486
5017.1594
5017.188118
5017.271075
5017.508323
5017.611518
5017.650086
5018.187581
5018.197643
5018.239033
5018.493213
5018.829241
5018.863465
5018.922199
5018.971936
5019.163137
5019.309329
5019.77432
5019.819413
5019.917826
5019.957656
5020.109763
5020.148081
5020.253242
5020.427997
5020.7208
5020.754686
5020.80262
5021.017098
5021.06215
5021.086058
5021.560219
5021.773221
5021.838492
5021.947172
5022.044352
5022.131236
5022.328105
5022.85702
5022.993641
5023.150549
5023.166666
5023.215605
5023.260969
5023.261488
5023.328293
5023.658872
5023.720858
5023.774387
5023.825995
5023.914235
5023.995065
5024.069348
5024.119645
5024.134148
5024.222078
5024.413262
5024.42077
5025.078348
5025.146003
5025.255158
5025.32699
5025.414321
5025.737731
5025.813998
5025.92421
5026.006412
5026.082951
5026.238882
5026.318453
5026.496164
5026.6421
5026.746464
5026.748732
5026.915297
5027.218632
5027.597533
5027.615358
5027.97157
5028.226766
5028.29927
5028.34022
5028.504194
5028.531594
5028.534159
5028.768439
5028.774745
5028.901598
5029.119465
5029.247386
5029.325448
5029.32724
5029.342015
5029.621459
5029.662752
5029.713146
5029.758692
5029.92025
5029.972326
5030.225614
5030.379556
5030.456823
5030.703547
5031.018664
5031.029577
5031.064016
5031.103475
5031.11572
5031.20559
5031.260333
5031.331398
5031.551381
5031.58489
5031.587081
5031.603739
5031.754415
5031.786039
5031.815467
5031.834502
5032.040252
5032.387201
5032.529718
5032.619759
5032.624125
5032.67285
5032.784582
5033.17209
5033.247902
5033.265422
5033.346348
5033.424421
5033.584902
5033.836657
5033.931188
5033.99401
5034.24722
5034.424069
5034.528128
5034.802975
5034.883305
5034.894487
5034.9026
5035.021114
5035.155337
5035.183876
5035.292465
5035.414197
5035.454016
5035.518393
5035.848767
5036.038566
5036.204197
5036.436094
5036.504905
5036.553191
5036.778127
5037.148715
5037.22515
5037.538717
5037.715879
5037.769045
5037.851063
5037.904583
5037.958636
5038.030899
5038.046713
5038.111557
5038.133893
5038.268042
5038.280228
5038.342078
5038.383842
5038.504114
5038.629607
5038.733744
5038.763283
5038.912773
5038.957732
5039.158686
5039.19039
5039.408016
5039.509189
5039.541732
5039.589612
5039.740982
5040.013767
5040.02492
5040.043913
5040.135931
5040.242609
5040.300579
5040.324461
5040.32942
5040.370048
5040.673137
5040.677078
5041.189076
5041.245837
5041.255229
5041.688894
5041.762055
5041.782197
5042.151959
5042.267226
5042.356071
5042.360626
5042.575332
5042.578963
5042.657188
5043.128359
5043.171041
5043.191039
5043.253699
5043.587835
5043.59287
5043.661892
5043.732327
5043.800239
5043.96951
5044.002646
5044.348776
5044.388377
5044.496978
5044.49831
5044.592736
5044.61251
5044.69374
5044.725169
5044.73697
5045.204061
5045.485101
5045.670065
5045.800775
5045.880864
5045.942592
5046.425257
5046.519604
5046.565014
5046.595818
5046.672084
5046.856881
5046.992708
5047.259862
5047.567593
5047.616446
5047.659386
5047.679147
5047.837353
5047.932875
5048.028838
5048.367142
5048.396216
5048.446095
5048.543172
5048.712751
5049.250322
5049.446023
5049.471568
5049.777599
5049.872121
5049.934047
5049.95668
5050.023101
5050.145345
5050.147264
5050.355853
5050.432505
5051.055947
5051.086866
5051.106787
5051.150708
5051.782607
5051.785598
5052.181411
5052.204318
5052.666053
5052.753868
5052.802052
5052.910788
5053.012701
5053.051745
5053.073437
5053.220832
5053.336831
5053.354497
5053.626589
5053.70132
5053.778107
5053.822221
5053.826029
5053.844439
5053.933035
5054.265524
5054.279007
5054.291494
5054.532974
5054.65943
5054.759835
5054.818517
5054.963645
5055.114554
5055.132883
5055.220339
5055.389592
5055.769178
5055.792264
5055.81689
5055.884617
5055.930978
5056.17627
5056.208022
5056.387347
5056.752143
5056.763625
5056.95975
5057.067238
5057.094761
5057.561804
5057.869468
5057.877612
5058.734342
5058.895077
5058.98005
5059.054674
5059.078503
5059.219363
5059.579223
5059.610674
5059.697173
5059.716663
5059.973303
5060.118817
5060.271254
5060.486943
5060.534099
5060.685798
5060.871765
5060.887747
5061.402429
5061.576274
5061.596477
5061.601856
5061.803199
5061.964264
5062.222721
5062.512296
5062.765169
5062.928739
5062.986693
5062.997918
5063.374824
5063.638332
5064.121123
5064.132159
5064.136702
5064.175723
5064.288622
5064.46506
5064.499351
5064.525912
5064.687306
5064.743856
5064.931255
5065.02262
5065.054847
5065.136295
5065.149089
5065.314005
5065.34456
5065.34941
5065.423505
5065.558661
5065.65744
5065.815028
5065.824526
5066.252697
5066.31049
5066.364917
5066.390956
5066.564811
5066.695071
5066.927071
5066.977494
5067.008987
5067.045612
5067.134909
5067.332909
5067.432372
5067.551492
5067.556721
5067.584263
5067.96642
5068.024111
5068.131517
5068.324455
5069.335747
5069.455042
5069.473763
5069.519955
5069.546928
5069.778038
5070.082388
5070.086841
5070.15341
5070.327137
5070.357387
5070.460479
5071.033358
5071.133976
5071.182664
5071.189786
5071.222513
5071.322962
5071.614987
5071.781467
5072.100216
5072.149554
5072.300291
5072.403794
5072.454886
5072.567324
5072.65105
5072.684969
5072.947971
5073.095658
5073.343167
5073.39356
5073.421486
5073.442344
5073.731058
5073.831282
5073.874221
5073.876898
5074.041305
5074.059977
5074.229995
5074.391552
5074.556137
5075.064447
5075.219325
5075.401128
5075.43429
5075.441671
5075.545155
5075.569378
5075.740393
5075.998293
5076.043866
5076.053839
5076.088704
5076.356407
5076.551084
5076.597802
5076.606892
5076.833116
5076.837237
5076.915268
5076.948279
5077.218231
5077.218495
5077.332285
5077.333032
5077.480873
5077.494832
5077.761037
5077.772316
5077.957739
5077.97299
5078.077827
5078.124987
5078.161646
5078.2735
5078.2944
5078.397666
5078.43336
5078.586894
5078.597913
5078.610986
5078.617784
5078.813854
5078.879855
5078.908706
5078.953773
5079.072737
5079.088117
5079.095631
5079.180238
5079.232842
5079.293993
5079.370625
5079.490069
5079.67426
5079.944998
5080.103491
5080.143023
5080.165889
5080.225356
5080.249657
5080.325935
5080.34356
5080.488027
5080.550514
5080.761575
5081.174866
5081.338382
5081.5194
5081.53657
5081.832627
5082.29762
5082.40302
5082.633532
5082.760216
5082.8142
5082.924642
5082.957701
5083.197203
5083.264272
5083.504082
5083.590884
5083.627864
5083.733651
5083.816394
5083.90099
5084.134769
5084.137631
5084.211063
5084.29724
5084.806703
5085.121805
5085.306453
5085.391978
5085.403439
5085.417172
5085.440932
5085.46529
5085.594333
5085.601523
5085.737402
5085.737732
5085.824528
5085.991567
5086.26804
5086.293766
5086.346143
5086.377076
5086.451856
5086.475256
5086.761044
5086.818538
5086.950846
5087.478511
5087.761353
5087.937439
5088.126907
5088.180789
5088.225704
5088.243547
5088.590833
5088.717842
5088.742626
5088.851415
5088.936888
5088.958875
5089.176583
5089.272615
5089.367747
5089.393919
5089.408141
5089.61896
5089.798278
5089.922
5089.946961
5089.981029
5090.091777
5090.117026
5090.129297
5090.341246
5090.651357
5090.73726
5090.808338
5090.915201
5090.915532
5091.060295
5091.168235
5091.5878
5091.638945
5091.654473
5091.764
5092.037397
5092.1473
5092.210563
5092.229155
5092.632313
5092.798211
5092.798433
5092.828083
5092.947756
5093.376998
5093.409988
5093.452972
5093.498941
5093.669928
5093.951287
5094.219904
5094.49973
5094.848377
5095.191188
5095.400765
5095.446699
5095.490633
5095.563802
5095.820806
5095.875838
5096.029511
5096.689693
5096.81257
5096.812894
5096.817102
5096.881519
5097.088547
5097.100464
5097.11159
5097.182554
5097.517896
5097.656039
5097.749365
5097.872424
5097.965058
5098.057647
5098.062433
5098.098055
5098.127715
5098.548824
5098.789365
5098.835846
5098.873791
5098.920241
5098.987514
5098.997905
5099.322875
5099.329319
5099.367529
5100.255851
5100.423796
5100.432213
5100.582265
5100.629053
5100.751246
5100.770126
5100.931792
5101.416852
5101.488898
5101.596119
5101.942796
5101.960575
5101.971434
5102.080626
5102.361024
5102.452571
5102.471377
5102.594129
5102.598202
5102.809482
5102.882807
5103.030672
5103.045689
5103.199828
5103.204537
5103.220502
5103.365461
5103.405203
5103.447529
5103.468799
5103.535195
5103.626792
5103.708626
5103.835021
5104.006653
5104.40696
5104.507707
5104.553825
5104.682742
5105.071767
5105.402122
5105.411999
5105.461223
5105.637093
5105.749614
5105.771251
5105.864266
5106.604601
5106.787625
5107.273953
5107.342783
5107.425614
5107.561174
5107.568022
5107.675083
5107.691159
5107.8093
5107.844893
5107.972118
5107.9734
5108.12488
5108.164074
5108.174463
5108.185836
5108.264482
5108.318939
5108.349792
5108.531643
5108.59534
5108.691725
5108.692688
5108.780122
5108.837249
5109.32115
5109.34598
5109.353276
5109.417606
5109.464278
5109.485197
5109.50131
5109.580529
5109.603936
5109.875725
5110.124438
5110.58506
5110.803612
5111.086908
5111.102286
5111.179227
5111.322668
5111.365821
5111.604834
5111.614917
5111.786796
5111.952975
5112.003118
5112.082076
5112.164868
5112.279401
5112.283891
5112.61885
5112.698054
5112.897298
5112.912916
5112.963234
5113.104558
5113.120189
5113.211514
5113.227279
5113.385787
5113.392139
5113.56817
5113.911024
5114.112005
5114.164614
5114.19141
5114.224374
5114.700283
5114.902832
5114.936982
5115.055288
5115.087291
5115.143019
5115.415324
5115.505426
5115.506798
5115.706858
5115.801358
5115.833789
5115.956643
5116.023363
5116.108335
5116.147833
5116.273567
5116.302098
5116.510875
5116.654673
5116.923483
5116.941416
5117.209237
5117.256073
5117.366644
5117.37426
5117.421936
5117.434171
5117.624724
5117.636165
5117.666464
5117.698661
5117.730596
5117.951575
5117.958785
5117.963793
5117.980957
5118.122322
5118.29547
5118.306859
5118.377945
5118.401026
5118.411704
5118.505139
5118.625989
5118.628989
5118.821943
5118.851755
5118.869595
5119.113247
5119.269789
5119.375661
5119.397148
5119.398186
5119.470308
5119.60867
5119.619474
5119.623702
5119.780927
5120.011282
5120.025961
5120.048246
5120.078505
5120.152803
5120.559546
5120.644188
5120.720166
5121.052221
5121.101208
5121.214048
5121.245543
5121.48257
5121.611971
5121.804004
5121.907136
5122.034394
5122.306087
5122.318081
5122.333525
5122.341785
5122.384211
5122.543539
5122.668194
5122.768867
5122.769142
5122.809007
5122.839932
5122.852864
5122.952112
5123.034427
5123.105575
5123.262249
5123.449303
5123.462715
5123.603459
5123.829117
5123.900901
5123.982244
5123.990954
5124.140264
5124.428159
5124.467171
5124.613251
5124.763116
5124.815553
5124.898473
5125.113929
5125.25358
5125.350213
5125.429279
5125.518397
5125.5385
5125.745483
5125.750422
5125.827044
5126.009495
5126.188232
5126.409616
5126.925354
5126.943188
5126.967249
5127.127632
5127.19652
5127.211408
5127.245347
5127.374501
5127.52168
5127.556995
5127.754839
5127.94106
5127.946855
5127.973533
5128.037024
5128.041823
5128.101997
5128.20616
5128.495372
5128.615546
5128.829951
5128.941997
5129.105681
5129.142027
5129.157339
5129.180213
5129.341206
5129.395801
5129.436557
5129.446659
5129.559618
5129.592214
5129.634579
5129.95244
5129.97929
5129.999904
5130.024772
5130.329148
5130.356862
5130.387076
5130.743064
5130.813832
5130.94609
5130.976506
5131.116884
5131.385861
5131.661645
5131.702103
5131.816318
5131.83205
5131.873186
5131.93567
5131.935885
5131.960304
5132.15014
5132.450615
5132.741921
5132.74222
5132.945558
5133.293518
5133.502974
5133.662789
5133.741175
5134.116239
5134.119602
5134.240508
5134.287944
5134.355235
5134.538749
5134.91585
5135.060067
5135.131713
5135.375717
5135.440381
5135.610602
5135.640365
5135.751275
5135.931499
5136.023017
5136.088875
5136.095035
5136.316019
5136.336041
5136.395066
5136.760432
5136.826408
5137.009972
5137.057944
5137.601516
5137.843589
5138.090278
5138.129198
5138.490313
5138.563615
5138.599612
5138.686697
5139.031934
5139.064592
5139.205282
5139.26034
5139.346878
5139.398143
5139.461461
5139.61727
5139.759976
5139.760933
5140.319064
5140.383813
5140.587707
5140.795736
5140.823591
5140.999097
5141.191984
5141.329881
5141.64898
5141.670851
5141.854666
5141.857274
5142.122938
5142.130589
5142.190822
5142.252511
5142.301386
5142.456979
5142.476164
5142.545526
5142.786148
5142.875352
5142.904846
5143.015843
5143.025232
5143.046072
5143.180579
5143.20754
5143.211356
5143.325472
5143.373085
5143.375837
5143.394343
5143.536247
5143.68388
5144.052154
5144.077535
5144.181956
5144.25134
5144.321737
5144.413881
5144.6764
5144.84461
5145.157321
5145.837342
5145.859728
5145.862893
5146.057385
5146.125366
5146.138753
5146.161677
5146.31046
5146.343941
5146.361609
5146.53862
5146.545913
5147.010416
5147.402969
5147.40946
5147.452411
5147.551154
5147.6883
5147.701289
5147.788954
5147.897476
5147.947725
5148.070964
5148.087382
5148.239139
5148.381978
5148.429675
5148.532236
5148.604822
5148.798146
5148.847848
5148.860669
5148.878201
5148.905925
5148.970266
5149.002788
5149.020383
5149.150049
5149.210771
5149.265308
5149.302163
5149.370923
5149.504627
5149.590308
5149.76457
5149.96639
5149.99707
5150.099522
5150.144683
5150.173631
5150.198354
5150.246663
5150.529242
5150.869691
5151.246509
5151.344854
5151.419282
5151.480888
5151.59443
5151.598235
5151.602545
5151.684409
5151.776
5151.982763
5152.108253
5152.109053
5152.168342
5152.201783
5152.227554
5152.477501
5152.678068
5153.398717
5153.45812
5153.571457
5153.572935
5153.791478
5153.826684
5153.930365
5153.93529
5154.117867
5154.14225
5154.153813
5154.238391
5154.24237
5154.458353
5154.683357
5154.800948
5154.81815
5155.24726
5155.308528
5155.372517
5155.404235
5155.51194
5155.745155
5155.84669
5155.989724
5156.020313
5156.051851
5156.086392
5156.106114
5156.390456
5156.403117
5156.500546
5156.633767
5156.794008
5156.834614
5157.069962
5157.205833
5157.382693
5157.671116
5157.731368
5157.875651
5157.956891
5157.987242
5158.052851
5158.117828
5158.165918
5158.673154
5158.702646
5159.017149
5159.018446
5159.202996
5159.238648
5159.357081
5159.481473
5159.498596
5159.622798
5159.626512
5159.819659
5159.833106
5159.839152
5159.898323
5160.274715
5160.648104
5160.653608
5160.668671
5160.703235
5160.78041
5160.883743
5161.086204
5161.173342
5161.225082
5161.244582
5161.464325
5161.518911
5161.54829
5161.595358
5161.741008
5161.762164
5162.322872
5162.406959
5162.591443
5162.626284
5162.773415
5162.793089
5162.887457
5162.985239
5163.122817
5163.268678
5163.475857
5163.536023
5163.541617
5163.5427
5163.643408
5163.70452
5163.728308
5163.81197
5164.072725
5164.132158
5164.250539
5164.492059
5164.597847
5164.612048
5164.683827
5164.723419
5164.767825
5165.00626
5165.102553
5165.31879
5165.365737
5165.56192
5165.708999
5165.717032
5165.789429
5165.824268
5165.98988
5166.027969
5166.175494
5166.367522
5166.465284
5166.522162
5166.544702
5166.607199
5166.667716
5166.766016
5166.772737
5166.787097
5166.876641
5167.084343
5167.101928
5167.155458
5167.37236
5167.669674
5167.722119
5167.891017
5167.900013
5168.003001
5168.240132
5168.456742
5168.634763
5168.789923
5168.84294
5169.048204
5169.481204
5169.67026
5169.738114
5169.745532
5169.76566
5170.067688
5170.216488
5170.252582
5170.269226
5170.412529
5170.529458
5170.584374
5170.769732
5170.989062
5171.150746
5171.166664
5171.214212
5171.55269
5171.63793
5171.812761
5171.892057
5172.454314
5172.514598
5172.591544
5172.693956
5173.018942
5173.232399
5173.272708
5173.340107
5173.666093
5173.869019
5173.992305
5174.2823
5174.419391
5174.547006
5174.690083
5174.705773
5174.744028
5174.87888
5174.888155
5174.910651
5174.927495
5175.242937
5175.249884
5175.599492
5175.676071
5175.709155
5175.976685
5176.009418
5176.182643
5176.233492
5176.323444
5176.427307
5176.611533
5176.613895
5176.692142
5176.695299
5176.699347
5177.026603
5177.454776
5177.502201
5177.513102
5177.662255
5177.823981
5177.967692
5178.537972
5178.594114
5178.775962
5178.856395
5178.874208
5178.875355
5179.046802
5179.122534
5179.125991
5179.173678
5179.183744
5179.224052
5179.257008
5179.377393
5179.462213
5179.839682
5179.878345
5179.951501
5180.047481
5180.098081
5180.204766
5180.351505
5180.441916
5180.637971
5180.647259
5180.7601
5181.104867
5181.107306
5181.224878
5181.511084
5181.713691
5181.728397
5181.852299
5181.953248
5182.012464
5182.168691
5182.58543
5182.806357
5182.807713
5182.869129
5182.970402
5183.036221
5183.409399
5183.791431
5183.914759
5183.926089
5184.37459
5184.57213
5184.838038
5184.88947
5184.900803
5184.911123
5184.935973
5184.955503
5185.406585
5185.4753
5185.583079
5185.970442
5186.008754
5186.132612
5186.527181
5186.602059
5186.680606
5186.753361
5186.778746
5186.782197
5187.205612
5187.296685
5187.322527
5187.396032
5187.526425
5187.765792
5187.878339
5188.232616
5188.317316
5188.370742
5188.55099
5188.685752
5188.837207
5189.053598
5189.218758
5189.219566
5189.23877
5189.387216
5189.706271
5189.724521
5189.885886
5190.011463
5190.203452
5190.23153
5190.254279
5190.257325
5190.322719
5190.380506
5190.466272
5190.528434
5190.548402
5190.913166
5191.133364
5191.331036
5191.359551
5191.43729
5191.546001
5191.644964
5191.651011
5191.672981
5191.69292
5191.720579
5191.862984
5191.88592
5192.159685
5192.292764
5192.302361
5192.358461
5192.721242
5192.84804
5192.940292
5192.982884
5193.046208
5193.062241
5193.207554
5193.329843
5193.50363
5193.650928
5193.69643
5193.781284
5194.011759
5194.047449
5194.188548
5194.371936
5194.381249
5194.411268
5194.460332
5194.470796
5194.49
5194.493781
5194.642959
5194.653859
5194.820326
5194.887532
5194.889379
5194.970801
5195.025121
5195.445197
5195.564715
5195.672917
5195.731713
5195.745416
5196.059301
5196.151606
5196.205289
5196.275442
5196.427206
5196.627235
5196.695221
5196.813996
5197.128677
5197.136666
5197.249449
5197.508728
5197.835905
5197.938396
5198.133202
5198.202341
5198.21372
5198.426706
5198.455857
5198.485423
5198.506491
5198.570254
5198.587671
5198.70468
5198.911741
5199.028595
5199.140745
5199.347849
5199.615011
5199.670916
5200.105686
5200.156008
5200.218036
5200.824727
5200.889383
5201.148215
5201.155846
5201.36925
5201.490793
5201.586406
5201.902135
5202.077293
5202.176864
5202.235382
5202.710093
5202.878747
5202.966499
5203.092299
5203.14571
5203.166668
5203.16765
5203.307451
5203.371107
5203.382025
5203.5595
5203.776837
5203.808368
5204.101582
5204.21766
5204.255897
5204.272549
5204.336803
5204.433559
5204.503016
5204.507323
5204.579269
5204.644711
5204.755472
5205.013535
5205.063942
5205.283279
5205.300774
5205.301569
5205.592951
5205.845034
5205.85196
5205.897353
5206.061009
5206.165898
5206.324564
5206.429484
5206.442917
5206.801609
5206.80629
5206.850672
5207.194163
5207.277669
5207.363811
5207.560109
5207.757171
5208.179799
5208.493123
5208.542548
5208.585417
5208.857529
5208.880364
5209.107912
5209.125257
5209.218404
5209.251632
5209.392168
5209.551112
5209.670591
5209.693613
5209.871378
5209.982543
5209.989738
5210.083231
5210.184879
5210.612528
5210.770032
5211.131384
5211.162024
5211.196596
5211.209401
5211.350193
5211.374059
5211.520892
5211.538418
5211.595426
5211.623063
5211.65536
5211.863001
5211.864735
5212.056978
5212.072054
5212.084617
5212.264431
5212.511489
5212.665721
5212.707282
5212.750935
5212.883896
5212.891354
5213.018612
5213.29291
5213.363253
5213.48803
5213.802579
5213.990047
5214.15877
5214.17664
5214.242607
5214.430674
5214.534654
5214.554342
5214.598174
5214.752098
5214.97622
5215.004202
5215.089681
5215.198762
5215.462786
5215.501692
5215.627406
5215.723249
5215.822448
5215.852761
5216.105153
5216.156215
5216.382091
5216.550372
5216.852136
5216.889622
5216.993169
5217.077668
5217.258605
5217.429571
5217.611021
5217.64057
5217.667312
5217.721665
5217.955846
5218.189076
5218.2973
5218.347876
5218.40244
5218.45303
5218.728814
5218.778257
5218.861596
5218.964007
5219.044802
5219.127228
5219.21554
5219.376353
5219.612506
5219.626355
5219.913283
5219.944628
5219.989428
5219.996133
5220.389755
5220.508293
5220.597996
5220.668066
5220.730012
5221.450012
5221.471747
5221.739945
5221.784299
5222.017779
5222.024699
5222.102227
5222.246427
5222.448479
5222.46421
5222.488252
5222.570144
5222.75799
5222.77064
5223.382884
5223.543073
5223.582066
5223.623173
5223.784698
5224.241484
5224.425005
5224.772481
5224.951012
5225.209083
5225.232394
5225.49064
5225.687816
5225.786458
5225.826891
5225.925327
5226.072254
5226.162059
5226.319985
5226.573137
5226.612014
5226.731514
5226.804628
5226.948445
5226.967003
5226.969804
5227.093683
5227.305289
5227.329099
5227.981794
5228.060258
5228.213004
5228.245215
5228.278076
5228.380773
5228.497769
5228.857493
5228.869316
5228.907819
5228.911943
5228.937052
5229.017243
5229.020981
5229.035555
5229.062624
5229.270253
5229.30856
5229.611727
5229.764356
5229.844853
5229.920261
5229.924008
5230.087124
5230.308593
5230.363948
5230.374726
5230.646066
5230.800237
5230.921757
5231.128885
5231.277221
5231.401277
5231.804245
5232.029596
5232.177444
5232.231621
5232.267083
5232.442406
5232.482503
5232.631671
5232.745331
5232.797132
5233.166723
5233.522645
5233.537329
5233.556421
5233.569668
5233.712816
5233.858699
5233.93715
5234.062821
5234.335544
5234.553634
5234.594828
5234.861657
5234.897931
5234.944188
5235.237303
5235.266383
5235.348686
5235.365466
5235.51865
5235.638998
5235.673143
5235.986352
5236.092165
5236.211501
5236.393171
5236.420569
5236.798172
5236.849117
5237.129936
5237.257171
5237.476255
5237.718383
5237.779391
5237.85912
5237.862133
5237.982419
5238.07034
5238.164065
5238.253304
5238.389797
5238.954017
5238.99878
5239.217924
5239.357394
5239.378569
5239.62262
5239.778754
5239.792986
5239.798123
5239.799399
5239.917286
5239.951771
5239.955304
5240.003149
5240.07001
5240.075073
5240.407522
5240.841145
5240.962919
5241.109465
5241.141947
5241.408245
5241.454072
5242.191965
5242.427211
5242.451509
5242.645175
5243.007414
5243.307185
5243.420432
5243.595442
5243.822363
5243.91996
5243.971156
5244.176323
5244.514349
5244.698699
5244.92812
5245.54029
5245.919699
5246.019073
5246.15259
5246.457493
5246.458359
5246.484605
5246.567179
5246.7695
5247.044124
5247.099566
5247.10603
5247.110082
5247.278883
5247.428239
5247.515203
5247.633155
5247.735661
5248.242755
5248.249928
5248.267693
5248.386608
5248.435219
5248.636667
5248.713097
5248.769378
5248.818209
5248.924747
5249.37828
5249.550981
5249.72884
5250.018734
5250.128095
5250.318101
5250.383523
5250.418336
5250.433245
5250.563701
5250.813172
5251.218945
5251.341016
5251.864367
5251.903947
5251.936958
5252.192861
5252.398945
5252.681517
5252.736663
5252.960151
5253.088782
5253.154184
5253.411853
5253.443119
5253.483129
5253.618879
5253.777395
5254.05942
5254.080141
5254.225162
5254.267062
5254.339321
5254.606224
5254.650835
5254.667625
5254.728396
5255.214417
5255.485296
5255.593119
5255.983481
5256.094588
5256.15995
5256.332557
5256.335444
5256.391678
5256.39367
5256.598887
5256.612736
5256.630759
5256.645537
5256.802929
5256.823585
5256.896439
5256.9243
5257.010764
5257.029696
5257.043271
5257.083744
5257.084052
5257.113371
5257.603144
5257.883091
5257.938118
5257.944435
5257.961212
5258.034413
5258.119816
5258.126702
5258.340636
5258.383336
5258.416908
5258.495792
5258.687421
5258.687767
5258.862872
5258.884937
5259.054821
5259.095061
5259.19773
5259.340181
5259.431016
5259.438576
5259.982832
5260.094121
5260.381057
5260.385373
5260.550866
5260.693764
5260.844055
5260.934106
5261.038575
5261.198139
5261.229364
5261.282992
5261.67181
5261.797379
5261.805909
5261.806519
5262.134419
5262.250692
5262.420033
5262.46357
5262.584048
5263.410504
5263.564527
5263.643091
5263.703402
5263.836641
5264.178265
5264.227127
5264.359092
5264.441142
5264.609177
5264.69315
5264.7743
5264.954336
5265.319915
5265.432028
5265.92199
5266.550928
5266.655337
5266.857297
5266.936622
5266.981539
5266.993276
5267.136688
5267.217258
5267.228259
5267.234296
5267.32898
5267.419721
5267.491491
5267.54633
5267.54898
5267.609879
5267.853896
5268.286678
5268.332773
5268.69285
5268.783038
5268.82558
5268.992169
5269.037564
5269.104823
5269.194106
5269.399625
5269.405
5269.559499
5269.833622
5269.935576
5270.140856
5270.144971
5270.348655
5270.50165
5270.560631
5270.753636
5270.828874
5270.884325
5271.039087
5271.046054
5271.327057
5271.493964
5271.6019
5271.676445
5271.708018
5272.122335
5272.386913
5272.754151
5272.765551
5272.958079
5273.0115
5273.086774
5273.18978
5273.1911
5273.235251
5273.287986
5273.504605
5273.543357
5273.649733
5273.655967
5273.704918
5273.73824
5273.750566
5273.786076
5273.795534
5274.069405
5274.382363
5274.522224
5274.637367
5274.660634
5274.694496
5274.732038
5274.741358
5274.808251
5274.954245
5275.113536
5275.134816
5275.190506
5275.32145
5275.399167
5275.450457
5275.516945
5275.929672
5275.99004
5276.070008
5276.075032
5276.097166
5276.228821
5276.498754
5276.878136
5277.260684
5277.273793
5277.708574
5277.722505
5277.739392
5277.856091
5277.874713
5277.911337
5278.097143
5278.114673
5278.168097
5278.384867
5278.61273
5278.653756
5278.696866
5279.37011
5279.388628
5279.75136
5279.837366
5280.121489
5280.232636
5280.576484
5280.61048
5280.997681
5281.052011
5281.259723
5281.260205
5281.297764
5281.371006
5281.415457
5281.459994
5281.748924
5281.936546
5281.937668
5282.06697
5282.215852
5282.617737
5282.686289
5282.813368
5283.050977
5283.185364
5283.194383
5283.391448
5283.526338
5283.587942
5283.87861
5284.210323
5284.327375
5284.482784
5284.514294
5284.594259
5284.641721
5284.674178
5284.756014
5284.76254
5284.921221
5284.935246
5284.940877
5285.545741
5285.589287
5285.662259
5285.6792
5285.695723
5285.700342
5285.745416
5285.859037
5286.139902
5286.208891
5286.428074
5286.562235
5286.595698
5286.855873
5286.916761
5286.959382
5287.023412
5287.117245
5287.711966
5287.759535
5287.833496
5287.849987
5287.873483
5287.890425
5287.8935
5288.047871
5288.119267
5288.226416
5288.351771
5288.411427
5288.57603
5288.609549
5288.777417
5288.865266
5288.964529
5289.042868
5289.138626
5289.179361
5289.197047
5289.939229
5289.960049
5290.132252
5290.322679
5290.514992
5290.621627
5290.781454
5290.823408
5291.03155
5291.313608
5291.63387
5291.643199
5292.190059
5292.329784
5292.512874
5292.892398
5292.974292
5293.245205
5293.253865
5293.359853
5293.547423
5293.856171
5294.098091
5294.188307
5294.217646
5294.413507
5294.717028
5294.823252
5294.827334
5294.829435
5295.016523
5295.082896
5295.091655
5295.159102
5295.180648
5295.384335
5295.941256
5296.059357
5296.067065
5296.086915
5296.336937
5296.691183
5296.696708
5296.738953
5296.945912
5297.278005
5297.50183
5297.596205
5297.660914
5297.684492
5297.806944
5298.117053
5298.229502
5298.977808
5299.233234
5299.284608
5299.424162
5299.739649
5299.859738
5299.900007
5300.185209
5300.637445
5300.666946
5300.856282
5301.360749
5301.403062
5301.430216
5301.469899
5301.510847
5301.651627
5302.096579
5302.226105
5302.306298
5302.400561
5302.421146
5302.569216
5302.632013
5302.659211
5302.681567
5302.79523
5303.187839
5303.274369
5303.530733
5303.848706
5303.857343
5303.967619
5304.553435
5304.57065
5304.73356
5305.051981
5305.076429
5305.078091
5305.113462
5305.298445
5305.511773
5305.570587
5305.640653
5305.695617
5305.82622
5305.883676
5305.911773
5305.925262
5306.41991
5306.546856
5306.737426
5306.745392
5306.748826
5306.821983
5306.846712
5306.927722
5307.269656
5307.375878
5307.521756
5307.590755
5307.735124
5307.763821
5307.871058
5307.999274
5308.364285
5308.813705
5308.913539
5309.290718
5309.315072
5309.39795
5309.517024
5309.682511
5309.688549
5309.866918
5310.035672
5310.20425
5310.284351
5310.42657
5310.495392
5310.530799
5310.568157
5311.393864
5311.404277
5311.536894
5311.726199
5311.733317
5311.860967
5312.728554
5312.734805
5312.977128
5313.107933
5313.311818
5313.441335
5313.461779
5313.520076
5313.587547
5313.665074
5313.750241
5313.934798
5313.936235
5314.073855
5314.100044
5314.151253
5314.328109
5314.425343
5314.53114
5314.548537
5314.564569
5314.60242
5314.636456
5314.714206
5314.793147
5314.907466
5315.289129
5315.443112
5315.519646
5315.747648
5316.03135
5316.202238
5316.213341
5316.45035
5316.450535
5316.486021
5316.668691
5316.839061
5317.007183
5317.160467
5317.23224
5317.265899
5317.350966
5317.395693
5317.511321
5317.529455
5317.628606
5317.669183
5318.197834
5318.583019
5318.94529
5319.253385
5319.567044
5319.636626
5319.639061
5319.670118
5319.720347
5319.722739
5319.964843
5320.007991
5320.031379
5320.108739
5320.200998
5320.247128
5320.340545
5320.391059
5320.460452
5320.736912
5320.835856
5320.897059
5320.980179
5321.079444
5321.250705
5321.26064
5321.317075
5321.348585
5321.38755
5321.470434
5321.520012
5321.773391
5321.904398
5322.125687
5322.131962
5322.147855
5322.271778
5322.3499
5322.363108
5322.504683
5322.522334
5322.845307
5322.852873
5323.084594
5323.191195
5323.3804
5323.452391
5323.628313
5324.199702
5324.22344
5324.385783
5324.495359
5324.562181
5324.788483
5324.835617
5325.042477
5325.271548
5325.389882
5325.85785
5326.102451
5326.121109
5326.407992
5326.488038
5326.570719
5326.736871
5326.790239
5326.904393
5326.933417
5327.064617
5327.137996
5327.160073
5327.209001
5327.665773
5327.676795
5327.895353
5328.178313
5328.183709
5328.345231
5328.501264
5328.656562
5328.974505
5329.610478
5329.8266
5330.15387
5330.20021
5330.206035
5330.252799
5330.570868
5330.628596
5330.664021
5330.889775
5331.034886
5331.121759
5331.376444
5331.46991
5331.91201
5331.937208
5332.302172
5332.494996
5332.67549
5333.129009
5333.308711
5333.354223
5333.690348
5333.702478
5334.039309
5334.10113
5334.123315
5334.146988
5334.303595
5334.406024
5334.645376
5334.688806
5334.887744
5335.027882
5335.218263
5335.246254
5335.497628
5335.583193
5335.606831
5335.727673
5335.740915
5335.76831
5335.893001
5336.215379
5336.749851
5336.785507
5336.835783
5336.918281
5337.297465
5337.329927
5337.468658
5337.555426
5337.661796
5337.734511
5337.950487
5338.012821
5338.173471
5338.23258
5338.323744
5338.639075
5338.678097
5338.745064
5339.110787
5339.382202
5339.56748
5339.850669
5340.150559
5340.171821
5340.294509
5340.772057
5341.281255
5341.626405
5341.634049
5341.904489
5342.187462
5342.204016
5342.205432
5342.229062
5342.406343
5343.332416
5343.610646
5344.66764
5344.679187
5344.737398
5344.991267
5345.133359
5345.137203
5345.167644
5345.429331
5345.46676
5345.722921
5345.752349
5345.889276
5346.027719
5346.285571
5346.327339
5346.486718
5346.592022
5346.608418
5347.190753
5347.435647
5347.443429
5347.744569
5347.967618
5348.083899
5348.33322
5348.629635
5348.678079
5349.147802
5349.415309
5349.580342
5349.686869
5349.700257
5349.769618
5350.031782
5350.140556
5350.152586
5350.198543
5350.479885
5350.59556
5350.785758
5350.828679
5350.942003
5351.036617
5351.436345
5351.477321
5351.558366
5351.570166
5351.700885
5351.706177
5351.889192
5351.946405
5352.004862
5352.30757
5352.569855
5352.693128
5352.839961
5352.933032
5352.998486
5353.157631
5353.609245
5353.851018
5353.954955
5354.242286
5354.430833
5354.633832
5354.698281
5354.73389
5354.743815
5354.783289
5354.855324
5354.980921
5355.026885
5355.212264
5355.255905
5355.409008
5355.518105
5355.718424
5355.782829
5356.048259
5356.266296
5356.365492
5356.508673
5356.685371
5357.766245
5358.14768
5358.459897
5358.555734
5358.589476
5358.72402
5358.903179
5358.962992
5359.001062
5359.51742
5359.821689
5360.083684
5360.541363
5360.879989
5360.965489
5361.04578
5361.103323
5361.320906
5361.73946
5361.768101
5362.023546
5362.268627
5362.590329
5362.757175
5363.202225
5363.208435
5363.249623
5363.483583
5363.616405
5364.157145
5364.21473
5364.305951
5364.445756
5364.658399
5364.708607
5364.865555
5364.900212
5364.989314
5365.646459
5365.878483
5365.88979
5365.90838
5365.935792
5366.08992
5366.144481
5366.380262
5366.578664
5366.649636
5366.95075
5367.17183
5367.235042
5367.328491
5367.545259
5367.753157
5367.890857
5368.070895
5368.348239
5368.484717
5368.53936
5368.894607
5368.990135
5369.305654
5369.518753
5369.856649
5369.904761
5370.744052
5371.13906
5371.183787
5371.734564
5372.293197
5372.309225
5372.536647
5372.563233
5372.929843
5372.951116
5373.366558
5373.540495
5373.542085
5373.817785
5373.956161
5373.984495
5374.526499
5374.66203
5374.865398
5375.482807
5375.640858
5375.696434
5375.722133
5375.761966
5375.786399
5376.112504
5376.178293
5376.272768
5376.34678
5376.37892
5376.406954
5376.571688
5376.614159
5376.683034
5376.719429
5377.132165
5377.240825
5377.317163
5377.626831
5377.998811
5378.000027
5378.083386
5378.474116
5378.741581
5378.866944
5379.720512
5380.080755
5380.102449
5380.377522
5380.401111
5381.05439
5381.084266
5381.534289
5381.746615
5382.040274
5382.116782
5382.290868
5382.30807
5382.511146
5382.524039
5382.696701
5382.735177
5382.83123
5382.855326
5382.975729
5383.039412
5383.12694
5383.431607
5383.548311
5384.272987
5384.372985
5384.579875
5384.625926
5384.72051
5384.808979
5385.160345
5385.179823
5385.58195
5386.042896
5386.087739
5386.15193
5386.293809
5386.596344
5386.691546
5386.702537
5386.724181
5387.297179
5387.559799
5387.845171
5387.92941
5388.078245
5388.271363
5388.422702
5388.498905
5388.558393
5388.599038
5388.757457
5388.855088
5389.645251
5390.210034
5390.226965
5390.378078
5390.662863
5390.821447
5391.367035
5391.408044
5391.549278
5391.73248
5391.733718
5391.74318
5391.782261
5391.947706
5391.959053
5392.228471
5392.442857
5392.483666
5392.759791
5392.8163
5392.864797
5392.895571
5393.172329
5393.335196
5393.522811
5393.634499
5394.061173
5394.12638
5394.22789
5394.295664
5394.34068
5394.464445
5394.481367
5394.690138
5394.766262
5394.782884
5394.931665
5395.10315
5395.397116
5395.620886
5395.666448
5395.67215
5395.890587
5396.408505
5396.423789
5396.52145
5396.645672
5396.933827
5396.944062
5397.172812
5397.272939
5397.655961
5397.842941
5397.949647
5397.955241
5397.987648
5398.339583
5398.504144
5398.506106
5398.527462
5398.643138
5398.81592
5399.163076
5399.443539
5399.488849
5399.520291
5399.530329
5399.710728
5399.826218
5399.923365
5400.010527
5400.124957
5400.391195
5400.421354
5400.453364
5400.524245
5400.815082
5400.821066
5400.837755
5401.035255
5401.408184
5401.880974
5401.968611
5402.309683
5402.382193
5402.532474
5402.598048
5402.601848
5402.67464
5402.969564
5403.041909
5403.20227
5403.204382
5403.327519
5403.491141
5403.739101
5403.764316
5404.057254
5404.102571
5404.159446
5404.383472
5404.508895
5404.564714
5404.70783
5405.024735
5405.074246
5405.154681
5405.568418
5405.640464
5405.681606
5405.998406
5406.013842
5407.015352
5407.506164
5407.639664
5407.653933
5407.852566
5407.928242
5408.183586
5408.750316
5408.842395
5409.348335
5409.676801
5409.896597
5410.053372
5410.07168
5410.194139
5410.221668
5410.321455
5411.223712
5411.227455
5411.318686
5411.699331
5411.850145
5411.950974
5411.954906
5411.991584
5412.021121
5412.098577
5412.298694
5412.542205
5412.559065
5412.738667
5412.8708
5412.887308
5412.906265
5412.919235
5413.113119
5413.11408
5413.169944
5413.322431
5413.456733
5413.537388
5413.631292
5413.918148
5413.927787
5414.049513
5414.094649
5414.24787
5414.300288
5414.48369
5414.615857
5414.732869
5414.815149
5415.022003
5415.547563
5415.709681
5416.106136
5416.451215
5417.151494
5417.20592
5417.244318
5417.923694
5418.067309
5418.441451
5418.45596
5418.823421
5418.983566
5419.060939
5419.248295
5419.368658
5419.381612
5419.423381
5419.594256
5419.765791
5419.86556
5420.104599
5420.291432
5420.518896
5420.889969
5420.981573
5420.994823
5421.13992
5421.219732
5421.429554
5421.590732
5421.862377
5421.891381
5421.891698
5421.921886
5421.929099
5421.955633
5421.957015
5421.965264
5422.407617
5422.803204
5422.82052
5423.123041
5423.156294
5423.302544
5423.350722
5423.447495
5423.51354
5423.824535
5423.991254
5423.995857
5424.001133
5424.303329
5424.417943
5424.450877
5424.96542
5425.186591
5425.574291
5425.829463
5425.951203
5425.983366
5426.183342
5426.605256
5426.699437
5427.051875
5427.313306
5427.470432
5427.5314
5427.855016
5428.099505
5428.223646
5428.300856
5428.327517
5428.341535
5428.355272
5428.668815
5428.671049
5429.502907
5429.96148
5430.00919
5430.128618
5430.149163
5430.232111
5430.340468
5430.494547
5430.504832
5430.614103
5430.958757
5430.97836
5431.666744
5431.676938
5432.007783
5432.197745
5433.053011
5433.743193
5434.236007
5434.436903
5434.496508
5434.898899
5434.919728
5434.962964
5435.079124
5435.090425
5435.363954
5435.412311
5435.66479
5435.852557
5435.999574
5436.048561
5436.30349
5436.310926
5436.356275
5436.525226
5436.574438
5436.65379
5436.670803
5436.721505
5437.306669
5437.448078
5437.512162
5437.586898
5437.759208
5437.963692
5438.14583
5438.223417
5438.486193
5438.515793
5438.954762
5438.974203
5439.508898
5439.529828
5439.87996
5440.613804
5440.902068
5440.929799
5441.236788
5441.353648
5441.529576
5441.807764
5442.077761
5442.082599
5442.100396
5442.336012
5443.151667
5443.163732
5443.186296
5443.19144
5443.263563
5443.407316
5443.510732
5443.731272
5443.754088
5443.78748
5443.994894
5444.096176
5444.170228
5444.304272
5444.766409
5444.885486
5445.051436
5445.0808
5445.531898
5445.92216
5446.187154
5446.361041
5446.911584
5447.326755
5447.410891
5447.445202
5447.697428
5448.203029
5448.215447
5448.229409
5448.391612
5448.425418
5448.54895
5448.711853
5449.096283
5449.31565
5449.341562
5449.367248
5449.456502
5449.780498
5449.81777
5450.592214
5450.812136
5450.872767
5450.888597
5451.087216
5451.178774
5451.353051
5451.740984
5451.967236
5452.210907
5452.289798
5452.348715
5452.565945
5452.577669
5452.700452
5452.750627
5452.776495
5452.844663
5453.500977
5454.032454
5454.303368
5454.330431
5454.347482
5454.548035
5454.732748
5454.839212
5455.09069
5455.242751
5455.358774
5455.460073
5455.479578
5455.630214
5455.66957
5455.724892
5456.093243
5456.101134
5456.537182
5456.790257
5456.820089
5456.93487
5456.975378
5457.044247
5457.641901
5457.934672
5457.994516
5458.303425
5458.357814
5458.652382
5458.763019
5458.767439
5458.851301
5458.902803
5458.90879
5458.942203
5459.193198
5459.587388
5459.712294
5459.735644
5459.782332
5459.800305
5460.036939
5460.191573
5460.405101
5460.918688
5461.358264
5461.569224
5461.661873
5461.772953
5461.811009
5462.14871
5462.294591
5462.788982
5462.925727
5463.034267
5463.070214
5463.409266
5463.538949
5463.618688
5463.76473
5463.99742
5464.094751
5464.145736
5464.159507
5464.178988
5464.287304
5464.295241
5464.632359
5464.786201
5465.132695
5465.223663
5465.476136
5465.584879
5465.713417
5465.974526
5466.287053
5466.300669
5466.545882
5466.605164
5466.741501
5467.06864
5467.144727
5467.181225
5467.242541
5467.395979
5467.396191
5467.675902
5467.723012
5467.728239
5467.877526
5468.021964
5468.413653
5468.662979
5468.786522
5468.88477
5468.898423
5469.362853
5469.402149
5469.4872
5469.531095
5469.655122
5469.666726
5469.675937
5469.72037
5470.258239
5470.32771
5470.36498
5470.434059
5470.489531
5470.589811
5470.914287
5471.047356
5471.367024
5471.716133
5472.26116
5472.414264
5472.542574
5473.033239
5473.075487
5473.143565
5473.206593
5473.545074
5473.683704
5473.86027
5473.948838
5474.108788
5474.145421
5474.190161
5474.440885
5474.662538
5474.801457
5474.803952
5474.813321
5474.847391
5474.87676
5475.193058
5475.206108
5475.476642
5475.530111
5475.619005
5475.622227
5475.630828
5475.885726
5475.988194
5476.158686
5476.873423
5477.805346
5477.895773
5478.083938
5478.378159
5478.423393
5478.622269
5478.737345
5478.954272
5479.143062
5479.28871
5479.301564
5479.496513
5479.795618
5479.851376
5479.93809
5480.282756
5480.297126
5480.477612
5480.774139
5480.954378
5481.047163
5481.46358
5482.127701
5482.244193
5482.278429
5482.705538
5482.786961
5483.256413
5483.544403
5483.647879
5483.927358
5484.014242
5484.110074
5484.441719
5484.622166
5484.720177
5484.739773
5484.919915
5485.04829
5485.063598
5485.109045
5485.708904
5485.73337
5485.858255
5486.344427
5486.494905
5486.550273
5486.665361
5486.682191
5486.704079
5486.763146
5486.805917
5487.072739
5487.20314
5487.246067
5487.498703
5487.534071
5487.798733
5487.891847
5488.301333
5488.405196
5488.561396
5488.655889
5488.736319
5488.907881
5489.121166
5489.314832
5489.357541
5489.365119
5489.481474
5489.482324
5489.828033
5490.136163
5490.536439
5490.57828
5490.720904
5490.772731
5491.458282
5491.629524
5491.859445
5491.98141
5492.40266
5492.702233
5492.705906
5492.706019
5492.72629
5492.94101
5492.948145
5492.978908
5492.982502
5493.004364
5493.020435
5493.067637
5493.284992
5493.338006
5493.81355
5493.955356
5494.000034
5494.401361
5494.759687
5494.930833
5494.967713
5495.025097
5495.329913
5495.578376
5496.682256
5496.841528
5497.317457
5497.696485
5497.791909
5497.819769
5498.027519
5498.098075
5498.634999
5498.769041
5498.816367
5498.959599
5499.448106
5499.472692
5499.5122
5499.563432
5500.091955
5500.150067
5500.213805
5500.622796
5500.730468
5501.204815
5501.214227
5501.409057
5501.72074
5501.919094
5502.175185
5502.382879
5502.456042
5502.474535
5502.47613
5502.810199
5503.24889
5503.342673
5503.888667
5503.91769
5503.964761
5504.106044
5504.347148
5504.539201
5504.572194
5505.178484
5505.220585
5505.327284
5505.405208
5505.448971
5505.546077
5505.794161
5505.929124
5505.929411
5506.058133
5506.580332
5507.121306
5507.144552
5507.161015
5507.352924
5507.685014
5507.893447
5508.446063
5508.711881
5508.857902
5509.244197
5509.374876
5509.431287
5509.458249
5509.606869
5509.682143
5509.98735
5510.036066
5510.199144
5510.96533
5511.166757
5511.167422
5511.536807
5511.585048
5511.970302
5512.020078
5512.028581
5512.097447
5512.698492
5512.735935
5512.960333
5513.173988
5513.182623
5513.207066
5513.462096
5513.575697
5513.910356
5514.064738
5514.435517
5514.703177
5514.910464
5515.206292
5515.372983
5515.873739
5515.987127
5516.113083
5516.997121
5517.131039
5517.242713
5517.247874
5517.626364
5517.6354
5517.934303
5518.109237
5518.912491
5518.958608
5519.023596
5519.156578
5519.159892
5519.171875
5519.306871
5519.520507
5519.61886
5519.62517
5519.960429
5520.267087
5520.377798
5520.455952
5520.521881
5520.5249
5520.561583
5521.08362
5521.449277
5521.787072
5521.885891
5522.139235
5522.176045
5522.461821
5522.559154
5522.564628
5522.755199
5522.862479
5522.998363
5523.037659
5523.063693
5523.199416
5523.263695
5523.298416
5523.733976
5523.752788
5523.848568
5524.174723
5524.235236
5524.831177
5524.899974
5525.01318
5525.178118
5525.242664
5525.341726
5525.832477
5526.034536
5526.081268
5526.427149
5526.552809
5526.657063
5526.923169
5526.990625
5527.100062
5527.160721
5527.242268
5527.428386
5527.548611
5527.698566
5527.72389
5527.786284
5527.862016
5527.973405
5528.280479
5528.457755
5528.541398
5528.81338
5528.905685
5528.948545
5529.164416
5529.191196
5529.353366
5529.468443
5529.484842
5529.489286
5529.56029
5529.6304
5529.725372
5530.076204
5530.17413
5530.329467
5530.373568
5530.421899
5530.446955
5530.570953
5530.603658
5530.630723
5530.633573
5531.044517
5531.908286
5531.915379
5532.221087
5532.222027
5532.463076
5532.510008
5532.554336
5532.934381
5533.068105
5533.492421
5533.708356
5533.767746
5533.77937
5533.972683
5534.194086
5534.197493
5534.474029
5534.563299
5534.693771
5534.717221
5534.788411
5534.824023
5534.920962
5535.168146
5535.168621
5535.344452
5535.50422
5535.617384
5536.119947
5536.32889
5536.463385
5536.850858
5536.883578
5536.923987
5537.244547
5537.276001
5537.303461
5538.315505
5538.378387
5538.484759
5538.764637
5539.266461
5539.357071
5539.416037
5539.502212
5540.104101
5540.204552
5540.330415
5540.646996
5540.814921
5541.364839
5541.993741
5542.017414
5542.066477
5542.497427
5542.608545
5543.045371
5543.101782
5543.174915
5543.219309
5543.668385
5544.054536
5544.146859
5544.158718
5544.190852
5544.22569
5544.327063
5544.406774
5544.434883
5544.681734
5544.779794
5545.140729
5545.463126
5545.834122
5546.010753
5546.051597
5546.182649
5546.251994
5546.261672
5546.33872
5546.602281
5546.701377
5546.941556
5546.992445
5547.066835
5547.262545
5547.427315
5547.800213
5547.949362
5547.99603
5548.658133
5548.817211
5549.049268
5549.086236
5549.60531
5549.98905
5549.996877
5550.097931
5550.673075
5550.816831
5551.871028
5551.93542
5552.33975
5552.593299
5552.79708
5552.802648
5553.266213
5553.774093
5553.983701
5554.124491
5554.269051
5554.308057
5554.784988
5555.017699
5555.02931
5555.17083
5555.275299
5555.640773
5555.733825
5557.333913
5557.432702
5557.545359
5557.728182
5557.821584
5557.926799
5558.092493
5558.334289
5558.678033
5558.981242
5559.057243
5559.907222
5559.922511
5559.95255
5560.191587
5560.20368
5560.341542
5560.694138
5560.774061
5560.986236
5561.163446
5561.70362
5561.803513
5561.914325
5562.187387
5562.211868
5562.296646
5562.300408
5562.640517
5562.668515
5563.087305
5563.504869
5563.531513
5563.627761
5563.640942
5563.77088
5563.815087
5564.171078
5564.253666
5564.519914
5564.71328
5564.739287
5565.004269
5565.090362
5565.099684
5565.193497
5565.347753
5566.858726
5567.077405
5567.405779
5567.424824
5567.450079
5567.767965
5567.971684
5567.987259
5568.074288
5568.35972
5568.419973
5568.479984
5568.61037
5568.912259
5569.003681
5569.006836
5569.029142
5569.081038
5569.131392
5569.371867
5569.758577
5569.762477
5570.197506
5570.630009
5571.09764
5571.8448
5571.971093
5572.008729
5572.284161
5573.560628
5574.136499
5574.669934
5574.721356
5574.756001
5575.361587
5575.408015
5575.709579
5575.769768
5575.832805
5575.866025
5575.904771
5576.108621
5576.126182
5576.317061
5576.365291
5576.963177
5577.025312
5577.02536
5577.10414
5577.264091
5577.279308
5577.286472
5577.290776
5577.305919
5577.430788
5577.459802
5577.979242
5578.171721
5578.230445
5578.48484
5578.927187
5579.245582
5579.7402
5579.785776
5579.799499
5580.033033
5580.541218
5580.551188
5580.657407
5581.507305
5581.591226
5581.757903
5582.108502
5582.127312
5582.353551
5583.476692
5583.688527
5583.770916
5583.881202
5584.071268
5584.166609
5584.719305
5584.726791
5585.619832
5586.07899
5586.291522
5586.420046
5586.605157
5586.744109
5586.809654
5587.014563
5587.562567
5587.580007
5587.751138
5588.048192
5588.339793
5588.655042
5588.671504
5588.718285
5589.008034
5589.424576
5589.743886
5589.785899
5590.110754
5590.311077
5590.359159
5590.752865
5590.834025
5591.161424
5591.177972
5591.352411
5591.356484
5591.419986
5591.484267
5591.585468
5591.921783
5592.071516
5592.166629
5592.237116
5592.267904
5593.169471
5593.77244
5593.795562
5594.455775
5594.488527
5594.600298
5594.661871
5594.81534
5594.872665
5594.939518
5595.145448
5595.786366
5595.910075
5596.261261
5596.665736
5597.384917
5597.614646
5597.777811
5597.940331
5598.414274
5598.513042
5598.544049
5598.756176
5598.844457
5598.911927
5599.087969
5599.153659
5599.224924
5599.354158
5599.385951
5599.394345
5599.732723
5599.777121
5599.793441
5599.910488
5600.201592
5600.210203
5600.379949
5600.634495
5601.038905
5601.451432
5601.466918
5601.570274
5601.639611
5601.8227
5602.791639
5602.870501
5602.873572
5603.017773
5603.104044
5603.108779
5603.404931
5603.461015
5603.490869
5603.550748
5603.578042
5603.625181
5603.732218
5603.749588
5603.843372
5603.864661
5604.242242
5604.305432
5605.092031
5605.262681
5605.265032
5605.483094
5605.8155
5605.883211
5606.158818
5606.169073
5606.261202
5606.42335
5606.554376
5607.101573
5607.108669
5607.381252
5607.484035
5607.927849
5608.315276
5608.893903
5608.906464
5608.981642
5609.154836
5609.406869
5609.511327
5609.543452
5609.733802
5609.941624
5609.985408
5610.264438
5610.356314
5610.638582
5610.646819
5610.657342
5611.015942
5611.130043
5611.446637
5611.656869
5611.747894
5611.862998
5612.466689
5612.5248
5612.536761
5612.905945
5613.379271
5613.614871
5614.235007
5614.579433
5614.800456
5615.202775
5615.338678
5615.351798
5615.41994
5615.610867
5615.632857
5615.942128
5616.290641
5616.549353
5616.659805
5616.703535
5616.87551
5616.916509
5617.185289
5617.238819
5617.891357
5617.918077
5618.128704
5619.206557
5619.523946
5619.655564
5619.67082
5619.777649
5619.973724
5620.053561
5620.13789
5620.215305
5620.279371
5620.603677
5620.700488
5620.794033
5621.075723
5621.642983
5621.698358
5621.72169
5622.644041
5622.929339
5623.099662
5623.400088
5623.531913
5623.593322
5623.869353
5623.939118
5624.67237
5624.807564
5625.033882
5626.101644
5626.508139
5627.716177
5627.796693
5627.881269
5628.614114
5628.645911
5628.698382
5628.725488
5628.774427
5629.080193
5629.142878
5629.7602
5629.906169
5630.423964
5630.489654
5630.794266
5630.962378
5631.234381
5631.376761
5631.654068
5633.008431
5633.204343
5633.302621
5633.360333
5633.55087
5633.561113
5634.001944
5634.1815
5634.386532
5634.661764
5634.689061
5634.914727
5635.177034
5635.186121
5635.191632
5635.35867
5635.56016
5635.797028
5635.828776
5635.93219
5636.164911
5636.739898
5636.744149
5637.132902
5637.172057
5637.384064
5637.474444
5637.659651
5638.048866
5638.319162
5638.588095
5639.412975
5639.476019
5639.977135
5640.163866
5640.495753
5640.754889
5641.042139
5641.147611
5641.344135
5641.517554
5642.22325
5642.251028
5642.322186
5643.674782
5643.7214
5643.822477
5643.831112
5643.854364
5643.958858
5644.017708
5644.062132
5644.759848
5644.78238
5645.316551
5645.350186
5645.386806
5645.725591
5645.959115
5646.654867
5646.850378
5646.937276
5647.045527
5647.06805
5647.398544
5647.414164
5647.56284
5647.716435
5648.01348
5648.294741
5648.393974
5648.51047
5648.53709
5648.540182
5648.673526
5648.686725
5648.894862
5649.365386
5649.504139
5649.599926
5649.830737
5649.899879
5650.006848
5650.590807
5650.815283
5651.062489
5651.807279
5651.890092
5652.637687
5652.683576
5652.756539
5653.167759
5653.221079
5653.28619
5653.356933
5653.442293
5653.987429
5654.147053
5654.301031
5654.408387
5654.637948
5654.699965
5655.151466
5655.438768
5655.496412
5655.633689
5655.959037
5656.133127
5656.459258
5656.565397
5656.891751
5657.009332
5657.020193
5657.191067
5657.348667
5657.989706
5658.377528
5658.429834
5658.462942
5658.584488
5658.885923
5659.499124
5659.66712
5659.765851
5660.033966
5660.329778
5660.344152
5660.56022
5660.586982
5660.742041
5662.053016
5662.17789
5662.281756
5662.59467
5662.900135
5663.089747
5663.098358
5663.645298
5663.730134
5663.911368
5663.914164
5664.221355
5664.310461
5664.363628
5664.436971
5664.519392
5664.524134
5664.742848
5664.937417
5665.094614
5665.50006
5665.574481
5666.198653
5666.281584
5666.300462
5666.736007
5667.087215
5668.037423
5668.341347
5668.784451
5668.92982
5669.069367
5669.387981
5669.596377
5669.648229
5670.192955
5670.311291
5670.610423
5671.108828
5671.178331
5671.241109
5671.552623
5671.64336
5671.692846
5671.978547
5672.119746
5672.724128
5672.784564
5672.984297
5673.144432
5673.25307
5673.804869
5674.200787
5674.342865
5674.565802
5675.285067
5675.394304
5675.992781
5676.026501
5676.150044
5676.255225
5676.981667
5677.075102
5677.154155
5677.656948
5677.796078
5678.03033
5678.164116
5678.249691
5678.669604
5678.717911
5679.043986
5679.152302
5679.741127
5679.918872
5680.210072
5680.520514
5680.533103
5680.716929
5680.797075
5681.054389
5681.12781
5681.228793
5681.427714
5681.636072
5681.887969
5681.930923
5682.374723
5682.485253
5682.575131
5682.868676
5682.89209
5683.174521
5683.417918
5683.46342
5684.456275
5684.475262
5684.525364
5684.684524
5685.982217
5686.224339
5686.349549
5686.392807
5686.416297
5686.45705
5686.842161
5687.071183
5687.118778
5687.241238
5687.351195
5687.432348
5687.504437
5687.778817
5688.131329
5688.220735
5688.373058
5688.424515
5688.59894
5688.71672
5689.084956
5690.121883
5690.272379
5690.464397
5690.550429
5690.629212
5690.730327
5690.759161
5690.955882
5691.05586
5691.362093
5691.532515
5691.654014
5691.741022
5691.88164
5692.029996
5692.069404
5692.172975
5692.27232
5692.408574
5692.525924
5692.534105
5692.534121
5692.642395
5692.896733
5693.325023
5693.950227
5694.219727
5694.233504
5694.307988
5694.343601
5695.145372
5695.51894
5695.570357
5695.672435
5695.79688
5695.852662
5696.04554
5696.460888
5696.854025
5697.013468
5697.230798
5697.712098
5697.871813
5697.904735
5698.006885
5698.379441
5698.443778
5698.649989
5698.668871
5699.127372
5699.230053
5699.5632
5700.156994
5700.700723
5700.738307
5701.695707
5701.762096
5702.030816
5702.118101
5702.160529
5702.212704
5702.324014
5703.014029
5703.016225
5703.016832
5703.279352
5703.311695
5703.353168
5703.43048
5703.445661
5703.666002
5703.947487
5704.140486
5704.258034
5704.616775
5704.730304
5704.735391
5704.953134
5705.009116
5705.099447
5705.303905
5705.428078
5705.925982
5705.948994
5706.05984
5706.161336
5706.213984
5707.082552
5707.09097
5707.242365
5707.417455
5707.476837
5707.781903
5707.956771
5708.004326
5708.022022
5708.132479
5708.173327
5708.423945
5708.533347
5708.61045
5708.753669
5709.477254
5709.711374
5710.064348
5711.131355
5711.258499
5711.851951
5711.860708
5711.865774
5712.326404
5713.031836
5713.4643
5713.914257
5713.953394
5714.422422
5714.487981
5714.751549
5714.903566
5714.976799
5715.883465
5715.9331
5716.227056
5716.258588
5716.328495
5716.486693
5716.49999
5716.922247
5717.00908
5717.052934
5717.494249
5717.617679
5718.821036
5718.877295
5719.000174
5719.163932
5719.975847
5719.97745
5719.988501
5720.01889
5720.086221
5720.108412
5720.177509
5720.638639
5720.793019
5721.058971
5721.276495
5721.392159
5721.433245
5721.886986
5721.899745
5722.144781
5722.258102
5722.358469
5722.737688
5723.081054
5723.617682
5723.703343
5723.875159
5724.059522
5724.125468
5724.482125
5724.486561
5725.01546
5725.031208
5725.60083
5725.678676
5725.9832
5726.258481
5726.269606
5726.565099
5726.901625
5727.719367
5727.842288
5727.97754
5728.514337
5728.69471
5729.261106
5729.28088
5729.28659
5729.324979
5729.644427
5729.773973
5729.896937
5730.89382
5730.98863
5731.031098
5731.347696
5731.548803
5732.086909
5732.724259
5732.904389
5733.155298
5733.165388
5733.537886
5733.911734
5734.265789
5734.378325
5734.586558
5734.693037
5734.693835
5734.964044
5735.219623
5735.378135
5735.789147
5736.251749
5736.51975
5736.803725
5736.999543
5737.213183
5737.428561
5737.859281
5737.921772
5738.127974
5738.277091
5738.637938
5738.902776
5739.068157
5739.454256
5739.610098
5739.712562
5739.755502
5739.943211
5740.086353
5740.165122
5740.906545
5740.949603
5741.965554
5742.126957
5742.393449
5742.465147
5742.837592
5743.158625
5743.384513
5743.889719
5744.057476
5744.234804
5745.028025
5745.324845
5745.81514
5745.896615
5746.173923
5746.298186
5746.521454
5746.732326
5747.506751
5747.657698
5748.087721
5748.494981
5748.884808
5749.421393
5749.976728
5750.182337
5750.707196
5750.81461
5750.929081
5751.268736
5752.123793
5752.337022
5752.342581
5752.675732
5752.855038
5753.053623
5753.076094
5753.19791
5753.202778
5753.265709
5753.506514
5753.697758
5753.702927
5754.271319
5754.32784
5754.462269
5754.799164
5755.230971
5755.397721
5755.404491
5756.254842
5757.069226
5757.857911
5757.904441
5758.399475
5758.445191
5758.582617
5759.178454
5760.040205
5760.412189
5760.960162
5761.056722
5761.097144
5761.549498
5762.012677
5762.235153
5763.165167
5764.053893
5764.255825
5764.411658
5764.642342
5764.722333
5764.73974
5764.81133
5764.842519
5764.960977
5765.046066
5765.524428
5765.543159
5765.862514
5766.251975
5766.433497
5766.719447
5767.054355
5767.233713
5767.255758
5767.500687
5768.213261
5768.470267
5768.701083
5769.15946
5769.271741
5769.897107
5770.047139
5770.201893
5770.294257
5770.853166
5771.300556
5771.900819
5772.260822
5772.380577
5772.419454
5772.834211
5772.892206
5773.455502
5773.907085
5774.257836
5774.585336
5774.935269
5774.977546
5775.575139
5775.611083
5775.701852
5776.143259
5776.593401
5776.642041
5777.035
5777.229517
5777.784456
5778.621492
5778.967957
5779.256724
5779.267236
5779.304317
5779.435913
5779.629837
5779.67836
5779.932231
5780.425457
5782.285297
5782.509192
5782.974256
5783.135036
5783.3701
5783.598325
5784.134476
5785.0688
5785.448859
5785.449085
5785.683312
5786.060333
5786.130059
5786.622648
5787.098314
5787.330253
5787.622231
5787.674594
5787.885653
5788.00573
5788.024098
5788.469252
5788.740376
5788.795118
5788.805782
5788.894404
5789.673841
5789.72699
5789.948473
5790.150136
5790.596799
5791.184873
5791.38236
5791.75977
5791.800829
5792.063074
5792.084499
5792.70775
5792.75694
5793.175876
5793.628322
5793.718014
5793.805533
5794.718074
5794.759362
5794.859835
5794.949938
5795.199
5795.251302
5795.545427
5795.970013
5796.352702
5796.431301
5796.887347
5797.011817
5797.528441
5798.060168
5798.618782
5798.668013
5798.848129
5798.934938
5799.04213
5799.208683
5799.485827
5799.63639
5799.777504
5799.815153
5799.844974
5799.984397
5800.093125
5800.187796
5800.698877
5800.80738
5800.869808
5800.95176
5801.306609
5801.421537
5801.75603
5801.937081
5802.232862
5802.323655
5802.635694
5802.906864
5802.929539
5802.957353
5803.467691
5804.050912
5804.052118
5804.15367
5804.859416
5804.941454
5805.232588
5805.42283
5805.744164
5805.955938
5806.144292
5806.325778
5806.415694
5806.776776
5807.069515
5807.309486
5807.594869
5807.643128
5807.975397
5808.319731
5808.679031
5808.684582
5810.207999
5811.024299
5811.164918
5811.38563
5811.454282
5811.717119
5811.920985
5811.953437
5812.136046
5812.593023
5813.174097
5813.759816
5814.408163
5816.035344
5816.216188
5816.380395
5816.967694
5817.071067
5817.696371
5817.970477
5818.098298
5818.479888
5818.512266
5818.532937
5818.700542
5818.800283
5818.813334
5818.856505
5818.962907
5819.080419
5819.54998
5819.843945
5819.984315
5820.043838
5820.720355
5821.132124
5821.534606
5821.921659
5822.324765
5822.724864
5823.170089
5823.906773
5823.932105
5825.258414
5826.142034
5826.19615
5826.296339
5826.4138
5826.611905
5826.765152
5827.259775
5827.768489
5828.822502
5829.621018
5829.661378
5829.905209
5830.534539
5831.415731
5832.096188
5832.140571
5832.203473
5832.335323
5832.534949
5832.747052
5832.766019
5833.302435
5833.771839
5833.8865
5834.442876
5835.485519
5835.727889
5836.246895
5836.766271
5837.085514
5837.367111
5838.894512
5839.218164
5839.235695
5839.398497
5839.498854
5839.814889
5840.063482
5842.341979
5842.608691
5843.198103
5843.374047
5843.514952
5843.663172
5844.307303
5844.426138
5844.456829
5844.801381
5845.149837
5845.446825
5846.145038
5846.707561
5846.830563
5846.881516
5847.519124
5848.097823
5848.790656
5848.896707
5849.080827
5849.213289
5849.470709
5849.981555
5850.003637
5850.226545
5850.306537
5850.638581
5851.091674
5851.241529
5851.468587
5851.513565
5852.084248
5852.611099
5853.737624
5853.922331
5855.220152
5855.705282
5856.157254
5856.363447
5856.599128
5856.650856
5857.381719
5857.658354
5858.397583
5858.46574
5860.130066
5860.712333
5861.03224
5861.163693
5861.489023
5861.94518
5862.366024
5862.43316
5863.891043
5863.953714
5863.957244
5864.194334
5864.436552
5865.502908
5865.577399
5865.971879
5866.131621
5866.801458
5867.145327
5867.598862
5867.615226
5867.681379
5868.274701
5869.052944
5869.068788
5869.283184
5869.376446
5870.180124
5870.375115
5870.544937
5870.753396
5870.86092
5871.274835
5871.740599
5872.723485
5872.770555
5872.812325
5873.349469
5873.488897
5874.891419
5875.040522
5875.210882
5875.978747
5877.586074
5878.045746
5878.809035
5879.0594
5879.070949
5879.524411
5879.784014
5880.590769
5881.268404
5881.784726
5882.266089
5882.32071
5883.078336
5883.270664
5883.711188
5883.994309
5884.325425
5884.619385
5885.551519
5886.701198
5887.394274
5888.090036
5888.444789
5888.45635
5889.376705
5889.529372
5889.616539
5889.840699
5890.392495
5890.6089
5890.81744
5890.93584
5891.065636
5892.475381
5892.595997
5892.992203
5893.148904
5893.72355
5895.03304
5895.566645
5896.180879
5896.762158
5897.202025
5897.816713
5898.95231
5899.058931
5899.550697
5900.756197
5900.802346
5901.171085
5901.613088
5901.89544
5902.523593
5902.856098
5903.042581
5903.122783
5903.4484
5903.64986
5904.024837
5904.290888
5904.699418
5905.529011
5905.553511
5905.61412
5907.084994
5907.867443
5908.805215
5909.127694
5909.564891
5909.626695
5910.117866
5910.37519
5911.105617
5911.839485
5912.056813
5912.434724
5913.285938
5913.36492
5913.80302
5914.798283
5914.872284
5916.25078
5916.903979
5917.313134
5917.468912
5917.578277
5917.767607
5918.609937
5918.674541
5918.944269
5919.509775
5919.527659
5919.612625
5920.947194
5922.877024
5923.45488
5923.929106
5924.193558
5926.389546
5926.606649
5926.609999
5926.792231
5927.562881
5927.708896
5929.217292
5932.225154
5932.755792
5933.127535
5933.277333
5933.695675
5935.495731
5936.555537
5937.484442
5937.642968
5937.691255
5938.303587
5938.681737
5939.066897
5939.090884
5940.106147
5940.293325
5940.67535
5941.779075
5942.47739
5943.000266
5944.774757
5945.125647
5945.148686
5945.908944
5946.458657
5947.256414
5947.538666
5948.028345
5948.933572
5949.372207
5950.443948
5951.050348
5952.058047
5953.942368
5954.129233
5954.513969
5955.334221
5955.370978
5956.155367
5957.102397
5957.321138
5957.871318
5958.271728
5958.507246
5961.59735
5961.623554
5962.385172
5962.411456
5964.114195
5964.27173
5964.615579
5965.651106
5966.585094
5968.984446
5969.781133
5970.241222
5970.823305
5974.830738
5975.991339
5976.099798
5976.270684
5977.704014
5978.118665
5978.425563
5981.744844
5982.532304
5984.208131
5986.719619
5986.986188
5988.378149
5988.818775
5989.245112
5989.934574
5993.443914
5994.404367
5994.718061
5995.322724
5995.696536
5996.281605
5996.921706
5998.153875
5999.703265
6001.661121
6001.710126
6003.378365
6005.304199
6005.316751
6006.868455
6007.352639
6008.313841
6010.867615
6012.18299
6014.805506
6014.91353
6015.789428
6018.507891
6020.734654
6023.046855
6025.256651
6025.905824
6027.165407
6028.97986
6029.012824
6031.121033
6031.122042
6031.277448
6031.743881
6034.016121
6035.275318
6036.369667
6036.757365
6037.342429
6037.361474
6042.227925
6042.760514
6042.841
6044.659846
6044.914178
6046.715686
6050.953485
6054.885458
6056.917064
6058.481612
6061.191803
6061.337435
6067.507133
6069.039219
6069.429664
6070.668518
6070.85405
6072.223006
6073.397701
6076.464126
6082.599902
6085.661291
6085.744881
6086.748167
6087.68785
6094.543692
6098.690267
6098.7813
6099.511888
6101.872685
6102.020528
6105.011351
6105.222307
6112.120651
6113.272932
6113.817619
6120.65223
6121.85392
6124.938356
6130.25721
6131.212659
6131.443454
6138.461291
6141.614061
6144.752812
6145.426112
6145.972678
6149.372856
6151.017567
6156.026403
6159.661965
6162.048141
6163.96385
6166.691489
6167.053769
6172.169257
6173.059777
6174.309365
6184.996087
6186.523147
6194.176694
6195.091305
6196.631225
6203.173682
6211.140748
6215.576156
6217.528953
6224.225591
6226.020231
6239.272848
6243.131855
6244.873061
6248.478609
6266.812797
6274.246431
6279.012409
6309.203713
6324.028932
6366.250497
6379.722304
6386.561068
6433.947281
6466.630746
6473.75796
6481.92359
6489.560219
6509.265423
6678.093708
6678.945169
6678.988753
6685.537864
6697.94051
6762.561522
6769.82172
6774.809442
6857.005882
6886.140958
7329.578161
7709.841173
9141.464943
10429.451054
