1.927508
9.739025
10.17542
10.268003
10.465084
10.52976
10.585727
10.853434
10.913912
11.166823
11.582813
11.705858
11.782203
12.275944
12.529392
13.349465
13.365054
13.448089
13.488404
13.549777
14.200359
14.362733
14.531528
14.571615
14.63839
14.794619
14.812867
15.18838
15.210536
15.235538
15.264611
15.407829
15.438836
15.454236
15.475601
15.614629
15.651439
15.760414
15.900294
15.919462
15.940239
16.11267
16.113517
16.297109
16.445919
16.562114
16.589318
16.80207
16.917172
16.954618
17.129788
17.147108
17.20293
17.221192
17.25711
17.334752
17.463856
17.700413
17.711977
18.136702
18.444294
18.557814
18.637934
18.873677
18.89562
19.166584
19.2041
19.510834
19.6251
20.323839
20.353962
20.389488
20.583775
20.62229
21.059996
21.438113
21.670037
21.823215
21.989097
22.163141
22.209834
22.424831
22.694822
22.812447
23.207205
23.682185
23.682889
24.662322
25.00065
26.812124
27.402448
28.256636
28.794513
29.177752
29.445973
29.88474
30.712223
30.761856
35.410428
36.664521
36.942193
37.703166
48.902353
65.5609
66.158946
89.126057
114.950148
115.02557
117.305488
120.757664
128.072564
135.808555
139.647882
142.240589
143.830405
146.799723
148.66811
153.870399
154.381342
155.05689
155.963161
157.218347
157.655916
157.784297
161.510201
161.745284
161.90753
162.982211
163.615487
165.164781
169.239448
190.220084
191.335467
191.359371
192.688115
193.195116
193.303802
193.653636
194.148513
194.697103
196.077898
196.112307
198.360874
200.491491
200.689282
202.055698
203.340744
203.446254
206.415624
207.47083
208.941742
209.172945
209.402265
210.609892
212.633171
214.507512
217.498035
217.825407
218.064597
218.164433
219.308592
220.128074
220.577225
220.880467
221.667247
221.976453
224.42348
226.162939
226.216194
227.504075
228.090941
229.647585
230.257095
232.231036
234.99522
235.828197
239.313786
240.893595
241.273303
242.632034
242.987443
243.217382
243.807975
244.791488
246.595641
248.069261
248.604654
249.66304
250.390485
250.567522
251.333281
252.281653
253.233176
253.608317
254.759936
256.040019
256.520906
256.98382
257.084098
257.70629
257.927629
258.585081
259.594716
260.469157
260.977429
261.34527
261.486993
263.589486
264.189983
264.412538
264.774563
265.088463
270.754716
275.370722
276.429568
276.617653
278.363909
278.614059
278.68848
280.089489
282.666744
282.737427
284.30933
285.710589
289.109098
289.159481
289.188337
289.629862
290.286419
292.362654
293.090123
296.470735
302.648034
303.656785
304.970615
305.27163
309.763427
313.288713
316.972624
317.394975
320.560646
324.275189
332.852156
340.444726
344.218359
345.495622
345.642291
352.304115
354.167614
363.984381
366.540853
369.622791
371.464734
375.773932
379.416941
381.213193
381.801204
389.110796
390.199971
393.952871
396.606855
412.929587
414.131582
427.417772
427.426868
428.581421
431.177857
436.27084
448.659505
458.117541
462.363926
468.88547
470.966341
483.558721
484.83183
558.411803
755.034012
1003.899036
