741.776634
742.425253
800.381679
811.817116
831.891006
836.321862
884.349086
914.544094
923.170629
931.975923
945.490957
947.262188
949.87261
950.554491
957.789204
959.391227
967.813422
967.982043
971.196569
974.946814
976.75953
983.445868
988.896909
989.268226
990.625343
992.563229
993.844528
994.3431
994.391448
995.044023
995.189327
995.576292
996.002508
996.824288
997.792808
998.480973
999.670118
1000.020282
1000.61615
1001.230712
1001.669096
1001.718088
1002.253023
1002.322545
1002.382304
1002.654191
1002.717709
1002.999772
1003.492594
1003.530601
1003.599258
1004.124979
1004.149086
1004.535339
1004.558256
1004.72664
1004.848604
1005.446481
1005.77182
1006.294794
1006.319336
1006.425287
1006.518315
1006.629393
1006.998711
1007.673451
1007.681433
1007.801308
1007.810985
1007.890844
1007.924892
1008.398166
1008.763474
1008.807451
1009.075472
1009.082785
1009.221414
1009.396013
1009.41784
1009.440814
1009.459724
1009.668784
1010.042622
1010.412498
1010.41683
1010.646401
1010.732882
1010.804827
1010.84878
1010.911776
1011.290616
1011.444096
1011.462012
1011.572899
1011.582756
1011.648846
1011.817567
1011.821281
1011.893212
1011.946712
1012.000004
1012.279705
1012.440534
1012.470702
1012.703446
1012.872246
1013.06172
1013.118064
1013.481931
1013.607422
1013.68741
1013.791988
1013.991809
1014.036544
1014.121485
1014.126656
1014.527381
1014.629164
1014.674189
1014.695281
1015.371884
1015.389498
1015.772468
1015.790835
1015.855421
1016.124265
1016.515026
1016.589794
1016.839675
1016.885466
1016.906943
1016.955499
1017.021102
1017.41184
1017.450906
1017.453113
1017.696513
1017.704179
1017.888595
1018.061336
1018.093258
1018.139886
1018.199267
1018.284866
1018.291647
1018.489922
1018.519133
1018.531796
1018.58043
1019.0734
1019.125113
1019.17378
1019.28005
1019.319232
1019.363459
1019.732434
1019.926672
1020.019062
1020.122123
1020.317071
1020.536232
1020.887484
1020.890944
1020.956743
1021.000809
1021.008932
1021.110818
1021.130665
1021.174916
1021.188559
1021.23965
1021.491176
1021.60779
1021.619912
1021.633653
1021.648787
1021.810917
1021.846225
1021.925235
1021.959902
1022.117055
1022.181151
1022.433037
1022.443976
1022.936158
1023.173957
1023.186165
1023.218457
1023.425385
1023.635342
1023.702361
1023.780431
1024.029597
1024.183404
1024.22019
1024.272614
1024.435416
1024.549616
1024.626285
1024.849025
1025.045485
1025.154457
1025.306531
1025.434121
1025.580505
1025.669112
1025.720817
1025.775602
1025.876763
1025.912604
1026.317683
1026.353631
1026.366911
1026.40859
1026.443314
1026.59019
1026.654332
1026.719795
1026.720342
1026.888053
1026.966834
1027.26447
1027.264476
1027.311261
1027.36439
1027.373377
1027.489028
1027.604183
1027.871502
1027.896327
1028.044391
1028.142363
1028.155525
1028.16679
1028.265686
1028.292696
1028.795447
1028.863661
1028.990823
1029.09693
1029.119158
1029.139116
1029.298502
1029.336458
1029.415233
1029.442184
1029.550051
1029.573102
1029.595151
1029.774483
1029.786837
1030.00694
1030.211156
1030.656584
1030.720339
1030.886876
1030.932396
1031.120907
1031.188221
1031.297373
1031.412544
1031.527485
1031.78358
1031.884678
1032.004405
1032.072428
1032.143178
1032.149807
1032.18982
1032.190803
1032.227373
1032.271987
1032.329616
1032.578493
1032.634378
1032.660681
1032.682399
1032.722137
1032.735933
1032.740164
1032.941126
1033.042632
1033.278417
1033.299503
1033.309969
1033.362872
1033.36842
1033.720393
1033.743569
1033.822172
1033.851519
1033.966983
1034.00525
1034.162327
1034.167512
1034.422306
1034.473374
1034.519537
1034.573445
1034.592371
1034.695602
1034.986723
1035.050092
1035.46252
1035.532668
1035.687673
1035.80086
1035.977475
1036.03417
1036.049863
1036.082719
1036.101516
1036.112991
1036.127187
1036.139938
1036.156594
1036.200397
1036.208932
1036.300346
1036.360194
1036.368962
1036.372948
1036.417705
1036.449855
1036.539078
1036.553777
1036.613433
1036.705807
1036.733053
1036.874162
1036.935168
1036.962631
1037.336289
1037.355583
1037.390069
1037.510326
1037.595992
1037.605861
1037.854986
1037.962643
1037.979316
1038.04727
1038.06685
1038.084215
1038.088428
1038.141596
1038.205973
1038.284174
1038.325542
1038.342051
1038.470848
1038.543737
1038.54743
1038.699893
1039.213153
1039.259118
1039.291158
1039.324617
1039.389042
1039.536202
1039.549221
1039.582545
1039.595342
1039.721231
1039.768612
1039.790041
1039.863501
1039.999818
1040.0289
1040.031513
1040.111248
1040.167788
1040.182272
1040.262927
1040.418133
1040.449522
1040.485178
1040.488177
1040.497477
1040.526758
1040.558618
1040.606572
1040.636891
1040.852671
1041.00484
1041.099176
1041.159423
1041.180774
1041.260483
1041.330611
1041.609694
1041.718956
1041.764775
1041.810139
1041.815123
1041.888901
1041.889704
1041.904403
1041.957815
1041.989098
1042.007257
1042.071482
1042.120377
1042.239784
1042.248408
1042.267019
1042.293968
1042.345391
1042.369391
1042.573654
1042.58237
1042.693549
1042.762017
1042.772737
1042.857099
1042.888641
1042.89189
1042.980072
1042.985351
1042.999021
1043.046929
1043.055344
1043.146671
1043.178681
1043.199886
1043.215017
1043.217928
1043.245273
1043.332694
1043.396863
1043.487707
1043.540059
1043.566843
1043.671631
1043.795675
1043.809725
1043.814525
1043.857376
1043.932748
1044.057211
1044.169616
1044.217023
1044.247333
1044.280945
1044.302085
1044.464832
1044.648091
1044.655349
1044.740679
1044.824043
1044.887035
1044.911858
1044.917366
1044.927755
1045.004404
1045.068127
1045.2584
1045.411708
1045.470481
1045.589339
1045.674086
1045.688951
1045.705028
1045.740151
1045.776567
1045.782819
1045.977557
1046.021522
1046.039887
1046.091683
1046.359535
1046.370942
1046.407208
1046.458576
1046.580431
1046.798825
1046.82643
1046.845332
1046.936375
1046.952099
1047.024208
1047.036248
1047.088536
1047.147271
1047.259469
1047.287946
1047.32368
1047.414806
1047.480596
1047.500293
1047.529547
1047.577475
1047.607412
1047.614364
1047.614497
1047.626739
1047.674302
1047.92762
1047.979666
1048.058347
1048.064954
1048.148317
1048.161239
1048.212851
1048.243617
1048.351863
1048.386793
1048.397083
1048.397949
1048.51545
1048.526054
1048.589495
1048.634358
1048.659352
1048.66055
1048.734145
1048.7486
1048.783096
1048.846345
1048.905122
1048.927025
1048.954174
1049.022088
1049.037526
1049.145346
1049.160728
1049.366473
1049.511557
1049.550883
1049.580069
1049.628329
1049.678035
1049.796099
1049.808491
1049.817592
1049.828967
1049.90115
1050.055365
1050.06679
1050.091948
1050.115233
1050.168457
1050.201131
1050.212042
1050.268625
1050.374673
1050.465263
1050.481932
1050.498821
1050.520993
1050.534016
1050.622061
1050.678114
1050.749605
1050.766132
1050.828513
1050.836878
1050.85146
1050.857264
1050.984545
1051.023177
1051.130906
1051.168069
1051.18008
1051.250946
1051.362333
1051.421581
1051.495949
1051.576565
1051.680035
1051.774196
1051.786856
1051.835956
1051.845691
1051.86162
1051.962398
1052.015276
1052.052303
1052.075871
1052.110796
1052.165886
1052.166151
1052.244052
1052.273598
1052.283129
1052.395633
1052.442077
1052.467709
1052.468792
1052.496049
1052.521573
1052.575008
1052.676717
1052.69608
1052.872542
1052.94007
1053.003107
1053.023355
1053.101116
1053.124275
1053.149303
1053.153944
1053.161834
1053.18801
1053.200094
1053.233554
1053.298712
1053.314207
1053.342562
1053.347938
1053.363453
1053.371337
1053.402407
1053.441279
1053.573975
1053.596212
1053.601142
1053.669903
1053.713917
1053.77835
1053.80367
1053.830518
1053.926173
1053.942428
1053.969112
1054.010204
1054.059956
1054.070925
1054.109347
1054.179535
1054.184894
1054.185484
1054.202132
1054.220831
1054.231382
1054.309916
1054.323363
1054.326166
1054.336703
1054.369138
1054.401914
1054.407209
1054.430086
1054.442104
1054.507713
1054.54132
1054.543916
1054.611552
1054.628325
1054.644187
1054.677124
1054.681232
1054.732226
1054.852583
1055.118415
1055.128255
1055.148238
1055.17945
1055.329868
1055.382019
1055.422538
1055.441925
1055.556276
1055.694782
1055.702382
1055.726571
1055.774571
1055.803172
1055.80935
1055.81076
1055.860159
1055.86959
1055.927756
1055.937241
1056.0768
1056.11556
1056.165797
1056.188365
1056.199044
1056.202215
1056.221554
1056.254675
1056.35452
1056.362093
1056.407929
1056.410834
1056.423254
1056.44292
1056.50598
1056.507333
1056.512523
1056.615217
1056.707987
1056.719619
1056.852659
1056.96315
1057.017965
1057.092502
1057.116547
1057.276464
1057.392231
1057.422013
1057.53237
1057.594352
1057.701967
1057.798534
1057.801983
1057.807917
1057.812913
1057.865248
1057.922814
1057.955598
1058.041764
1058.087338
1058.143012
1058.168311
1058.202486
1058.203532
1058.239714
1058.287866
1058.291425
1058.337022
1058.338547
1058.34996
1058.463204
1058.526969
1058.57188
1058.593201
1058.596326
1058.613895
1058.647359
1058.667108
1058.853326
1058.872647
1058.900176
1059.108724
1059.167607
1059.30264
1059.331721
1059.334705
1059.618129
1059.890531
1059.928739
1059.968692
1060.010387
1060.02304
1060.048897
1060.137771
1060.153672
1060.155202
1060.157119
1060.196243
1060.206659
1060.217202
1060.253036
1060.259023
1060.259476
1060.276709
1060.296614
1060.404466
1060.409276
1060.451521
1060.483069
1060.541431
1060.588634
1060.597452
1060.613929
1060.734166
1060.739692
1060.771139
1060.788838
1060.858942
1060.912429
1061.022405
1061.12691
1061.187797
1061.22941
1061.248268
1061.261282
1061.267823
1061.407573
1061.42851
1061.435738
1061.488595
1061.572646
1061.627527
1061.655659
1061.661577
1061.663804
1061.753585
1061.786706
1061.925955
1061.95326
1062.006657
1062.020991
1062.048434
1062.089772
1062.142071
1062.209546
1062.217991
1062.348849
1062.355544
1062.388278
1062.393578
1062.462475
1062.469585
1062.478682
1062.505504
1062.677658
1062.693218
1062.758282
1062.766235
1062.772994
1062.880766
1062.896052
1062.904651
1062.909837
1062.933977
1062.947373
1063.079323
1063.209687
1063.214585
1063.256679
1063.301024
1063.333384
1063.342567
1063.394493
1063.394909
1063.461358
1063.500741
1063.604063
1063.645206
1063.645252
1063.746841
1063.88068
1063.944824
1063.991215
1063.999226
1064.093221
1064.159702
1064.199838
1064.248002
1064.383865
1064.405497
1064.531343
1064.553628
1064.57119
1064.607467
1064.74104
1064.77861
1064.831421
1064.861899
1064.896673
1064.910889
1064.916988
1064.917011
1064.941792
1065.028363
1065.057114
1065.169587
1065.210507
1065.243069
1065.374628
1065.43863
1065.477162
1065.484008
1065.578836
1065.642888
1065.834693
1065.852251
1065.885263
1066.088805
1066.148362
1066.163922
1066.249766
1066.266177
1066.280431
1066.375133
1066.477766
1066.490261
1066.491433
1066.515794
1066.69161
1066.71759
1066.726076
1066.734104
1066.744902
1066.746488
1066.799878
1066.819245
1066.843977
1066.884869
1066.956559
1066.963929
1067.038653
1067.166581
1067.175784
1067.210427
1067.222807
1067.233195
1067.302596
1067.365695
1067.467337
1067.468382
1067.504783
1067.553698
1067.570393
1067.574236
1067.591078
1067.684457
1067.787953
1067.809464
1067.842845
1067.90388
1067.927313
1067.951979
1067.965184
1068.025474
1068.029611
1068.042198
1068.072858
1068.09007
1068.155032
1068.205315
1068.232326
1068.386587
1068.396753
1068.46768
1068.478616
1068.571047
1068.622768
1068.622951
1068.698632
1068.728599
1068.785559
1068.788791
1068.844889
1068.884986
1068.89406
1069.000678
1069.150868
1069.163428
1069.178021
1069.184216
1069.347038
1069.365512
1069.375487
1069.452705
1069.457996
1069.461979
1069.512393
1069.575281
1069.769798
1069.844863
1069.977132
1069.98502
1070.066901
1070.086702
1070.095525
1070.149906
1070.207223
1070.213409
1070.219721
1070.24211
1070.250558
1070.29497
1070.431954
1070.482188
1070.53253
1070.53488
1070.549039
1070.577589
1070.599469
1070.635254
1070.751542
1070.911505
1070.998267
1071.056027
1071.349035
1071.350353
1071.3565
1071.371475
1071.398434
1071.42461
1071.621239
1071.639577
1071.753642
1071.87713
1071.965838
1072.004312
1072.005385
1072.044824
1072.123491
1072.214983
1072.274878
1072.289894
1072.338856
1072.359855
1072.370601
1072.480162
1072.487265
1072.625131
1072.653607
1072.72882
1072.810073
1072.811422
1072.904623
1072.930887
1072.953216
1072.961063
1072.984595
1072.98772
1072.992625
1072.998922
1073.08816
1073.110034
1073.254166
1073.254679
1073.275857
1073.276196
1073.35343
1073.388164
1073.410061
1073.420827
1073.444869
1073.520354
1073.588725
1073.657012
1073.695159
1073.912533
1073.983594
1073.989039
1074.017477
1074.041977
1074.09111
1074.09662
1074.145547
1074.312512
1074.327587
1074.355322
1074.541978
1074.569084
1074.586494
1074.644074
1074.661502
1074.70071
1074.731015
1074.85225
1074.951051
1075.078741
1075.186688
1075.202753
1075.209697
1075.215382
1075.23431
1075.272329
1075.302721
1075.314325
1075.337908
1075.33975
1075.392265
1075.394548
1075.398165
1075.411086
1075.522482
1075.541463
1075.54582
1075.586778
1075.587407
1075.639966
1075.695194
1075.705975
1075.71533
1075.715997
1075.89266
1076.086974
1076.285929
1076.286147
1076.327891
1076.358314
1076.37038
1076.381678
1076.467646
1076.469104
1076.487241
1076.491991
1076.495413
1076.565937
1076.567915
1076.606221
1076.672461
1076.707069
1076.726859
1076.981072
1077.124742
1077.142141
1077.179521
1077.182434
1077.23497
1077.243326
1077.328123
1077.375277
1077.43609
1077.498829
1077.511144
1077.627856
1077.734813
1077.956
1078.01023
1078.054492
1078.074991
1078.120083
1078.151643
1078.17197
1078.274675
1078.405002
1078.418058
1078.436872
1078.443997
1078.481609
1078.510006
1078.552089
1078.563818
1078.582305
1078.66953
1078.672574
1078.712526
1078.748546
1078.826801
1078.86705
1078.877094
1078.890146
1078.904562
1078.911691
1078.923729
1079.080293
1079.092287
1079.097791
1079.18917
1079.208751
1079.266272
1079.279726
1079.537566
1079.554202
1079.606585
1079.617161
1079.696501
1079.733251
1079.741639
1079.864322
1079.939567
1080.01577
1080.039967
1080.042557
1080.083543
1080.121453
1080.21836
1080.476281
1080.507881
1080.508956
1080.642982
1080.699485
1080.793553
1080.853816
1080.867125
1080.867281
1080.87932
1081.018055
1081.043796
1081.061607
1081.081801
1081.138722
1081.143255
1081.149476
1081.16921
1081.18561
1081.218425
1081.323694
1081.328082
1081.465758
1081.562465
1081.589051
1081.594774
1081.599557
1081.645744
1081.65354
1081.6644
1081.755263
1081.757298
1081.768853
1081.857193
1082.074421
1082.151331
1082.243165
1082.317901
1082.387249
1082.421571
1082.45026
1082.535821
1082.827159
1082.8578
1082.995033
1083.037552
1083.059916
1083.214089
1083.21434
1083.356625
1083.371608
1083.381445
1083.402585
1083.47371
1083.507606
1083.523367
1083.617265
1083.665976
1083.795669
1083.817777
1083.845422
1083.912118
1083.929141
1083.989239
1084.028938
1084.127824
1084.130652
1084.147198
1084.181755
1084.299768
1084.301379
1084.303497
1084.303933
1084.306091
1084.637707
1084.826639
1084.839065
1084.919582
1084.927857
1084.936957
1084.947113
1084.983251
1085.009203
1085.091056
1085.11368
1085.261167
1085.28743
1085.330603
1085.434608
1085.523256
1085.542368
1085.549723
1085.645035
1085.648718
1085.754273
1085.824931
1085.852968
1085.92438
1085.926476
1086.093943
1086.209481
1086.285953
1086.287816
1086.517826
1086.535925
1086.649348
1086.744234
1087.001166
1087.013905
1087.023091
1087.063582
1087.105319
1087.139063
1087.145154
1087.280569
1087.30909
1087.313195
1087.479644
1087.501812
1087.684099
1087.706427
1087.793582
1087.945577
1088.043489
1088.121974
1088.129663
1088.328975
1088.380051
1088.441146
1088.487658
1088.513906
1088.572273
1088.631485
1088.645558
1088.717581
1088.725634
1088.774036
1088.866479
1088.902706
1088.951721
1088.966918
1089.064993
1089.065605
1089.118425
1089.332228
1089.355011
1089.357261
1089.357652
1089.400494
1089.43949
1089.553267
1089.574173
1089.615905
1089.748324
1089.797239
1089.818608
1090.012392
1090.033242
1090.054421
1090.099553
1090.139589
1090.190299
1090.307613
1090.387607
1090.484462
1090.584905
1090.605212
1090.61069
1090.822423
1090.881796
1090.986825
1090.997895
1091.076398
1091.091452
1091.098839
1091.152514
1091.167753
1091.235357
1091.340323
1091.366918
1091.493851
1091.510325
1091.600458
1091.72432
1091.733241
1091.911028
1091.938534
1091.95726
1091.9877
1092.004577
1092.08456
1092.10087
1092.173356
1092.223226
1092.25521
1092.302528
1092.401997
1092.541931
1092.544969
1092.573918
1092.625562
1092.765465
1092.775941
1092.794486
1092.799876
1092.853192
1092.874014
1092.953629
1092.959118
1092.995004
1093.034222
1093.089322
1093.105445
1093.149754
1093.154229
1093.221321
1093.245312
1093.292313
1093.313038
1093.400397
1093.455477
1093.650759
1093.732175
1093.816048
1093.818514
1094.023469
1094.064775
1094.166207
1094.202723
1094.213654
1094.242561
1094.26842
1094.305276
1094.36212
1094.547543
1094.60469
1094.661062
1095.208791
1095.262124
1095.293364
1095.294543
1095.317857
1095.387575
1095.411768
1095.536187
1095.582541
1095.666028
1095.909127
1096.00762
1096.12497
1096.150969
1096.35538
1096.412348
1096.440206
1096.55558
1096.722996
1096.839313
1096.997093
1097.000106
1097.001795
1097.017796
1097.267468
1097.354286
1097.355576
1097.375583
1097.415977
1097.533727
1097.546414
1097.569496
1097.639135
1097.715771
1097.771739
1097.941343
1097.969419
1097.982924
1098.000572
1098.017952
1098.474913
1098.559625
1098.562703
1098.57971
1098.656712
1098.677194
1098.752703
1098.85655
1098.904977
1099.095337
1099.182585
1099.200158
1099.253948
1099.288762
1099.308661
1099.436085
1099.44431
1099.542625
1099.546057
1099.590032
1099.647772
1099.71485
1099.841976
1099.911373
1099.991494
1100.023203
1100.025356
1100.063599
1100.083603
1100.159988
1100.361472
1100.440824
1100.450297
1100.453964
1100.544699
1100.613987
1100.666956
1100.832816
1101.075513
1101.109613
1101.135728
1101.222029
1101.261311
1101.315315
1101.338017
1101.343089
1101.370009
1101.406133
1101.554116
1101.584597
1101.650294
1101.688647
1101.865826
1101.903269
1102.147355
1102.1628
1102.180641
1102.197351
1102.197362
1102.252929
1102.278554
1102.323021
1102.487296
1102.621602
1102.740917
1102.77209
1102.844144
1102.960917
1103.098316
1103.109307
1103.13106
1103.165108
1103.17655
1103.27616
1103.686861
1103.781367
1103.810823
1103.838765
1103.876838
1103.941098
1103.944365
1103.956324
1104.048246
1104.288297
1104.317009
1104.324467
1104.354308
1104.363884
1104.438592
1104.507857
1104.697651
1104.832585
1104.838819
1104.861007
1104.899668
1105.149921
1105.427112
1105.519772
1105.602169
1105.651001
1105.762665
1105.779829
1105.789393
1105.795611
1105.902822
1105.914133
1105.920714
1105.958402
1105.986114
1106.149138
1106.229811
1106.241988
1106.24973
1106.398205
1106.46921
1106.571664
1106.585417
1106.70649
1106.813
1106.903461
1107.062862
1107.087176
1107.456225
1107.463089
1107.465253
1107.573249
1107.603279
1107.608664
1107.665408
1107.67681
1107.723703
1107.736994
1107.780682
1107.811074
1107.816663
1107.841551
1107.888201
1107.990994
1108.239251
1108.274198
1108.294736
1108.32763
1108.418048
1108.56583
1108.572095
1108.591215
1108.592442
1108.661807
1108.680248
1108.82544
1108.885746
1108.910973
1108.917651
1108.941072
1109.030698
1109.088118
1109.129401
1109.154806
1109.186258
1109.220847
1109.321075
1109.357183
1109.404088
1109.550014
1109.721518
1109.724568
1109.746639
1109.798482
1109.827021
1109.87139
1109.978192
1110.024909
1110.088398
1110.282617
1110.437145
1110.499364
1110.504809
1110.645895
1110.696227
1110.708332
1110.778663
1110.785545
1110.844933
1110.850794
1110.986589
1110.999349
1111.325377
1111.492015
1111.598789
1111.713673
1111.820815
1112.023434
1112.037374
1112.090569
1112.104074
1112.141394
1112.292659
1112.444262
1112.466656
1112.533064
1113.075379
1113.086561
1113.200825
1113.434911
1113.547898
1113.564473
1113.569879
1113.598752
1113.705822
1113.769448
1113.769596
1113.812852
1113.875568
1114.02879
1114.066529
1114.072458
1114.24761
1114.355504
1114.46153
1114.468082
1114.531218
1114.559436
1114.726804
1114.765802
1114.84904
1115.057912
1115.348583
1115.370408
1115.43795
1115.515555
1115.719365
1115.725959
1115.860855
1115.926417
1115.937934
1115.990651
1116.075826
1116.134941
1116.154818
1116.301444
1116.349328
1116.353188
1116.358638
1116.449606
1116.474784
1116.512399
1116.551875
1116.660078
1116.817713
1116.936589
1116.956273
1117.034748
1117.159493
1117.268552
1117.407638
1117.42573
1117.428006
1117.459819
1117.509794
1117.555477
1117.583166
1117.614702
1117.637068
1117.710598
1117.795481
1117.836929
1117.948483
1117.970602
1117.997578
1118.001724
1118.015563
1118.073791
1118.189964
1118.244295
1118.253641
1118.360072
1118.381001
1118.384016
1118.46486
1118.566702
1118.623014
1118.648695
1118.653089
1118.694853
1118.720705
1118.759382
1118.80632
1118.812835
1119.008971
1119.165901
1119.355129
1119.495151
1119.569919
1119.602622
1119.630704
1119.670903
1119.733237
1119.778099
1119.791372
1120.112303
1120.139881
1120.246985
1120.261338
1120.445849
1120.517388
1120.666481
1120.677231
1120.715867
1120.943455
1121.141729
1121.222742
1121.35272
1121.568582
1121.690629
1121.697067
1121.834834
1121.845497
1121.862445
1121.980011
1122.01337
1122.199301
1122.246092
1122.31566
1122.33507
1122.48479
1122.496115
1122.530513
1122.563629
1122.63547
1122.747377
1122.83231
1122.902408
1123.041564
1123.054679
1123.085711
1123.204287
1123.216845
1123.24073
1123.380781
1123.561453
1123.61824
1123.74402
1123.790277
1123.934929
1124.10804
1124.199825
1124.241176
1124.280278
1124.368117
1124.601855
1124.657958
1124.66817
1124.677365
1124.80056
1125.019605
1125.08765
1125.09848
1125.236639
1125.239119
1125.245161
1125.271652
1125.326696
1125.354064
1125.377233
1125.38379
1125.395831
1125.427669
1125.511647
1125.569584
1125.722417
1125.824808
1125.903665
1125.91445
1126.124815
1126.137231
1126.150551
1126.166056
1126.344025
1126.842793
1126.917241
1127.100649
1127.128663
1127.239018
1127.245993
1127.464607
1127.519637
1127.646823
1127.693789
1127.719087
1127.991801
1128.010647
1128.022764
1128.119589
1128.242172
1128.293598
1128.306231
1128.336788
1128.486697
1128.587227
1128.611464
1128.72415
1128.833117
1128.854232
1128.882775
1128.89662
1128.916678
1128.974712
1128.994112
1129.028147
1129.116391
1129.125539
1129.335949
1129.337664
1129.389711
1129.433625
1129.519625
1129.56054
1129.605928
1129.720764
1129.736076
1129.948078
1129.989179
1130.048703
1130.109683
1130.156783
1130.240193
1130.324646
1130.363753
1130.37865
1130.554319
1130.558705
1130.57433
1130.784848
1130.860047
1130.926841
1131.057759
1131.059523
1131.074472
1131.098819
1131.118095
1131.41413
1131.414917
1131.495953
1131.636699
1131.901097
1131.964608
1132.022931
1132.036121
1132.071192
1132.123936
1132.193311
1132.244121
1132.379805
1132.397786
1132.423198
1132.527137
1132.597279
1132.702234
1132.705283
1132.801515
1132.802721
1132.866063
1132.948129
1133.089905
1133.250518
1133.280207
1133.369257
1133.502863
1133.664827
1133.781496
1133.875022
1133.974031
1134.009958
1134.018575
1134.162108
1134.369124
1134.41977
1134.496481
1134.802884
1134.911148
1135.145637
1135.212342
1135.267222
1135.42626
1135.441909
1135.456284
1135.551963
1136.016567
1136.085096
1136.168298
1136.276299
1136.344579
1136.681742
1136.747653
1136.897715
1137.050992
1137.053224
1137.090883
1137.142266
1137.2255
1137.254071
1137.256719
1137.294267
1137.55412
1137.56451
1137.732183
1137.742697
1137.761172
1137.992241
1138.019469
1138.081311
1138.234742
1138.248253
1138.279849
1138.766783
1138.805765
1138.939442
1139.036332
1139.156131
1139.160793
1139.248006
1139.290058
1139.660899
1139.669019
1139.922794
1140.013144
1140.054319
1140.087078
1140.17949
1140.18859
1140.215982
1140.272196
1140.540898
1140.662761
1140.812976
1140.924786
1141.126604
1141.136536
1141.154281
1141.218604
1141.612502
1141.934514
1142.024898
1142.116109
1142.261832
1142.309984
1142.378917
1142.395267
1142.4032
1142.538916
1142.619495
1142.730098
1142.806262
1142.837253
1143.261581
1143.303571
1143.390708
1143.569364
1143.865933
1143.914712
1144.064961
1144.266359
1144.423391
1144.717211
1144.73463
1144.82637
1144.981596
1145.135819
1145.282788
1145.375828
1145.914466
1146.075841
1146.165612
1146.18291
1146.388251
1146.667726
1146.761791
1146.915987
1147.148051
1147.247125
1147.273495
1147.331229
1147.427885
1147.531434
1147.682197
1147.817136
1147.932761
1148.096031
1148.451954
1148.510432
1148.671344
1148.857706
1148.882338
1148.922889
1148.952271
1149.183511
1149.3534
1149.382725
1149.435961
1149.528418
1149.663314
1150.404645
1150.430419
1150.430894
1150.520864
1150.667321
1150.770905
1150.952849
1150.966806
1151.033195
1151.144109
1151.16496
1151.177207
1151.21684
1151.298633
1151.377035
1151.780959
1152.067942
1152.077294
1152.269808
1152.380096
1152.468859
1152.67459
1152.768295
1152.972168
1153.508574
1153.551466
1153.59189
1153.693015
1153.900637
1154.078756
1154.234493
1154.391113
1154.405308
1154.6624
1154.725568
1154.737167
1154.769513
1154.782289
1154.822521
1155.093814
1155.166696
1155.226921
1155.529483
1155.737485
1155.748056
1155.84426
1155.856405
1155.994694
1156.002531
1156.033912
1156.101255
1156.150427
1156.569373
1156.669757
1156.749981
1156.755313
1156.803996
1157.065939
1157.100771
1157.643926
1157.775376
1157.814633
1157.993538
1158.132025
1158.252935
1158.4416
1158.927533
1158.937964
1159.126926
1159.529014
1159.983501
1160.019512
1160.048096
1160.104054
1160.164882
1160.404952
1160.553966
1160.669848
1160.709717
1160.725559
1160.733448
1161.181437
1161.186258
1161.189613
1161.26771
1161.3308
1161.370141
1161.402981
1161.459455
1161.99605
1162.047574
1162.060824
1162.125116
1162.778446
1163.179827
1163.208863
1163.228742
1163.352328
1163.359967
1163.430052
1163.679708
1163.770036
1164.007339
1164.217714
1164.286455
1164.820513
1164.829541
1165.21799
1165.866819
1165.916851
1166.230446
1166.356235
1166.375468
1166.727111
1167.148017
1167.161771
1167.200862
1167.4776
1167.512508
1167.565403
1167.664063
1167.710011
1168.102055
1168.107651
1168.305259
1168.68353
1168.813257
1169.734727
1169.796748
1169.806661
1169.841173
1169.93574
1170.120028
1170.444222
1170.521668
1171.267522
1171.896178
1172.207122
1172.40222
1172.576228
1172.681086
1172.840026
1173.524571
1173.556843
1173.993872
1174.029269
1174.129189
1174.367423
1174.845276
1175.407644
1175.569115
1175.980361
1175.988441
1176.632362
1176.637837
1176.672315
1177.074732
1177.420964
1177.42941
1177.499574
1177.774582
1177.823419
1178.219752
1178.370451
1178.485154
1178.875505
1178.897885
1179.101411
1179.172205
1179.179927
1179.242298
1179.457296
1179.568717
1179.62882
1179.904398
1180.184891
1180.213587
1180.553702
1180.591243
1180.735845
1180.901648
1181.621596
1181.686084
1181.709371
1182.010828
1182.499496
1182.823843
1183.072875
1183.205637
1183.207084
1183.558369
1183.595721
1183.7952
1183.813394
1184.572689
1184.838315
1185.281962
1185.408384
1185.475088
1185.476055
1185.542142
1185.837471
1185.924994
1186.680284
1186.776023
1186.819752
1186.852718
1187.414027
1187.800486
1188.108796
1188.67276
1189.001177
1189.195484
1189.233234
1189.257262
1189.46674
1189.806944
1190.029271
1191.575258
1191.96355
1191.996902
1192.026
1192.166032
1192.499007
1192.836404
1192.920882
1193.258294
1193.735393
1194.598078
1195.651671
1195.821771
1195.833451
1196.287233
1197.015713
1197.172786
1197.182413
1197.82113
1198.403961
1198.516683
1198.60684
1198.728343
1199.528336
1199.63012
1199.78036
1199.794516
1200.30412
1200.463787
1201.690199
1201.734349
1202.373627
1202.570798
1203.458893
1204.218238
1204.550574
1205.115511
1205.804069
1206.212509
1206.81205
1207.372026
1207.890237
1209.263778
1209.268682
1209.818463
1210.508016
1210.656364
1211.370418
1212.707248
1213.024572
1213.909502
1214.50946
1214.990088
1217.925168
1218.189936
1218.49112
1218.992946
1219.31616
1219.78058
1220.621874
1220.771668
1222.142446
1222.455836
1222.665119
1224.127684
1225.57328
1226.406698
1227.169784
1227.642019
1227.979004
1228.629965
1229.479005
1229.723975
1230.635408
1231.088128
1231.623645
1231.888739
1232.148206
1232.291729
1232.901956
1234.662954
1235.469515
1235.689156
1236.282594
1236.796188
1237.146454
1237.202617
1237.6782
1239.430325
1240.014352
1241.406037
1243.85847
1243.952215
1244.911072
1245.257763
1245.384698
1247.152311
1248.170184
1248.440087
1248.757978
1250.192698
1250.280029
1251.283729
1251.449563
1251.457116
1251.738005
1251.921038
1252.66779
1252.693221
1254.958015
1255.972214
1258.175054
1258.826569
1260.356629
1262.440983
1262.54457
1264.80351
1265.276614
1265.86937
1266.67061
1268.545104
1268.69736
1269.007313
1271.03985
1271.095649
1272.572815
1273.674263
1274.0158
1274.505591
1275.024751
1275.793491
1276.170474
1276.737054
1277.118494
1277.80878
1278.264181
1278.303554
1278.638265
1279.796865
1280.479821
1285.659528
1287.144615
1288.04243
1288.43119
1289.178332
1290.744429
1292.022052
1298.034703
1299.185468
1301.326715
1305.138876
1305.860248
1305.96975
1311.674629
1315.360639
1317.81007
1320.075531
1320.838978
1324.106259
1326.511742
1334.982731
1339.308918
1344.711739
1360.994676
1381.701433
1390.015714
1397.082282
1399.966165
1403.409545
1403.769239
1449.606805
1474.4426
1480.995335
1554.770836
1693.716396
1708.792151
1748.375226
3008.632611
