140.384002
142.802386
149.829497
151.379946
154.559754
164.822962
165.712992
167.06645
169.838544
192.520248
192.9857
193.548711
194.590135
195.179095
195.917131
199.413658
199.680012
199.817027
203.70629
204.115575
204.449084
210.57787
212.671425
214.96972
215.530338
215.923094
216.570237
216.637271
217.677539
218.382039
219.491258
219.572094
220.165114
220.258719
220.916317
221.949205
224.104839
225.172723
225.53561
226.641633
228.297195
228.354267
228.577633
229.812399
230.627801
231.057
231.199773
231.7757
231.954181
232.345131
232.79378
232.898815
232.919559
233.420523
233.55719
233.572009
233.614928
234.044265
234.253227
234.936771
235.017609
235.336872
235.867447
235.977396
235.979887
236.019855
236.028399
236.193613
236.313552
236.692983
236.787328
236.972
237.046422
237.11732
237.170702
237.217108
237.338299
237.431186
237.542928
237.597547
237.85722
237.955868
237.995789
238.243258
238.590561
238.743533
239.414937
239.470789
239.676175
239.772848
240.622456
240.862726
241.059294
241.150075
241.382776
241.427227
241.458015
241.495201
241.560858
241.627171
241.753352
241.76583
241.833358
241.88825
241.929606
242.098345
242.423494
242.786966
242.800505
242.997633
243.017025
243.042929
243.245588
243.254661
243.259227
243.486262
243.492623
243.560946
243.726888
243.867561
243.943532
244.000878
244.180527
244.357603
244.398187
244.46455
244.518173
244.520541
244.738973
244.840021
245.440855
245.631083
245.644153
245.827791
245.954954
245.967015
246.411173
246.561607
246.741116
246.80278
246.808522
246.908379
247.031972
247.106845
247.11267
247.127694
247.147083
247.154694
247.159483
247.290443
247.315424
247.451933
247.467005
247.531094
247.640961
247.774012
247.792338
247.85786
247.911206
247.944468
248.079445
248.145928
248.168828
248.236529
248.333483
248.373487
248.377182
248.454025
248.470275
248.509753
248.533965
248.619998
248.767475
248.963969
249.006311
249.024426
249.093276
249.148865
249.296888
249.372102
249.388108
249.395347
249.448935
249.449872
249.509323
249.531774
249.537725
249.555505
249.573661
249.6184
249.622679
249.829863
249.887218
249.986185
250.020788
250.063469
250.163477
250.164582
250.181472
250.247715
250.257211
250.322894
250.383361
250.533453
250.655289
250.681911
250.689401
250.72257
250.741134
250.746952
250.767588
250.770946
251.093282
251.115577
251.144569
251.151373
251.173042
251.186145
251.194013
251.284899
251.298815
251.301055
251.309604
251.317312
251.340908
251.373009
251.375963
251.432743
251.46331
251.488014
251.490745
251.495635
251.531043
251.531541
251.586655
251.604513
251.632906
251.650507
251.711831
251.73758
251.76342
251.768082
251.801126
251.845542
251.900675
251.911451
251.93917
251.941852
251.950668
252.001483
252.028847
252.047645
252.088584
252.106322
252.130327
252.145742
252.147653
252.189171
252.294677
252.357573
252.394298
252.455327
252.476874
252.495799
252.496951
252.573723
252.592988
252.646197
252.669375
252.698417
252.715874
252.730032
252.750785
252.757988
252.760624
252.794055
252.840303
252.865322
252.917429
252.946116
252.952606
252.970077
252.985966
253.000505
253.049291
253.06115
253.063912
253.128973
253.153649
253.173638
253.185043
253.222486
253.243397
253.250557
253.259439
253.266062
253.275348
253.330706
253.386725
253.387805
253.40505
253.425938
253.46341
253.467082
253.514217
253.539094
253.559247
253.583648
253.584764
253.643026
253.645727
253.652053
253.662325
253.696764
253.75315
253.754632
253.784535
253.788232
253.803919
253.807925
253.903369
253.970875
254.007015
254.018743
254.063505
254.082124
254.148516
254.22465
254.241835
254.27298
254.273766
254.306268
254.31338
254.351402
254.393833
254.407052
254.416624
254.422856
254.429765
254.458991
254.465188
254.49229
254.513671
254.518594
254.581554
254.635365
254.636992
254.638269
254.670517
254.71385
254.73256
254.750737
254.764934
254.774559
254.792985
254.794889
254.826161
254.836061
254.87313
254.937246
254.957155
254.959448
254.966777
255.023371
255.028224
255.0306
255.040144
255.083137
255.084761
255.092353
255.155344
255.188968
255.190233
255.204813
255.211008
255.247088
255.256709
255.297871
255.331258
255.333564
255.336218
255.351356
255.36641
255.385367
255.423069
255.44262
255.481175
255.492889
255.533658
255.561968
255.588457
255.589693
255.593964
255.6971
255.702278
255.774455
255.789373
255.907558
255.926946
255.94583
255.947822
255.956613
255.95863
255.98632
255.990002
256.008958
256.015272
256.016051
256.04542
256.086171
256.091212
256.092192
256.097516
256.106446
256.185918
256.187186
256.229656
256.239501
256.269875
256.297666
256.381886
256.407521
256.44037
256.460495
256.486507
256.505909
256.560712
256.590271
256.600877
256.605117
256.610633
256.612611
256.625119
256.647997
256.659149
256.676075
256.711025
256.746229
256.750686
256.752798
256.753077
256.764438
256.769643
256.809064
256.809889
256.817857
256.840782
256.842128
256.850654
256.854572
256.9042
256.909224
256.913201
256.940498
256.960505
257.002954
257.005645
257.016242
257.047884
257.049749
257.051226
257.063578
257.070559
257.083722
257.09227
257.096512
257.105848
257.125711
257.150396
257.157671
257.160381
257.19627
257.213241
257.214974
257.225506
257.261029
257.279857
257.283967
257.3045
257.322153
257.35082
257.368457
257.415582
257.435154
257.439394
257.452851
257.453084
257.491832
257.498448
257.501652
257.51649
257.5229
257.533166
257.546474
257.572041
257.576987
257.580839
257.583271
257.589118
257.596746
257.599034
257.668507
257.671686
257.695638
257.699437
257.711682
257.743499
257.762516
257.766248
257.797754
257.802386
257.803584
257.823249
257.826681
257.831238
257.861086
257.876145
257.884387
257.907225
257.919517
258.038721
258.044577
258.085058
258.087484
258.100105
258.105902
258.133313
258.147812
258.161485
258.170815
258.173457
258.210843
258.210915
258.231129
258.240653
258.256523
258.2649
258.293517
258.296243
258.304892
258.310195
258.332726
258.336399
258.35464
258.362807
258.386764
258.393965
258.40551
258.447718
258.473059
258.477011
258.481976
258.482175
258.508411
258.51903
258.537544
258.555446
258.561541
258.573898
258.6097
258.611257
258.628676
258.631242
258.654641
258.657608
258.731723
258.732295
258.764739
258.772697
258.798777
258.82024
258.848908
258.850982
258.855883
258.896051
258.897989
258.958879
258.97848
258.994922
258.997524
258.998816
258.998926
259.001153
259.009143
259.009542
259.036035
259.06254
259.064289
259.070975
259.075181
259.076671
259.092679
259.101564
259.105006
259.119816
259.120764
259.144513
259.166703
259.168576
259.178117
259.185295
259.188775
259.207615
259.236505
259.247983
259.264235
259.274814
259.288228
259.28901
259.324844
259.326978
259.33865
259.361059
259.362102
259.389758
259.419603
259.422434
259.429811
259.458815
259.493076
259.494545
259.513747
259.531406
259.546856
259.547084
259.550717
259.566268
259.567222
259.594985
259.60139
259.650778
259.66244
259.669235
259.686653
259.693712
259.694466
259.702092
259.703868
259.708491
259.710663
259.714072
259.728446
259.73302
259.740132
259.741537
259.754227
259.761391
259.774214
259.792593
259.803672
259.810315
259.827178
259.835712
259.837161
259.840424
259.845939
259.869069
259.900303
259.929391
259.940601
259.945233
259.952085
259.955918
259.962212
259.97848
259.983752
259.994569
259.997427
260.001671
260.005282
260.035577
260.068208
260.071382
260.081648
260.153841
260.168714
260.178725
260.191195
260.198233
260.2153
260.218777
260.230955
260.237167
260.237407
260.249435
260.253119
260.25724
260.274724
260.290596
260.309562
260.311679
260.315649
260.324534
260.330854
260.350022
260.369674
260.378466
260.391653
260.41536
260.417046
260.418758
260.429315
260.433385
260.438956
260.439326
260.475841
260.483574
260.488464
260.493217
260.50484
260.521182
260.523925
260.578265
260.586458
260.59925
260.604139
260.607164
260.627701
260.641442
260.645204
260.64869
260.652265
260.660789
260.664238
260.688758
260.690905
260.704028
260.70912
260.709832
260.720859
260.744393
260.766097
260.779802
260.780167
260.802959
260.809114
260.8291
260.836086
260.843864
260.846655
260.887909
260.889663
260.894096
260.895012
260.89618
260.928199
260.939453
260.941853
260.948346
260.952356
260.960515
260.96483
260.967531
260.974094
260.995488
261.005098
261.019412
261.022888
261.030262
261.044101
261.060047
261.075516
261.083169
261.086329
261.097265
261.105384
261.105948
261.11207
261.119883
261.12882
261.13529
261.165448
261.17476
261.182883
261.218963
261.222145
261.233024
261.247557
261.253672
261.253893
261.256371
261.256585
261.26328
261.266553
261.267104
261.27728
261.277335
261.278802
261.284928
261.29368
261.315826
261.316634
261.322055
261.331608
261.337453
261.342645
261.34468
261.346329
261.357389
261.366398
261.375148
261.394247
261.397947
261.398354
261.404483
261.414695
261.415007
261.436616
261.459666
261.520109
261.524387
261.531758
261.536672
261.55326
261.564373
261.566829
261.569247
261.575461
261.577568
261.587649
261.607588
261.61026
261.627518
261.634271
261.635252
261.63535
261.649957
261.651654
261.691326
261.692997
261.702923
261.704143
261.747469
261.780058
261.805734
261.807523
261.831803
261.843348
261.85513
261.882703
261.901745
261.934741
261.937386
261.943116
261.947276
261.953087
261.955624
261.961884
262.001129
262.028135
262.03728
262.040424
262.05602
262.056558
262.063231
262.068305
262.078095
262.07823
262.083541
262.092676
262.093203
262.093593
262.134925
262.152782
262.166172
262.173282
262.174717
262.178947
262.186869
262.20019
262.202024
262.211169
262.211377
262.223084
262.22376
262.240454
262.247795
262.262671
262.266656
262.280952
262.289894
262.30964
262.312435
262.319693
262.326712
262.353264
262.37356
262.381069
262.384051
262.384176
262.385458
262.388048
262.388893
262.390019
262.446005
262.463868
262.466217
262.471195
262.471701
262.473324
262.47739
262.488828
262.490709
262.491308
262.491805
262.495911
262.499576
262.500528
262.505018
262.506708
262.508697
262.51603
262.538349
262.546297
262.555203
262.560603
262.562265
262.581188
262.582104
262.588989
262.589799
262.594326
262.596479
262.618622
262.660006
262.66356
262.664132
262.671184
262.681079
262.687351
262.68993
262.731589
262.737123
262.746697
262.757984
262.768522
262.77223
262.773979
262.781488
262.78889
262.795347
262.838633
262.842459
262.843753
262.859541
262.862578
262.866094
262.874098
262.874114
262.87585
262.879182
262.881113
262.913426
262.917476
262.932085
262.933093
262.936461
262.940535
262.955599
262.967601
262.975982
262.979749
262.983292
262.998206
263.004173
263.009573
263.035807
263.06387
263.072705
263.077594
263.080775
263.091263
263.117609
263.142961
263.146484
263.147773
263.152878
263.155372
263.164464
263.165069
263.176196
263.193157
263.220624
263.226579
263.234091
263.234366
263.236861
263.242093
263.242632
263.245537
263.248781
263.25643
263.274121
263.280472
263.287043
263.288554
263.291841
263.305078
263.307069
263.309496
263.310525
263.316484
263.316698
263.319092
263.322245
263.346299
263.350671
263.365322
263.365772
263.367604
263.372357
263.38496
263.38784
263.395301
263.395872
263.399358
263.407865
263.415243
263.421611
263.426225
263.427279
263.428311
263.428906
263.430426
263.439996
263.443332
263.444145
263.452296
263.453685
263.459974
263.460801
263.462123
263.465005
263.480406
263.481555
263.495036
263.5042
263.517348
263.521832
263.531325
263.536891
263.539048
263.54709
263.556164
263.563851
263.56703
263.570821
263.585365
263.591323
263.599918
263.600715
263.600752
263.614496
263.621937
263.632261
263.644597
263.645295
263.647451
263.648974
263.649874
263.652236
263.657042
263.661198
263.670573
263.675868
263.688378
263.688839
263.69245
263.693945
263.696409
263.7031
263.704153
263.721735
263.723596
263.739756
263.747841
263.750467
263.757698
263.758713
263.760357
263.776006
263.779132
263.788906
263.792583
263.804385
263.816317
263.826679
263.827592
263.85071
263.858455
263.860135
263.860899
263.864698
263.870745
263.877762
263.878083
263.880756
263.882858
263.884243
263.892537
263.894587
263.900017
263.903102
263.9034
263.905082
263.905414
263.909057
263.915878
263.917589
263.917976
263.91963
263.922682
263.92281
263.931881
263.948212
263.962342
263.975689
263.979276
263.985281
263.993895
264.00548
264.006196
264.009395
264.011566
264.029501
264.0352
264.037526
264.041885
264.04481
264.046214
264.051598
264.058427
264.062241
264.075068
264.077037
264.093476
264.098596
264.100609
264.103894
264.109931
264.123803
264.132043
264.145721
264.152727
264.162072
264.173599
264.174398
264.206825
264.207384
264.208207
264.219216
264.220235
264.241688
264.247575
264.249157
264.252464
264.25325
264.259987
264.260282
264.261709
264.261844
264.262986
264.267996
264.287818
264.299586
264.302032
264.303897
264.312329
264.31399
264.316663
264.316871
264.322443
264.322851
264.323382
264.329429
264.333226
264.334258
264.341231
264.349383
264.351242
264.364622
264.364995
264.374455
264.381443
264.383195
264.385992
264.386355
264.386826
264.387519
264.403745
264.404744
264.405383
264.409283
264.422497
264.441625
264.45079
264.451117
264.465169
264.472344
264.476016
264.477789
264.485052
264.486833
264.488607
264.492527
264.505217
264.506479
264.508067
264.51546
264.52959
264.530703
264.53159
264.536801
264.543478
264.54398
264.562392
264.575633
264.577744
264.577978
264.587539
264.587871
264.594387
264.602414
264.602678
264.607411
264.61358
264.627124
264.633585
264.655318
264.658446
264.673476
264.676045
264.687698
264.695226
264.701624
264.703308
264.711031
264.720833
264.734788
264.738801
264.741649
264.747435
264.761677
264.773207
264.779576
264.798697
264.81342
264.823804
264.829093
264.834659
264.853118
264.856686
264.862101
264.866461
264.868677
264.870038
264.870458
264.873435
264.877944
264.891698
264.903817
264.905867
264.908957
264.909967
264.932352
264.932458
264.936962
264.938564
264.947193
264.94968
264.952795
264.95957
264.963915
264.969189
264.970415
264.983345
264.983384
264.984339
264.993882
264.999319
265.014834
265.036298
265.040308
265.043098
265.044254
265.070483
265.09018
265.097026
265.097982
265.104991
265.114932
265.115075
265.127986
265.128309
265.1363
265.139061
265.147514
265.152082
265.166036
265.167866
265.169468
265.169841
265.174087
265.174533
265.183367
265.188908
265.199416
265.213631
265.214017
265.220375
265.225863
265.227145
265.229761
265.240127
265.257099
265.274975
265.275449
265.280591
265.282769
265.283908
265.286708
265.292017
265.294263
265.29561
265.297077
265.297857
265.310522
265.312309
265.31331
265.328917
265.330273
265.341301
265.346674
265.347277
265.356386
265.357495
265.360331
265.362249
265.370649
265.391595
265.392504
265.397365
265.415325
265.424516
265.433753
265.434336
265.434633
265.445401
265.459094
265.461876
265.462146
265.472434
265.48868
265.498381
265.499088
265.499465
265.500414
265.507029
265.507641
265.510967
265.516933
265.526203
265.531791
265.540292
265.542478
265.543426
265.557805
265.570768
265.57734
265.582386
265.585757
265.585767
265.586208
265.610248
265.614064
265.617342
265.62194
265.632025
265.640476
265.641212
265.642293
265.642934
265.64349
265.643535
265.644268
265.647142
265.656953
265.658491
265.65853
265.671327
265.674196
265.677839
265.678458
265.679436
265.68381
265.693905
265.694507
265.699582
265.703217
265.709922
265.709973
265.715353
265.718453
265.721983
265.72863
265.739716
265.743659
265.754998
265.766819
265.767405
265.798339
265.805966
265.814139
265.830565
265.836389
265.842831
265.846711
265.851199
265.853451
265.855392
265.875801
265.878547
265.884503
265.885268
265.899561
265.900326
265.904098
265.921159
265.921848
265.924068
265.926235
265.929042
265.930291
265.930669
265.935277
265.937538
265.9424
265.944882
265.945424
265.948783
265.951072
265.953901
265.957521
265.957826
265.95872
265.965057
265.968952
265.970519
265.974561
265.986866
265.988646
265.988904
265.988912
265.99184
265.993394
266.007622
266.01738
266.017556
266.032566
266.034402
266.035665
266.055125
266.057583
266.058228
266.064659
266.076424
266.083954
266.086822
266.093015
266.105331
266.10713
266.115999
266.119563
266.129487
266.133726
266.138187
266.145202
266.150553
266.166134
266.178755
266.179285
266.185413
266.198206
266.201697
266.210516
266.21321
266.215225
266.222589
266.223898
266.225969
266.230911
266.246523
266.270004
266.27367
266.274172
266.283168
266.294601
266.313087
266.316387
266.32113
266.327337
266.337441
266.337605
266.337678
266.339199
266.366015
266.387392
266.397751
266.397881
266.401631
266.421562
266.422215
266.427426
266.430005
266.430199
266.430437
266.430536
266.446767
266.468567
266.469408
266.470043
266.473835
266.477253
266.478044
266.480299
266.48053
266.485784
266.491816
266.496082
266.497069
266.49848
266.507874
266.53423
266.552767
266.55467
266.558398
266.570082
266.57582
266.579317
266.583061
266.590495
266.590941
266.594517
266.606361
266.607843
266.611089
266.615085
266.618069
266.627398
266.632731
266.638868
266.641497
266.642517
266.661936
266.68634
266.69081
266.693351
266.695305
266.69931
266.703705
266.712442
266.723505
266.725981
266.727109
266.729701
266.733223
266.735328
266.735719
266.736493
266.752132
266.757515
266.765947
266.766164
266.774078
266.774263
266.778513
266.782219
266.786734
266.794301
266.795803
266.798584
266.801746
266.80651
266.810579
266.812072
266.812481
266.813595
266.825961
266.83523
266.842172
266.845113
266.846042
266.851233
266.855018
266.864367
266.868648
266.874186
266.887472
266.888316
266.892762
266.895664
266.896708
266.899781
266.907941
266.910278
266.914788
266.915153
266.917083
266.919657
266.923786
266.928188
266.930262
266.936753
266.937896
266.947286
266.958731
266.962752
266.963315
266.968921
266.970472
266.971007
266.975119
266.981892
266.983964
266.989693
266.990053
267.004753
267.005801
267.010671
267.012829
267.012849
267.013343
267.016596
267.017535
267.026929
267.03087
267.043118
267.046743
267.050059
267.051248
267.056235
267.056459
267.072301
267.074301
267.079591
267.08162
267.090494
267.092112
267.0928
267.094984
267.095743
267.106583
267.110957
267.113079
267.116771
267.12227
267.132116
267.139592
267.140224
267.141244
267.142766
267.152873
267.189679
267.19581
267.198575
267.199403
267.199499
267.202082
267.203531
267.20385
267.221908
267.225184
267.234514
267.246034
267.266196
267.277332
267.278089
267.281413
267.282796
267.293224
267.297974
267.312327
267.317195
267.321601
267.322077
267.329234
267.337034
267.339139
267.343276
267.345613
267.349978
267.354675
267.358984
267.360842
267.376226
267.380397
267.382844
267.383983
267.386405
267.395196
267.405094
267.408245
267.409064
267.410436
267.415105
267.432604
267.446045
267.450298
267.456336
267.465071
267.473175
267.475876
267.482367
267.486639
267.4881
267.488801
267.490355
267.492657
267.494387
267.497546
267.513703
267.520966
267.535584
267.539564
267.549063
267.549425
267.550262
267.550844
267.555733
267.564064
267.570757
267.572461
267.582264
267.586029
267.602816
267.60625
267.621047
267.622751
267.623098
267.62621
267.629418
267.646311
267.648565
267.648728
267.649228
267.651328
267.652073
267.653781
267.663516
267.665082
267.66925
267.675929
267.67617
267.680267
267.688943
267.689339
267.689662
267.694888
267.701578
267.708071
267.711011
267.715951
267.720129
267.741538
267.76554
267.774229
267.7785
267.793183
267.797549
267.800372
267.816547
267.828493
267.832879
267.837361
267.839842
267.842486
267.848623
267.852214
267.863069
267.867741
267.87008
267.895345
267.895469
267.899379
267.90194
267.902068
267.909277
267.911585
267.921735
267.924921
267.928359
267.929138
267.935531
267.936376
267.942776
267.944999
267.954666
267.961306
267.970641
267.97129
267.98025
267.985839
267.988499
267.99312
267.993711
267.999171
268.000525
268.014209
268.034315
268.034364
268.037897
268.043857
268.051073
268.057743
268.063488
268.065665
268.067821
268.072292
268.07542
268.080184
268.082226
268.086185
268.086198
268.097275
268.104521
268.107533
268.107632
268.109337
268.109617
268.116149
268.131206
268.13767
268.138445
268.139506
268.139749
268.147109
268.14952
268.151597
268.15753
268.161107
268.172308
268.181379
268.181513
268.195549
268.197995
268.201781
268.211604
268.249868
268.254432
268.258746
268.259769
268.264567
268.274803
268.275379
268.285886
268.302367
268.307642
268.310603
268.313058
268.322434
268.334023
268.33514
268.347584
268.36317
268.370904
268.373132
268.37392
268.376887
268.381444
268.381575
268.383844
268.385885
268.387457
268.389314
268.389448
268.389994
268.392591
268.395918
268.407299
268.414494
268.415405
268.418864
268.425305
268.432099
268.434948
268.436283
268.440629
268.443156
268.462705
268.466407
268.467199
268.471672
268.471693
268.475968
268.478788
268.486441
268.48845
268.490503
268.502174
268.515204
268.517458
268.526891
268.530975
268.531172
268.536554
268.541819
268.546118
268.549069
268.549441
268.550097
268.551323
268.553281
268.560285
268.560658
268.561754
268.566554
268.576208
268.59587
268.596994
268.601834
268.604438
268.606169
268.612013
268.613461
268.619318
268.631541
268.633645
268.64032
268.645218
268.653903
268.658268
268.662185
268.669688
268.67238
268.683862
268.68849
268.692733
268.697364
268.705517
268.705945
268.707717
268.70836
268.714161
268.714344
268.716732
268.721055
268.726867
268.750234
268.758846
268.76015
268.768855
268.773308
268.781581
268.782234
268.789077
268.789802
268.793807
268.813429
268.821314
268.832046
268.840939
268.842011
268.854862
268.857245
268.860551
268.86187
268.871934
268.888455
268.905781
268.90714
268.913613
268.916586
268.920917
268.921857
268.923421
268.929058
268.93105
268.938955
268.941566
268.945631
268.950081
268.952615
268.961784
268.962161
268.962186
268.976948
268.978995
268.981626
268.987049
269.003598
269.007755
269.010459
269.011738
269.016949
269.01747
269.034075
269.041513
269.042866
269.048236
269.050127
269.055434
269.056786
269.059191
269.062165
269.062648
269.064949
269.071343
269.072531
269.072867
269.075313
269.075906
269.082583
269.08926
269.096918
269.104063
269.104156
269.105613
269.114916
269.128332
269.134549
269.144065
269.1459
269.1474
269.1542
269.155897
269.160872
269.169806
269.172833
269.173615
269.182623
269.188914
269.199754
269.207908
269.216387
269.220574
269.226742
269.22899
269.231356
269.253485
269.266996
269.27344
269.273705
269.274135
269.287129
269.288487
269.301826
269.302178
269.303757
269.306112
269.317165
269.32217
269.328351
269.336516
269.336576
269.336757
269.339382
269.349117
269.354201
269.356989
269.362491
269.365799
269.375203
269.375665
269.377045
269.382256
269.387089
269.387304
269.41273
269.414215
269.414908
269.415099
269.421139
269.424085
269.430011
269.434219
269.444097
269.44617
269.446854
269.454414
269.45505
269.464124
269.471277
269.47328
269.474626
269.475142
269.50174
269.513053
269.513896
269.520497
269.52164
269.533766
269.534141
269.538602
269.54089
269.563297
269.575439
269.578956
269.586739
269.589573
269.593178
269.593385
269.593786
269.597494
269.598316
269.598473
269.603109
269.606045
269.608665
269.62067
269.63785
269.63978
269.649952
269.656177
269.664704
269.670105
269.673269
269.67562
269.679831
269.682665
269.689869
269.702963
269.713426
269.726866
269.727049
269.728213
269.734497
269.735637
269.742766
269.750123
269.755422
269.757017
269.758119
269.758932
269.759059
269.762246
269.769145
269.77325
269.77396
269.793456
269.798283
269.810719
269.812622
269.819263
269.831317
269.837791
269.841764
269.843612
269.844777
269.862177
269.865918
269.874272
269.874336
269.875622
269.876721
269.88155
269.885159
269.890242
269.893184
269.894557
269.903122
269.911677
269.914291
269.921016
269.92209
269.922139
269.922319
269.924385
269.930742
269.931549
269.937617
269.941193
269.960042
269.966499
269.967507
269.9685
269.981512
269.987419
270.003172
270.007157
270.009049
270.011491
270.023299
270.026025
270.027775
270.030374
270.032541
270.033242
270.034763
270.044448
270.046898
270.069346
270.072662
270.080692
270.087086
270.088404
270.093619
270.103093
270.11244
270.119508
270.120826
270.130373
270.140217
270.141425
270.141529
270.149874
270.161412
270.18563
270.18871
270.190604
270.204329
270.208199
270.212507
270.222943
270.227434
270.230352
270.236049
270.23918
270.25247
270.256965
270.258016
270.258618
270.26089
270.264157
270.284499
270.286054
270.291077
270.301312
270.305358
270.307826
270.307871
270.314735
270.314766
270.319673
270.330212
270.335682
270.349327
270.356145
270.362908
270.364374
270.367913
270.368675
270.385987
270.392645
270.393534
270.397299
270.412157
270.4124
270.415186
270.415933
270.418189
270.439963
270.447873
270.454375
270.458625
270.458959
270.462479
270.463853
270.465654
270.466058
270.472596
270.479041
270.480696
270.480969
270.493647
270.504349
270.507898
270.51057
270.514803
270.516063
270.516412
270.519006
270.522731
270.522799
270.523766
270.527117
270.532472
270.533257
270.538354
270.538919
270.555528
270.557723
270.560178
270.574492
270.574889
270.582596
270.584352
270.586138
270.590739
270.591903
270.592136
270.597641
270.6024
270.602515
270.603617
270.605222
270.621489
270.631268
270.638808
270.644377
270.650157
270.650974
270.655712
270.657898
270.663063
270.663171
270.663659
270.670232
270.672856
270.674101
270.690568
270.71046
270.715012
270.715257
270.716638
270.717654
270.733903
270.736589
270.736619
270.74117
270.74582
270.747016
270.747521
270.751889
270.752109
270.755661
270.758074
270.759705
270.760314
270.76091
270.773844
270.775539
270.782455
270.783073
270.784507
270.788583
270.798507
270.817726
270.829336
270.833868
270.835007
270.836508
270.837827
270.855444
270.855729
270.859837
270.870157
270.886119
270.88656
270.887613
270.892477
270.893342
270.894172
270.896082
270.897637
270.91055
270.919484
270.922306
270.923704
270.933089
270.940793
270.942522
270.952793
270.954377
270.971758
270.97539
270.976819
270.980357
270.985147
270.986204
270.997007
270.998947
271.004817
271.01202
271.013868
271.018635
271.026004
271.026775
271.029482
271.029537
271.033739
271.034966
271.037263
271.040489
271.044105
271.047708
271.051467
271.051593
271.052218
271.052295
271.061805
271.062901
271.066254
271.067982
271.077588
271.085143
271.090927
271.096538
271.097716
271.116208
271.117418
271.123352
271.12426
271.136794
271.137201
271.14398
271.154985
271.159854
271.166059
271.166526
271.173294
271.181663
271.187159
271.188421
271.189308
271.190146
271.200787
271.205301
271.205483
271.211261
271.214512
271.21643
271.225488
271.226622
271.226623
271.230913
271.2348
271.236313
271.237545
271.243969
271.244801
271.245026
271.24823
271.249479
271.250508
271.252634
271.256665
271.261389
271.262577
271.263569
271.265112
271.267182
271.270208
271.272564
271.273148
271.27382
271.275658
271.283164
271.284218
271.294942
271.300963
271.304442
271.325823
271.326263
271.334894
271.335993
271.3366
271.338541
271.346707
271.353134
271.354885
271.356547
271.365283
271.368066
271.37662
271.377429
271.378409
271.380286
271.388411
271.389757
271.393838
271.400529
271.405573
271.413348
271.416342
271.417529
271.41805
271.422516
271.430735
271.43549
271.437127
271.443104
271.444673
271.448398
271.448928
271.463111
271.464991
271.465306
271.47121
271.476799
271.480516
271.4821
271.492071
271.493505
271.498586
271.503255
271.511152
271.515397
271.520395
271.524612
271.536873
271.540106
271.546757
271.548942
271.55066
271.560966
271.564602
271.570653
271.571853
271.57496
271.577689
271.57892
271.580419
271.584828
271.590563
271.596291
271.603063
271.603108
271.612739
271.613007
271.622971
271.624165
271.628994
271.641431
271.642805
271.647646
271.648768
271.649611
271.651774
271.653333
271.653772
271.655095
271.662975
271.66365
271.671898
271.678932
271.682712
271.689689
271.690955
271.693109
271.693608
271.706118
271.726109
271.72676
271.730373
271.733917
271.73478
271.735465
271.740707
271.74406
271.750739
271.751103
271.754885
271.763992
271.766743
271.767185
271.770785
271.778402
271.78534
271.785453
271.792366
271.79437
271.797848
271.800076
271.80194
271.80246
271.810033
271.837684
271.843685
271.8486
271.849704
271.867583
271.873527
271.878265
271.87867
271.884937
271.888176
271.88966
271.894836
271.89722
271.897497
271.899646
271.904245
271.914479
271.918594
271.918786
271.920956
271.922723
271.925682
271.930968
271.932546
271.936204
271.936389
271.939065
271.94651
271.951905
271.962783
271.965277
271.965741
271.967018
271.97282
271.974969
271.982864
271.986041
271.990531
271.991682
271.99413
272.00038
272.013948
272.016408
272.025404
272.032677
272.040162
272.041824
272.041828
272.044918
272.056193
272.06371
272.064268
272.070527
272.07788
272.078064
272.081673
272.083136
272.088727
272.090564
272.09143
272.098931
272.104042
272.115261
272.130167
272.131404
272.134011
272.140509
272.145525
272.152837
272.157069
272.178392
272.179546
272.18717
272.188634
272.192753
272.194753
272.204878
272.210927
272.214899
272.224255
272.227502
272.236758
272.246276
272.248505
272.250054
272.25052
272.250881
272.252279
272.262039
272.264194
272.277137
272.289758
272.294133
272.318232
272.320831
272.321297
272.321822
272.333806
272.343723
272.34574
272.362528
272.369034
272.372383
272.373085
272.373122
272.380803
272.38268
272.385289
272.385819
272.389859
272.409373
272.413023
272.425707
272.425811
272.427174
272.437333
272.442122
272.442223
272.448612
272.470323
272.473683
272.483252
272.485346
272.486278
272.490324
272.495759
272.499685
272.505527
272.510866
272.517628
272.517916
272.519768
272.521501
272.52267
272.525322
272.539237
272.545108
272.552415
272.559653
272.559741
272.560102
272.563028
272.567679
272.571687
272.576428
272.583378
272.585916
272.591288
272.591474
272.592659
272.593028
272.599497
272.615232
272.621341
272.628378
272.629505
272.635265
272.638131
272.641341
272.645623
272.665624
272.667551
272.668689
272.672913
272.67789
272.680277
272.682275
272.697107
272.697466
272.697731
272.698882
272.700057
272.700753
272.701894
272.709781
272.710112
272.718239
272.719889
272.73312
272.735102
272.736183
272.74083
272.751157
272.752777
272.79734
272.80712
272.809912
272.817158
272.834741
272.840781
272.843195
272.844172
272.844542
272.848558
272.850841
272.86691
272.868919
272.869563
272.884617
272.885048
272.88625
272.891051
272.893446
272.897711
272.898995
272.899035
272.899167
272.906915
272.912658
272.914757
272.91492
272.918188
272.919721
272.928029
272.929654
272.93817
272.940129
272.943235
272.943339
272.956919
272.963694
272.97223
272.975029
272.988132
272.990699
272.992867
273.005048
273.006763
273.018797
273.023128
273.037699
273.038388
273.050967
273.053525
273.05639
273.056934
273.060181
273.062668
273.073803
273.076505
273.077423
273.0804
273.080436
273.08879
273.098562
273.104397
273.104423
273.120068
273.125023
273.128805
273.150397
273.170653
273.174534
273.176205
273.179445
273.183908
273.185022
273.185051
273.197246
273.200023
273.207812
273.210884
273.215009
273.217123
273.220187
273.226844
273.230949
273.232755
273.240373
273.246727
273.250983
273.251554
273.254036
273.254899
273.256661
273.257388
273.260832
273.264307
273.264928
273.266746
273.267012
273.268914
273.269073
273.283681
273.28983
273.293927
273.301643
273.304202
273.307384
273.312258
273.313416
273.316145
273.326882
273.329931
273.336993
273.337722
273.343484
273.349871
273.358422
273.359633
273.361415
273.36247
273.36473
273.36765
273.368006
273.372536
273.387572
273.388966
273.39504
273.395535
273.400774
273.403668
273.405462
273.425351
273.431886
273.432145
273.438261
273.440536
273.44262
273.446279
273.451149
273.451617
273.455884
273.472685
273.486793
273.488319
273.488985
273.490057
273.493156
273.499915
273.512071
273.515404
273.520308
273.522611
273.526156
273.526406
273.544775
273.545405
273.551078
273.551388
273.563239
273.565112
273.570344
273.57834
273.587096
273.58811
273.59966
273.600187
273.606495
273.6159
273.62111
273.634056
273.641984
273.652627
273.660183
273.664236
273.665374
273.673661
273.677049
273.678616
273.681764
273.686958
273.695626
273.70677
273.706949
273.709037
273.711488
273.713287
273.718662
273.72182
273.733295
273.737648
273.73802
273.739993
273.744837
273.749184
273.753498
273.756452
273.756771
273.763147
273.76458
273.775333
273.777239
273.782218
273.789809
273.811689
273.816959
273.818379
273.826273
273.835696
273.840213
273.842644
273.85123
273.855539
273.858645
273.862126
273.865671
273.868842
273.868878
273.87134
273.877416
273.881973
273.888577
273.889091
273.894139
273.899987
273.904767
273.907762
273.919142
273.927461
273.929339
273.939015
273.941678
273.941959
273.942099
273.94747
273.954628
273.955114
273.957123
273.963884
273.966597
273.974564
273.97726
273.986326
273.99189
274.006093
274.007726
274.017543
274.02156
274.026043
274.026384
274.042344
274.052177
274.053728
274.055439
274.060774
274.063427
274.065637
274.078601
274.087527
274.08878
274.099033
274.102882
274.112075
274.119475
274.12696
274.127966
274.144801
274.149053
274.155583
274.155656
274.171021
274.195957
274.196479
274.213217
274.223757
274.227571
274.22829
274.232908
274.25187
274.257605
274.268474
274.271038
274.288028
274.289782
274.291151
274.295936
274.299785
274.301579
274.303486
274.314335
274.318788
274.330209
274.330351
274.342304
274.346459
274.347172
274.348774
274.361365
274.370492
274.3715
274.372817
274.37322
274.374789
274.379815
274.380872
274.381346
274.39952
274.401529
274.405794
274.413203
274.415272
274.416181
274.431299
274.43438
274.441457
274.446114
274.448184
274.45243
274.454374
274.454443
274.454847
274.456519
274.460147
274.46679
274.470348
274.477355
274.478797
274.479986
274.482633
274.484161
274.499195
274.502022
274.503879
274.505182
274.508853
274.509102
274.50943
274.511182
274.5225
274.532443
274.533529
274.533535
274.537044
274.540292
274.543062
274.548706
274.561874
274.57076
274.573051
274.574271
274.576909
274.583156
274.586369
274.587697
274.596832
274.614321
274.618981
274.63041
274.647757
274.658017
274.666193
274.668797
274.669061
274.671418
274.673887
274.680795
274.697701
274.699686
274.700242
274.706751
274.707717
274.709384
274.715457
274.733859
274.735504
274.735819
274.736314
274.736563
274.740482
274.75727
274.763991
274.769023
274.77349
274.774532
274.783434
274.789803
274.78996
274.794431
274.801127
274.808602
274.808997
274.812073
274.813021
274.818877
274.828029
274.833516
274.862805
274.868623
274.882127
274.882307
274.896115
274.904818
274.908359
274.92393
274.92551
274.945638
274.947367
274.948047
274.948226
274.951441
274.956786
274.957047
274.95892
274.959954
274.961475
274.970601
274.974062
274.974952
274.983376
274.985246
274.987511
274.990518
274.996356
275.003103
275.014896
275.015705
275.017736
275.037273
275.037549
275.056717
275.062523
275.064777
275.065153
275.072383
275.085983
275.090943
275.095788
275.096435
275.097885
275.098051
275.099669
275.101527
275.10203
275.108645
275.114515
275.121985
275.122528
275.125205
275.131051
275.14506
275.15098
275.158174
275.164672
275.166593
275.195323
275.203444
275.221194
275.223851
275.240669
275.248557
275.248792
275.253426
275.256358
275.259274
275.266946
275.267141
275.268438
275.270195
275.272686
275.273576
275.273734
275.275992
275.276913
275.280938
275.281896
275.293801
275.305444
275.306634
275.315097
275.319518
275.321058
275.323703
275.324528
275.336053
275.342029
275.34533
275.360919
275.372258
275.392309
275.39238
275.394935
275.3974
275.399649
275.431535
275.431851
275.439885
275.449829
275.46234
275.467426
275.475119
275.477478
275.477522
275.483068
275.489075
275.490845
275.497196
275.498336
275.503025
275.509516
275.510776
275.52485
275.528332
275.528524
275.535661
275.543723
275.547263
275.55761
275.55971
275.560612
275.562642
275.564556
275.564572
275.59248
275.593502
275.598184
275.599531
275.599827
275.608465
275.608753
275.610774
275.615985
275.623837
275.625867
275.630279
275.63098
275.634914
275.638361
275.64068
275.640702
275.652522
275.654768
275.662796
275.668556
275.676251
275.67831
275.678669
275.684193
275.70994
275.711808
275.716711
275.717189
275.747409
275.748287
275.752803
275.754676
275.764022
275.768914
275.7739
275.774862
275.779003
275.779176
275.781931
275.782638
275.787682
275.793282
275.799944
275.801157
275.808181
275.818488
275.824837
275.826673
275.829196
275.83068
275.831329
275.836791
275.839433
275.853078
275.861444
275.8645
275.865626
275.86663
275.872729
275.874187
275.875026
275.882328
275.906245
275.913008
275.939131
275.941037
275.942475
275.956798
275.990473
276.009444
276.034427
276.041641
276.048127
276.049971
276.050803
276.052758
276.057175
276.058524
276.06156
276.078907
276.080972
276.09084
276.106136
276.106311
276.110865
276.134773
276.14144
276.14252
276.146878
276.163419
276.164574
276.165108
276.187188
276.190847
276.195838
276.207845
276.208639
276.210157
276.21809
276.222867
276.233988
276.234002
276.236
276.238256
276.239103
276.244781
276.247583
276.248949
276.258722
276.264793
276.267631
276.284235
276.286986
276.293014
276.295828
276.303922
276.313452
276.33187
276.332242
276.333235
276.33474
276.340489
276.351379
276.351801
276.35962
276.368518
276.369404
276.377246
276.382244
276.384421
276.394901
276.396003
276.406422
276.413685
276.417716
276.420848
276.425687
276.431914
276.438522
276.459506
276.461327
276.464244
276.467695
276.468138
276.471477
276.475487
276.481513
276.483985
276.505288
276.509636
276.517785
276.521562
276.521906
276.526689
276.526804
276.541437
276.543194
276.544805
276.558808
276.56142
276.568028
276.576842
276.586969
276.59049
276.590578
276.596763
276.613499
276.613586
276.61909
276.622244
276.627939
276.632303
276.63365
276.638475
276.641567
276.650315
276.654035
276.655521
276.656587
276.666998
276.681044
276.681315
276.696712
276.71709
276.717566
276.717879
276.727203
276.728868
276.72944
276.731156
276.736287
276.749549
276.749743
276.756976
276.761659
276.771563
276.791826
276.802369
276.803954
276.82913
276.838166
276.844073
276.854021
276.863536
276.887924
276.891374
276.894942
276.896957
276.901337
276.905413
276.905811
276.910688
276.915939
276.92478
276.925464
276.932184
276.946843
276.948298
276.959066
276.961595
276.966273
276.980039
276.984399
276.988697
276.995341
277.001898
277.00636
277.00793
277.01989
277.020281
277.020419
277.024307
277.041299
277.043099
277.04588
277.048527
277.053572
277.056739
277.06927
277.076769
277.080824
277.082839
277.115136
277.11549
277.117959
277.121429
277.123518
277.123804
277.124206
277.126701
277.132633
277.145231
277.152766
277.154361
277.175106
277.180453
277.181136
277.185254
277.195727
277.196616
277.197783
277.203473
277.215438
277.21884
277.224393
277.24158
277.245598
277.245621
277.246469
277.247161
277.249807
277.251352
277.256245
277.256932
277.290384
277.29351
277.295253
277.295971
277.312865
277.316315
277.316892
277.318712
277.318868
277.332057
277.344171
277.34767
277.353432
277.375022
277.378252
277.381899
277.382335
277.38349
277.38381
277.38539
277.396724
277.402323
277.413187
277.415383
277.419121
277.4302
277.438141
277.441072
277.442993
277.443667
277.446519
277.451482
277.457654
277.459192
277.46824
277.469323
277.480398
277.481438
277.483703
277.483922
277.487103
277.488487
277.492646
277.497568
277.502584
277.512096
277.513019
277.523834
277.530376
277.530715
277.534133
277.539171
277.542934
277.549958
277.557247
277.559384
277.562533
277.574786
277.580582
277.585212
277.593811
277.603223
277.603619
277.606185
277.625706
277.637598
277.639228
277.641106
277.650864
277.652132
277.668234
277.680974
277.690338
277.697336
277.701359
277.704258
277.725874
277.732857
277.737765
277.750234
277.763118
277.764779
277.770124
277.770134
277.777566
277.795303
277.801132
277.826177
277.82853
277.835205
277.837388
277.843265
277.843388
277.849614
277.852099
277.856907
277.859951
277.86005
277.869062
277.869412
277.870384
277.899318
277.905533
277.928287
277.940233
277.948727
277.952673
277.95292
277.954904
277.955687
277.957306
277.95945
277.962312
277.968955
277.978943
278.009378
278.012557
278.023131
278.023753
278.026119
278.031171
278.038479
278.046292
278.051386
278.059967
278.068267
278.070913
278.073271
278.086481
278.150595
278.155985
278.165065
278.168589
278.177558
278.192006
278.200691
278.212271
278.215733
278.222205
278.223113
278.230836
278.23471
278.259592
278.262788
278.263993
278.281809
278.292842
278.292998
278.299223
278.299298
278.31675
278.322895
278.324171
278.332242
278.35013
278.35418
278.36782
278.389954
278.401289
278.408047
278.412219
278.414741
278.421334
278.421423
278.430149
278.442699
278.44769
278.473136
278.474212
278.474338
278.506102
278.507999
278.509346
278.509584
278.525483
278.529596
278.532599
278.539602
278.557678
278.565032
278.565248
278.571864
278.575307
278.580031
278.581243
278.58243
278.586958
278.597462
278.597696
278.599211
278.606008
278.613001
278.655612
278.662023
278.663602
278.670556
278.675216
278.687
278.688103
278.693958
278.704561
278.709664
278.711144
278.711156
278.716867
278.723355
278.738634
278.761902
278.792732
278.804147
278.809268
278.812612
278.827149
278.829961
278.830837
278.832016
278.832787
278.835239
278.835475
278.857284
278.869434
278.874081
278.884998
278.890488
278.896688
278.919435
278.927591
278.930218
278.93066
278.937908
278.93916
278.940136
278.949311
278.953834
278.964587
278.969727
278.978869
279.023503
279.025477
279.047295
279.058007
279.07814
279.080427
279.091331
279.091456
279.097904
279.10128
279.102256
279.104992
279.11398
279.130987
279.153445
279.164264
279.167478
279.180039
279.184204
279.190789
279.20126
279.206792
279.207551
279.214213
279.218342
279.226068
279.233562
279.233681
279.239341
279.240662
279.246217
279.252144
279.300289
279.302451
279.313609
279.316418
279.327593
279.328401
279.337394
279.342636
279.356422
279.379929
279.384601
279.386891
279.393173
279.396645
279.409953
279.414686
279.422689
279.443096
279.446022
279.456907
279.480081
279.491797
279.495877
279.500907
279.514439
279.518231
279.535214
279.541718
279.541878
279.55292
279.55428
279.564357
279.56876
279.570751
279.574735
279.58117
279.582446
279.595096
279.595338
279.596738
279.597242
279.599435
279.610417
279.620118
279.634858
279.649531
279.662261
279.674344
279.701323
279.706707
279.713063
279.715029
279.721939
279.722641
279.73363
279.743738
279.747187
279.752688
279.757196
279.759602
279.762832
279.765109
279.769194
279.776963
279.777929
279.782002
279.782527
279.784782
279.786145
279.788699
279.793252
279.796204
279.797396
279.799968
279.800054
279.800823
279.801219
279.810655
279.812142
279.823598
279.829432
279.834433
279.858719
279.858855
279.863505
279.866913
279.876313
279.88094
279.889821
279.901486
279.906033
279.911307
279.91541
279.919622
279.926116
279.937994
279.940531
279.94094
279.94341
279.954854
279.97833
279.983528
279.996682
280.007354
280.009113
280.015556
280.016608
280.018411
280.018501
280.027241
280.034349
280.037602
280.037916
280.044471
280.05739
280.070561
280.074887
280.092981
280.102146
280.116968
280.126841
280.136889
280.141213
280.145106
280.166435
280.166823
280.19018
280.204756
280.20868
280.212117
280.226336
280.228314
280.228819
280.237346
280.242108
280.243466
280.248238
280.261379
280.266327
280.268549
280.273347
280.289942
280.299385
280.299884
280.317523
280.323983
280.329339
280.332688
280.34065
280.345853
280.348277
280.349783
280.359937
280.365224
280.371481
280.371719
280.37757
280.407539
280.434521
280.441113
280.452553
280.456052
280.457532
280.465585
280.46979
280.475115
280.496877
280.497678
280.514617
280.522249
280.522605
280.527136
280.535236
280.547143
280.555786
280.559276
280.568491
280.594902
280.597279
280.598226
280.60214
280.603646
280.607527
280.614458
280.617425
280.63472
280.6413
280.658027
280.68445
280.697545
280.711847
280.720991
280.738291
280.740412
280.745575
280.747824
280.755224
280.756425
280.762494
280.764659
280.771934
280.773204
280.780909
280.782365
280.79081
280.793395
280.801448
280.825516
280.82943
280.830323
280.833159
280.838562
280.838608
280.838866
280.845042
280.849978
280.858139
280.8646
280.881605
280.888733
280.889727
280.893572
280.895131
280.913813
280.928841
280.942151
280.94229
280.947542
280.948658
280.951942
280.960365
280.961526
280.969525
280.976171
280.987095
280.993671
280.994614
280.994842
281.00717
281.007419
281.011968
281.012465
281.028462
281.031191
281.050287
281.061328
281.072329
281.07452
281.074908
281.075392
281.080957
281.080975
281.081573
281.111752
281.124048
281.12526
281.145923
281.149412
281.164098
281.166849
281.189328
281.191494
281.192083
281.222152
281.225799
281.23473
281.239071
281.242603
281.245659
281.2566
281.282429
281.289173
281.296193
281.30011
281.310102
281.311663
281.319754
281.325434
281.330502
281.332424
281.336902
281.339084
281.342093
281.353256
281.36009
281.360885
281.364977
281.36714
281.372822
281.373377
281.38148
281.41024
281.413095
281.415361
281.419008
281.421576
281.42366
281.44096
281.446843
281.451031
281.457464
281.458291
281.465129
281.467763
281.473701
281.483605
281.492145
281.515543
281.519634
281.53971
281.557225
281.562523
281.567881
281.568152
281.568721
281.600356
281.610025
281.623935
281.642795
281.653981
281.661355
281.665777
281.673898
281.681917
281.69389
281.705404
281.707214
281.70768
281.717807
281.720083
281.727954
281.731162
281.734237
281.742534
281.751035
281.753214
281.781488
281.782902
281.791837
281.795613
281.801284
281.803468
281.803893
281.809352
281.814542
281.833952
281.842942
281.883881
281.884052
281.895248
281.896094
281.899539
281.908589
281.910996
281.925517
281.929007
281.931206
281.949549
281.964796
281.968326
282.013371
282.02019
282.026255
282.029304
282.03387
282.036828
282.040058
282.040279
282.047175
282.050081
282.052255
282.077283
282.088691
282.095094
282.095551
282.102235
282.106063
282.12307
282.130866
282.131154
282.133043
282.13943
282.146702
282.146726
282.154285
282.155644
282.174582
282.17726
282.193416
282.194679
282.19498
282.200166
282.231607
282.234383
282.246597
282.247936
282.257449
282.263138
282.263786
282.271713
282.27919
282.301659
282.307718
282.318428
282.323044
282.332282
282.337219
282.364521
282.366912
282.367204
282.376685
282.379102
282.396566
282.407871
282.410566
282.411597
282.419315
282.426316
282.448322
282.460585
282.46827
282.483344
282.483458
282.504389
282.508658
282.517931
282.529828
282.534701
282.537474
282.541771
282.544424
282.555397
282.556583
282.561681
282.565536
282.567051
282.571252
282.599761
282.603211
282.606377
282.610429
282.628783
282.630692
282.644062
282.646981
282.653601
282.656427
282.663502
282.674737
282.679126
282.721667
282.723075
282.723512
282.724328
282.728598
282.730558
282.747788
282.773016
282.787941
282.802812
282.804324
282.823727
282.829766
282.840905
282.842142
282.842319
282.855989
282.861589
282.866647
282.874574
282.880691
282.891921
282.896052
282.897898
282.900019
282.900685
282.903332
282.914649
282.923409
282.925049
282.941805
282.944863
282.945499
282.958501
282.961056
282.962691
282.966962
282.967633
282.96864
282.973295
282.974725
282.983354
282.995804
283.002637
283.00388
283.005058
283.011938
283.014213
283.01724
283.022587
283.034025
283.043443
283.05005
283.054382
283.059063
283.060879
283.061475
283.085722
283.087142
283.09444
283.096432
283.105374
283.126541
283.136079
283.13733
283.139494
283.14207
283.146124
283.169355
283.178858
283.180625
283.189841
283.193958
283.210251
283.212661
283.214243
283.238886
283.240492
283.251921
283.258996
283.267474
283.276652
283.278124
283.281647
283.282187
283.294303
283.311951
283.314837
283.339124
283.355076
283.359826
283.361842
283.373969
283.387091
283.388934
283.389904
283.390448
283.391937
283.40097
283.407945
283.419687
283.443282
283.451502
283.465359
283.476295
283.477785
283.479667
283.489496
283.490645
283.491004
283.495647
283.495877
283.498666
283.502207
283.539617
283.546266
283.55907
283.562936
283.566244
283.56671
283.583206
283.588335
283.597289
283.608758
283.645274
283.645851
283.648358
283.648524
283.651561
283.658131
283.659753
283.671953
283.681983
283.692698
283.699233
283.701742
283.707245
283.726121
283.729413
283.730688
283.749696
283.754069
283.755824
283.756679
283.775544
283.778181
283.778885
283.782583
283.788613
283.793437
283.797963
283.799044
283.79969
283.803202
283.804502
283.807963
283.817566
283.820446
283.827474
283.8284
283.83919
283.853952
283.866809
283.876542
283.879066
283.885826
283.893475
283.898562
283.899151
283.901606
283.91422
283.917089
283.934926
283.936983
283.952017
283.965349
283.977332
283.996607
284.00121
284.003072
284.005996
284.015595
284.036521
284.038303
284.054558
284.059047
284.071086
284.080608
284.085167
284.087367
284.094769
284.105176
284.109488
284.126541
284.134055
284.135156
284.136261
284.137533
284.145586
284.151761
284.157813
284.158099
284.164342
284.182398
284.189038
284.198409
284.201991
284.20892
284.222491
284.238165
284.248184
284.249824
284.26537
284.266919
284.271731
284.282412
284.297575
284.310994
284.316558
284.317361
284.318627
284.335312
284.344908
284.364635
284.37204
284.381145
284.386106
284.392332
284.402595
284.404999
284.407679
284.409486
284.414644
284.417834
284.425571
284.441595
284.442609
284.446259
284.450799
284.474746
284.476959
284.484039
284.50281
284.518779
284.529056
284.538306
284.541046
284.54289
284.558273
284.570728
284.577726
284.580163
284.60774
284.62245
284.634704
284.637425
284.638123
284.643249
284.651633
284.652558
284.655271
284.657602
284.660327
284.661392
284.66162
284.663003
284.686927
284.694806
284.717321
284.739111
284.74495
284.753044
284.78214
284.78357
284.8133
284.821451
284.826528
284.82947
284.838311
284.841265
284.843392
284.859711
284.860089
284.872533
284.887408
284.896873
284.896917
284.9063
284.906996
284.909367
284.909921
284.912697
284.961011
284.976089
284.980107
284.980447
284.993128
285.01465
285.015228
285.015897
285.021509
285.029931
285.03926
285.04348
285.051712
285.068208
285.079321
285.090349
285.095705
285.107482
285.11143
285.113188
285.114339
285.114798
285.126483
285.13987
285.155659
285.181344
285.182606
285.182957
285.183285
285.184199
285.185318
285.198252
285.210527
285.219022
285.227563
285.250115
285.253276
285.254124
285.268295
285.271726
285.273208
285.284823
285.313229
285.321486
285.328897
285.332699
285.335212
285.363604
285.367356
285.373837
285.382685
285.389019
285.391727
285.405633
285.412549
285.434587
285.436488
285.449697
285.449801
285.46792
285.496325
285.496528
285.500678
285.508659
285.520462
285.522418
285.522796
285.530438
285.531614
285.536305
285.540473
285.54848
285.568941
285.577806
285.579558
285.589257
285.591213
285.59262
285.594725
285.598489
285.598841
285.599585
285.610732
285.616195
285.618553
285.619002
285.619047
285.630871
285.652921
285.652999
285.653603
285.671719
285.681328
285.692475
285.70053
285.701617
285.703735
285.722262
285.724625
285.756865
285.78759
285.802691
285.814197
285.835483
285.841625
285.844447
285.848884
285.84988
285.868031
285.879219
285.884341
285.885041
285.91538
285.920709
285.922669
285.923391
285.937815
285.941138
285.949843
285.952616
285.964505
285.971148
285.974414
285.974896
285.97805
285.978292
286.033279
286.047617
286.051168
286.0582
286.066992
286.068646
286.07069
286.071458
286.080489
286.095979
286.099571
286.12647
286.156374
286.16235
286.164671
286.182901
286.204763
286.211489
286.220837
286.234272
286.235334
286.238964
286.2533
286.258176
286.273001
286.283769
286.284277
286.287864
286.2968
286.304879
286.314704
286.315124
286.339421
286.340816
286.342137
286.366825
286.374711
286.377855
286.380963
286.396952
286.39762
286.424704
286.427253
286.436076
286.436381
286.446157
286.453101
286.45673
286.458565
286.462714
286.488891
286.489437
286.490906
286.497367
286.505865
286.509359
286.509524
286.523809
286.525165
286.539184
286.542021
286.568632
286.570756
286.57414
286.576316
286.576574
286.596043
286.597884
286.601851
286.604553
286.61478
286.628108
286.632408
286.637767
286.658692
286.67236
286.674976
286.679866
286.692205
286.69447
286.710146
286.710198
286.714014
286.714651
286.719145
286.732064
286.741997
286.744625
286.767036
286.778841
286.785441
286.791513
286.797953
286.810361
286.813057
286.814805
286.815375
286.819123
286.82775
286.834428
286.84047
286.840895
286.841922
286.851871
286.857405
286.864592
286.874575
286.876
286.881634
286.899556
286.89971
286.901658
286.920828
286.929847
286.938063
286.940957
286.941365
286.947596
286.956012
286.970209
286.973037
287.005124
287.01254
287.028177
287.029752
287.030171
287.051662
287.074711
287.079337
287.087528
287.09756
287.107782
287.110565
287.125603
287.138508
287.143219
287.150846
287.156283
287.157396
287.178868
287.190816
287.215977
287.23596
287.251586
287.256614
287.27067
287.278357
287.278691
287.282098
287.295725
287.30137
287.310859
287.32289
287.327216
287.328667
287.332899
287.348504
287.36412
287.371
287.387732
287.388483
287.402423
287.430603
287.433551
287.447194
287.451212
287.464413
287.47544
287.484734
287.485173
287.505088
287.505895
287.53439
287.536042
287.54702
287.550833
287.560607
287.564726
287.588083
287.600549
287.61886
287.630043
287.631577
287.655566
287.667343
287.677047
287.680743
287.685521
287.6961
287.699533
287.701711
287.701903
287.71961
287.735517
287.744724
287.749501
287.749523
287.760601
287.767414
287.775406
287.793219
287.811016
287.812894
287.821208
287.82269
287.829996
287.833101
287.841033
287.841404
287.852567
287.861183
287.862148
287.883412
287.886676
287.892643
287.894164
287.900065
287.909369
287.959175
287.969414
287.977602
287.983687
287.990171
288.008888
288.013228
288.050135
288.051364
288.088062
288.099019
288.09916
288.0992
288.111825
288.112821
288.162283
288.163169
288.164505
288.17549
288.176763
288.186536
288.191
288.206621
288.212143
288.219233
288.222134
288.228712
288.232035
288.232245
288.236355
288.236983
288.238077
288.253327
288.257865
288.259495
288.272225
288.274036
288.27683
288.27712
288.291784
288.295106
288.297615
288.306496
288.33125
288.350547
288.356701
288.376764
288.377075
288.4134
288.414932
288.434677
288.441346
288.449737
288.461496
288.468627
288.475035
288.504379
288.524588
288.540214
288.543003
288.548953
288.554995
288.570831
288.5725
288.586512
288.587916
288.587966
288.596765
288.60532
288.610656
288.611621
288.617282
288.618205
288.624772
288.663641
288.667916
288.684355
288.685042
288.692137
288.692188
288.707614
288.738016
288.754502
288.778663
288.781898
288.783353
288.795627
288.811477
288.813511
288.813769
288.817159
288.836509
288.84092
288.842841
288.845314
288.846688
288.851148
288.853152
288.858388
288.867871
288.867889
288.882017
288.898149
288.907587
288.920492
288.938129
288.93833
288.938621
288.93983
288.941278
288.9482
288.950414
288.97681
288.98202
288.982991
288.987919
289.064151
289.068312
289.078965
289.080836
289.093819
289.110826
289.117667
289.134723
289.134868
289.154881
289.17181
289.199321
289.202549
289.205236
289.207938
289.210863
289.217827
289.225459
289.229733
289.235208
289.23923
289.257607
289.296578
289.298609
289.298858
289.300047
289.302643
289.304541
289.322157
289.325847
289.327604
289.343949
289.358875
289.366429
289.383444
289.401675
289.42775
289.433079
289.433236
289.44297
289.446784
289.453272
289.460481
289.479997
289.481844
289.484492
289.508612
289.509663
289.51854
289.554246
289.562102
289.56895
289.577285
289.583731
289.603259
289.61706
289.618485
289.620365
289.628156
289.633682
289.65312
289.662827
289.664826
289.668996
289.677399
289.679939
289.681216
289.687651
289.688795
289.689566
289.695819
289.697502
289.706234
289.721602
289.724488
289.727252
289.751071
289.755041
289.758836
289.758988
289.783147
289.785339
289.810948
289.811299
289.811423
289.828984
289.846339
289.864894
289.870632
289.897086
289.908852
289.910811
289.919609
289.919991
289.932311
289.942508
289.94935
289.953666
289.957976
289.96859
289.971559
289.974155
289.986095
290.001381
290.031912
290.032622
290.045533
290.056562
290.056602
290.061954
290.070022
290.073948
290.085364
290.087163
290.101574
290.101641
290.107987
290.108552
290.119537
290.13323
290.152502
290.158863
290.160083
290.163631
290.165105
290.186946
290.19601
290.206918
290.220005
290.242082
290.245122
290.270715
290.272938
290.281671
290.288411
290.296917
290.30893
290.311079
290.313261
290.319116
290.340007
290.343068
290.361253
290.37036
290.392004
290.397054
290.400723
290.404194
290.420849
290.422065
290.445008
290.459267
290.462072
290.46728
290.467343
290.481939
290.526806
290.530655
290.53311
290.534124
290.58544
290.591225
290.614299
290.623733
290.623894
290.671438
290.681192
290.691097
290.701037
290.705312
290.711202
290.715117
290.750027
290.754555
290.755644
290.755763
290.757431
290.770008
290.787272
290.787933
290.799809
290.807012
290.819983
290.825944
290.826793
290.827921
290.829829
290.843681
290.844846
290.846219
290.851534
290.86999
290.873719
290.873765
290.877429
290.882357
290.885455
290.887381
290.890298
290.893697
290.897691
290.916103
290.926383
290.929764
290.96614
290.970102
290.97149
290.976947
290.977287
290.981404
290.982151
290.989791
290.991351
291.00565
291.015036
291.022252
291.050227
291.051792
291.070899
291.083386
291.088268
291.089499
291.093749
291.110295
291.130786
291.131934
291.133339
291.133806
291.145234
291.149519
291.180321
291.187432
291.187846
291.194487
291.203737
291.207052
291.216786
291.237612
291.241023
291.242249
291.285727
291.296037
291.311425
291.318323
291.340896
291.352788
291.38176
291.392894
291.395316
291.405164
291.423418
291.432954
291.452151
291.471572
291.479279
291.492295
291.504169
291.509409
291.529136
291.537445
291.549887
291.55806
291.561932
291.56605
291.572892
291.582307
291.589574
291.59223
291.613745
291.621638
291.62526
291.625304
291.627032
291.629539
291.645001
291.65078
291.665251
291.678891
291.715157
291.720711
291.724148
291.728061
291.737529
291.737911
291.754283
291.76334
291.78725
291.791964
291.812833
291.817011
291.839032
291.849035
291.878902
291.891168
291.891841
291.892444
291.898211
291.909631
291.917115
291.930258
291.950557
291.964571
291.975127
291.990373
292.031996
292.037749
292.040223
292.04545
292.047251
292.056241
292.06585
292.103941
292.133603
292.135776
292.156269
292.159468
292.170874
292.19299
292.22479
292.26788
292.28699
292.290868
292.314943
292.323791
292.346096
292.37941
292.388446
292.389455
292.407975
292.428302
292.445642
292.452017
292.473562
292.476556
292.504551
292.507415
292.51848
292.526979
292.555429
292.593332
292.605249
292.613908
292.637123
292.649743
292.656661
292.678662
292.683338
292.723874
292.729708
292.75697
292.763685
292.76818
292.769361
292.777684
292.830895
292.832387
292.839878
292.848516
292.86095
292.876482
292.878823
292.879448
292.888412
292.89952
292.912366
292.933742
292.937394
292.938293
292.951983
292.953806
292.971755
292.979622
293.074994
293.080764
293.097612
293.102147
293.103313
293.111652
293.115025
293.159366
293.176701
293.182416
293.193324
293.197237
293.200899
293.212496
293.228543
293.251689
293.256346
293.270174
293.336176
293.411548
293.444014
293.453088
293.466994
293.488053
293.506584
293.514868
293.528388
293.534066
293.539194
293.547747
293.559791
293.565306
293.570855
293.572991
293.580712
293.588544
293.600173
293.604752
293.64021
293.644504
293.648403
293.662911
293.674155
293.687616
293.69762
293.702752
293.707079
293.713285
293.714373
293.724959
293.737143
293.750465
293.780834
293.833597
293.844243
293.844302
293.858839
293.863649
293.874654
293.908527
293.933397
293.939971
293.943999
293.97365
294.037731
294.052737
294.09122
294.099461
294.170992
294.172099
294.192457
294.192606
294.222862
294.232121
294.269518
294.304861
294.318895
294.335574
294.352273
294.357483
294.368413
294.394608
294.418103
294.431841
294.438753
294.488025
294.501905
294.520274
294.568155
294.574651
294.583663
294.607175
294.622679
294.649157
294.659883
294.672437
294.687102
294.701598
294.729347
294.74622
294.777186
294.779657
294.7932
294.801855
294.808154
294.856757
294.882308
294.923356
294.935035
294.948072
294.977078
294.982946
294.986627
294.999026
295.009456
295.010576
295.013041
295.031785
295.033475
295.051205
295.063336
295.074907
295.129534
295.149554
295.156886
295.170097
295.181942
295.182363
295.187795
295.224861
295.248365
295.249015
295.252526
295.262401
295.264363
295.277384
295.299944
295.302098
295.306005
295.31246
295.321365
295.329835
295.342387
295.354263
295.379041
295.386436
295.424822
295.428027
295.438077
295.482503
295.511702
295.565163
295.604497
295.615215
295.616412
295.653797
295.664465
295.703841
295.710748
295.742036
295.749628
295.757373
295.763113
295.791869
295.799919
295.803229
295.855139
295.8648
295.869174
295.882762
295.885373
295.892696
295.899842
295.93237
295.941566
295.948011
295.958598
295.989386
296.052584
296.060945
296.074631
296.084579
296.103409
296.128398
296.137603
296.149112
296.158039
296.210961
296.222519
296.289078
296.30822
296.321307
296.324893
296.329876
296.33205
296.333086
296.333178
296.362383
296.383207
296.390193
296.432757
296.490336
296.51113
296.565354
296.591393
296.625538
296.670255
296.749182
296.757693
296.767226
296.777993
296.788871
296.79854
296.863712
296.879329
296.883716
296.915487
296.942673
296.967385
297.003478
297.012897
297.038258
297.054721
297.104462
297.130068
297.135369
297.169163
297.221564
297.240176
297.248464
297.275429
297.281569
297.299281
297.300107
297.304751
297.308481
297.363752
297.377003
297.429362
297.459059
297.477588
297.509998
297.516171
297.544297
297.546665
297.5705
297.598558
297.614856
297.623284
297.659874
297.665645
297.66822
297.702281
297.737261
297.743062
297.757326
297.764573
297.792873
297.820743
297.851682
297.858083
297.873165
297.886176
297.921616
297.938123
297.949514
297.958956
297.971854
297.998859
298.012058
298.032664
298.04556
298.063114
298.094654
298.123928
298.176331
298.17841
298.194802
298.229037
298.26265
298.284716
298.323199
298.340148
298.350755
298.374844
298.38729
298.437223
298.444692
298.454566
298.461072
298.50443
298.535841
298.536647
298.538551
298.568468
298.575311
298.595722
298.612606
298.624787
298.63046
298.634908
298.636013
298.651454
298.670459
298.674928
298.717487
298.745058
298.777801
298.790768
298.803976
298.852489
298.857259
298.904643
298.930206
298.939427
298.989859
299.033045
299.055477
299.061257
299.067871
299.09867
299.120625
299.166161
299.195093
299.195817
299.196716
299.197764
299.219536
299.231974
299.244575
299.249887
299.258341
299.267819
299.294488
299.343022
299.350519
299.363542
299.367454
299.390143
299.395089
299.424076
299.461955
299.49926
299.509936
299.537967
299.582111
299.610415
299.614376
299.625159
299.668753
299.672175
299.686236
299.726272
299.738176
299.759545
299.769953
299.774631
299.795674
299.833389
299.915922
299.9251
299.953821
299.955496
299.961071
299.975793
299.98801
300.012609
300.02578
300.04131
300.047485
300.076361
300.092094
300.147007
300.156805
300.157989
300.170412
300.170708
300.171596
300.205029
300.218685
300.221394
300.25802
300.263132
300.295922
300.31442
300.359648
300.365276
300.374376
300.461195
300.544085
300.559986
300.564354
300.59547
300.632768
300.637868
300.67961
300.685037
300.694494
300.708081
300.719026
300.74568
300.776053
300.791037
300.810526
300.817587
300.876668
300.883477
300.88812
300.901751
300.911373
301.001409
301.030847
301.045891
301.097379
301.113582
301.144185
301.191853
301.193206
301.201644
301.203257
301.217296
301.223603
301.231039
301.245707
301.265938
301.271331
301.272378
301.309521
301.368049
301.37478
301.382181
301.409533
301.420655
301.442448
301.454321
301.45583
301.460765
301.497455
301.505238
301.518
301.528893
301.556831
301.567484
301.606553
301.695587
301.707003
301.709257
301.849519
301.89012
301.918754
302.064044
302.082961
302.097152
302.101616
302.157772
302.226575
302.346949
302.403963
302.470281
302.49502
302.551569
302.563378
302.625419
302.702564
302.762612
302.797244
302.803582
302.863812
302.881441
302.897055
302.910812
302.943062
302.954638
302.980987
303.000091
303.074799
303.110287
303.127795
303.146846
303.30147
303.402682
303.426652
303.466646
303.48378
303.504617
303.507381
303.522073
303.552061
303.568774
303.642447
303.658919
303.673219
303.797223
303.841746
303.916278
303.94858
304.000371
304.04453
304.089296
304.180526
304.230866
304.250639
304.28141
304.291145
304.381178
304.444276
304.482461
304.497667
304.546681
304.578837
304.62552
304.710143
304.728915
304.755522
304.76284
304.778531
304.850463
304.857107
304.884145
304.885487
304.885681
304.932711
305.157816
305.177277
305.206909
305.21518
305.220065
305.325139
305.368734
305.371494
305.447356
305.489661
305.496568
305.543748
305.568433
305.736408
305.906088
305.934388
305.970938
305.971371
306.100702
306.101713
306.103599
306.149165
306.228189
306.254622
306.256777
306.26493
306.325677
306.334218
306.38076
306.384708
306.389481
306.391667
306.443982
306.475013
306.553812
306.6157
306.628473
306.697674
306.714009
306.812659
306.89285
306.922786
307.019744
307.031363
307.094054
307.166044
307.324312
307.325396
307.356199
307.46904
307.487783
307.746915
307.76339
308.116783
308.186397
308.214099
308.229264
308.359808
308.364686
308.486183
308.496935
308.503959
308.514351
308.562092
308.572783
308.583101
308.673839
308.749538
308.764689
308.97947
309.124266
309.130549
309.143896
309.179258
309.231345
309.398342
309.432498
309.619612
309.712712
309.77502
309.818945
310.037021
310.216285
310.259271
310.30866
310.855351
311.037626
311.18803
311.256849
311.314743
311.690873
311.876651
311.915235
312.001942
312.300551
312.440121
312.462361
312.480429
312.630607
312.652793
312.700417
312.792117
312.867473
312.929327
313.03339
313.083393
313.1014
313.163748
313.174433
313.180376
313.243185
313.360013
313.692771
313.831797
314.140916
314.173074
314.26676
314.500371
314.706435
314.806127
314.825035
314.946092
315.029511
315.078445
315.220604
315.320733
315.352721
315.722525
315.928277
316.015589
316.109101
316.131101
316.357388
316.398804
316.477622
316.659303
316.817717
317.075659
317.130752
317.375511
317.735262
317.802037
317.809956
317.853829
318.577492
318.599329
318.680407
318.733015
318.853982
318.916822
319.134479
319.297357
319.44532
319.682063
319.761292
319.813079
319.904305
320.008451
320.555944
320.720935
321.156654
321.311581
321.409336
321.448867
321.739601
321.815442
321.853853
322.276448
322.72785
323.126942
323.157483
323.258532
323.458068
324.571648
325.345676
325.554089
325.888378
326.222622
326.468707
328.72582
328.870147
329.726782
329.911305
330.209454
330.784156
331.61327
331.619867
331.740704
332.581778
333.2065
334.547586
334.67288
336.192738
337.264262
337.76504
337.853795
338.269838
338.577658
339.153581
339.816542
339.90518
341.983164
344.233795
344.730398
346.205539
348.760739
349.515479
349.531527
349.939218
350.953973
351.664955
352.159068
353.771605
353.924901
355.215837
360.877732
361.464397
364.035321
364.457532
366.029657
367.711744
368.26339
370.254254
371.775394
371.963946
373.279163
375.363903
376.546259
376.593028
376.978255
384.191732
384.812942
385.511822
386.467503
388.473549
390.97584
392.584838
417.425435
418.968485
422.448983
424.37448
427.290419
436.61941
439.157298
440.229988
440.355323
443.273241
445.286787
471.365569
471.606792
503.18621
509.100428
513.022565
514.285645
528.046083
533.549264
533.744844
534.468585
557.864156
578.829299
585.391149
586.602709
604.841607
609.758599
613.692912
623.013337
688.289452
689.372576
697.073254
700.937881
762.638603
785.592426
829.169693
863.993657
890.221339
967.25176
1042.455097
1060.057267
1207.088033
1227.24879
1258.89464
1270.114449
1520.840296
