142.802386
149.829497
154.559754
192.520248
192.9857
193.548711
194.590135
195.179095
195.917131
199.413658
199.680012
199.817027
203.70629
204.115575
204.449084
210.57787
216.570237
217.677539
218.382039
220.258719
221.949205
231.057
231.7757
231.954181
232.345131
232.898815
232.919559
233.420523
233.55719
233.572009
234.044265
234.253227
234.936771
235.017609
235.336872
235.867447
235.977396
235.979887
236.019855
236.028399
236.193613
236.313552
236.692983
236.787328
236.972
237.046422
237.11732
237.170702
237.217108
237.338299
237.597547
237.85722
237.995789
238.243258
238.590561
238.743533
239.470789
239.676175
239.772848
240.622456
240.862726
241.059294
241.150075
241.382776
241.427227
241.495201
241.560858
241.627171
241.76583
241.833358
241.88825
241.929606
242.098345
242.786966
242.800505
242.997633
243.017025
243.245588
243.254661
243.259227
243.486262
243.560946
243.867561
243.943532
244.000878
244.180527
244.357603
244.398187
244.46455
244.518173
244.520541
244.738973
244.840021
245.440855
245.644153
245.827791
245.954954
246.561607
246.741116
246.80278
246.808522
246.908379
247.031972
247.106845
247.11267
247.127694
247.147083
247.154694
247.159483
247.290443
247.315424
247.451933
247.467005
247.531094
247.640961
247.792338
247.85786
247.944468
248.079445
248.145928
248.168828
248.236529
248.333483
248.373487
248.377182
248.454025
248.470275
248.509753
248.533965
248.619998
248.767475
248.963969
249.006311
249.024426
249.093276
249.148865
249.296888
249.372102
249.388108
249.395347
249.448935
249.449872
249.509323
249.531774
249.537725
249.555505
249.573661
249.6184
249.622679
249.829863
249.887218
249.986185
250.020788
250.063469
250.163477
250.164582
250.181472
250.247715
250.322894
250.383361
250.533453
250.655289
250.681911
250.689401
250.72257
250.741134
250.746952
250.767588
250.770946
251.093282
251.115577
251.144569
251.151373
251.173042
251.186145
251.194013
251.284899
251.298815
251.301055
251.317312
251.340908
251.373009
251.432743
251.46331
251.488014
251.490745
251.495635
251.531541
251.586655
251.604513
251.632906
251.650507
251.711831
251.73758
251.76342
251.768082
251.801126
251.845542
251.900675
251.911451
251.93917
251.941852
251.950668
252.001483
252.028847
252.047645
252.088584
252.106322
252.130327
252.145742
252.147653
252.189171
252.294677
252.357573
252.394298
252.455327
252.476874
252.495799
252.496951
252.573723
252.592988
252.646197
252.669375
252.698417
252.715874
252.730032
252.750785
252.757988
252.760624
252.794055
252.840303
252.917429
252.946116
252.952606
252.970077
252.985966
253.000505
253.049291
253.06115
253.063912
253.128973
253.153649
253.173638
253.185043
253.222486
253.243397
253.250557
253.259439
253.266062
253.275348
253.330706
253.386725
253.387805
253.40505
253.425938
253.46341
253.467082
253.514217
253.539094
253.559247
253.583648
253.584764
253.643026
253.645727
253.652053
253.662325
253.696764
253.75315
253.754632
253.784535
253.788232
253.803919
253.807925
253.903369
253.970875
254.007015
254.018743
254.063505
254.082124
254.148516
254.22465
254.241835
254.27298
254.273766
254.306268
254.31338
254.351402
254.393833
254.407052
254.416624
254.422856
254.429765
254.458991
254.465188
254.49229
254.513671
254.518594
254.581554
254.635365
254.636992
254.638269
254.670517
254.71385
254.73256
254.750737
254.764934
254.774559
254.794889
254.826161
254.836061
254.87313
254.937246
254.957155
254.959448
254.966777
255.023371
255.028224
255.040144
255.083137
255.084761
255.092353
255.155344
255.188968
255.190233
255.204813
255.211008
255.247088
255.256709
255.297871
255.331258
255.333564
255.336218
255.351356
255.36641
255.385367
255.423069
255.44262
255.481175
255.492889
255.533658
255.561968
255.588457
255.589693
255.593964
255.702278
255.774455
255.789373
255.907558
255.926946
255.94583
255.947822
255.956613
255.95863
255.98632
255.990002
256.008958
256.015272
256.016051
256.04542
256.086171
256.091212
256.092192
256.097516
256.106446
256.185918
256.187186
256.229656
256.239501
256.297666
256.381886
256.407521
256.44037
256.486507
256.505909
256.560712
256.590271
256.600877
256.605117
256.610633
256.612611
256.625119
256.647997
256.659149
256.676075
256.711025
256.746229
256.750686
256.752798
256.753077
256.764438
256.769643
256.809064
256.809889
256.817857
256.840782
256.842128
256.850654
256.854572
256.9042
256.909224
256.913201
256.940498
256.960505
257.002954
257.005645
257.016242
257.047884
257.049749
257.051226
257.063578
257.070559
257.083722
257.096512
257.105848
257.125711
257.150396
257.157671
257.160381
257.19627
257.213241
257.214974
257.225506
257.261029
257.279857
257.283967
257.3045
257.322153
257.35082
257.368457
257.415582
257.435154
257.439394
257.452851
257.453084
257.501652
257.51649
257.5229
257.533166
257.546474
257.572041
257.576987
257.580839
257.583271
257.589118
257.596746
257.599034
257.668507
257.671686
257.695638
257.699437
257.711682
257.766248
257.797754
257.823249
257.826681
257.831238
257.876145
257.919517
258.038721
258.044577
258.085058
258.087484
258.105902
258.133313
258.147812
258.161485
258.170815
258.173457
258.210843
258.210915
258.231129
258.240653
258.256523
258.2649
258.293517
258.296243
258.304892
258.310195
258.332726
258.336399
258.35464
258.362807
258.386764
258.40551
258.447718
258.473059
258.477011
258.481976
258.482175
258.51903
258.537544
258.555446
258.561541
258.6097
258.611257
258.628676
258.631242
258.731723
258.732295
258.764739
258.772697
258.82024
258.848908
258.850982
258.855883
258.896051
258.897989
258.958879
258.994922
258.997524
258.998816
258.998926
259.001153
259.009143
259.009542
259.036035
259.06254
259.064289
259.070975
259.075181
259.076671
259.101564
259.105006
259.166703
259.168576
259.178117
259.185295
259.188775
259.236505
259.247983
259.264235
259.274814
259.324844
259.33865
259.361059
259.362102
259.389758
259.419603
259.422434
259.429811
259.493076
259.494545
259.513747
259.531406
259.547084
259.550717
259.566268
259.567222
259.594985
259.60139
259.650778
259.66244
259.669235
259.686653
259.693712
259.694466
259.702092
259.703868
259.708491
259.710663
259.714072
259.728446
259.73302
259.741537
259.754227
259.761391
259.774214
259.792593
259.810315
259.827178
259.835712
259.840424
259.845939
259.869069
259.900303
259.929391
259.940601
259.945233
259.952085
259.955918
259.962212
259.983752
259.994569
260.005282
260.071382
260.081648
260.153841
260.168714
260.178725
260.191195
260.2153
260.218777
260.230955
260.237167
260.237407
260.253119
260.25724
260.274724
260.290596
260.309562
260.311679
260.315649
260.330854
260.350022
260.378466
260.391653
260.417046
260.433385
260.438956
260.439326
260.475841
260.483574
260.488464
260.493217
260.50484
260.578265
260.586458
260.59925
260.604139
260.607164
260.627701
260.641442
260.645204
260.64869
260.688758
260.690905
260.704028
260.70912
260.709832
260.720859
260.744393
260.779802
260.780167
260.802959
260.809114
260.836086
260.843864
260.846655
260.887909
260.889663
260.894096
260.895012
260.89618
260.928199
260.948346
260.952356
260.960515
260.96483
260.967531
260.974094
260.995488
261.005098
261.019412
261.022888
261.030262
261.044101
261.060047
261.075516
261.083169
261.086329
261.097265
261.105384
261.105948
261.11207
261.119883
261.165448
261.182883
261.218963
261.222145
261.233024
261.247557
261.253672
261.256371
261.256585
261.26328
261.266553
261.267104
261.27728
261.277335
261.278802
261.284928
261.29368
261.316634
261.322055
261.331608
261.337453
261.34468
261.357389
261.366398
261.375148
261.398354
261.414695
261.415007
261.436616
261.459666
261.524387
261.531758
261.536672
261.564373
261.566829
261.575461
261.577568
261.587649
261.627518
261.634271
261.635252
261.63535
261.649957
261.651654
261.691326
261.692997
261.702923
261.747469
261.780058
261.805734
261.807523
261.831803
261.843348
261.85513
261.882703
261.901745
261.937386
261.943116
261.947276
261.953087
262.028135
262.03728
262.040424
262.05602
262.056558
262.063231
262.068305
262.078095
262.07823
262.083541
262.092676
262.093203
262.093593
262.134925
262.152782
262.166172
262.173282
262.178947
262.186869
262.202024
262.211169
262.211377
262.223084
262.22376
262.240454
262.262671
262.266656
262.312435
262.319693
262.326712
262.353264
262.37356
262.381069
262.384051
262.384176
262.385458
262.388048
262.388893
262.446005
262.463868
262.471701
262.473324
262.47739
262.488828
262.490709
262.491308
262.495911
262.500528
262.505018
262.506708
262.508697
262.51603
262.560603
262.562265
262.596479
262.618622
262.660006
262.664132
262.671184
262.687351
262.68993
262.731589
262.737123
262.746697
262.757984
262.773979
262.781488
262.78889
262.795347
262.838633
262.842459
262.843753
262.862578
262.866094
262.874098
262.874114
262.87585
262.879182
262.913426
262.917476
262.932085
262.940535
262.955599
262.975982
262.979749
262.983292
262.998206
263.009573
263.06387
263.072705
263.077594
263.142961
263.146484
263.147773
263.155372
263.164464
263.165069
263.176196
263.193157
263.226579
263.234366
263.236861
263.245537
263.274121
263.287043
263.288554
263.291841
263.307069
263.309496
263.316484
263.316698
263.319092
263.322245
263.346299
263.350671
263.365322
263.367604
263.372357
263.38784
263.395301
263.395872
263.407865
263.415243
263.421611
263.426225
263.430426
263.443332
263.444145
263.452296
263.453685
263.459974
263.460801
263.462123
263.465005
263.480406
263.481555
263.495036
263.517348
263.521832
263.536891
263.539048
263.54709
263.556164
263.563851
263.56703
263.591323
263.614496
263.621937
263.632261
263.644597
263.645295
263.647451
263.648974
263.649874
263.675868
263.688378
263.69245
263.693945
263.696409
263.7031
263.704153
263.721735
263.723596
263.739756
263.747841
263.750467
263.758713
263.779132
263.788906
263.804385
263.827592
263.85071
263.858455
263.860135
263.860899
263.864698
263.877762
263.878083
263.880756
263.882858
263.884243
263.892537
263.894587
263.900017
263.905082
263.909057
263.917976
263.92281
263.931881
263.948212
263.962342
263.975689
263.985281
264.011566
264.029501
264.041885
264.051598
264.058427
264.062241
264.077037
264.093476
264.098596
264.100609
264.109931
264.123803
264.132043
264.162072
264.206825
264.207384
264.219216
264.220235
264.249157
264.259987
264.261709
264.262986
264.267996
264.299586
264.302032
264.303897
264.312329
264.31399
264.316871
264.322443
264.322851
264.323382
264.329429
264.333226
264.334258
264.341231
264.351242
264.364995
264.374455
264.381443
264.383195
264.386826
264.404744
264.405383
264.422497
264.441625
264.472344
264.477789
264.485052
264.488607
264.506479
264.508067
264.51546
264.52959
264.530703
264.53159
264.543478
264.562392
264.575633
264.577978
264.587539
264.587871
264.602414
264.607411
264.61358
264.627124
264.633585
264.673476
264.695226
264.701624
264.711031
264.720833
264.734788
264.738801
264.741649
264.747435
264.761677
264.773207
264.779576
264.798697
264.823804
264.834659
264.853118
264.862101
264.866461
264.868677
264.870458
264.873435
264.877944
264.903817
264.905867
264.908957
264.909967
264.936962
264.94968
264.969189
264.970415
264.983384
264.993882
264.999319
265.036298
265.040308
265.044254
265.070483
265.097026
265.115075
265.127986
265.1363
265.139061
265.152082
265.166036
265.169468
265.169841
265.183367
265.188908
265.214017
265.225863
265.229761
265.240127
265.274975
265.275449
265.282769
265.283908
265.286708
265.29561
265.297077
265.312309
265.31331
265.328917
265.330273
265.346674
265.356386
265.362249
265.391595
265.392504
265.397365
265.433753
265.434336
265.434633
265.445401
265.459094
265.461876
265.498381
265.499088
265.507029
265.510967
265.526203
265.543426
265.570768
265.57734
265.582386
265.585767
265.586208
265.610248
265.614064
265.617342
265.640476
265.642293
265.644268
265.647142
265.658491
265.671327
265.674196
265.677839
265.678458
265.679436
265.693905
265.703217
265.718453
265.721983
265.72863
265.743659
265.754998
265.805966
265.814139
265.830565
265.842831
265.853451
265.855392
265.875801
265.878547
265.885268
265.899561
265.904098
265.921159
265.921848
265.924068
265.926235
265.929042
265.930291
265.930669
265.935277
265.953901
265.957521
265.957826
265.95872
265.974561
265.988904
265.988912
265.99184
266.007622
266.017556
266.034402
266.035665
266.055125
266.057583
266.076424
266.083954
266.086822
266.093015
266.10713
266.133726
266.138187
266.145202
266.166134
266.198206
266.201697
266.223898
266.230911
266.246523
266.27367
266.274172
266.283168
266.294601
266.316387
266.32113
266.327337
266.337605
266.337678
266.387392
266.397751
266.397881
266.401631
266.421562
266.430536
266.470043
266.473835
266.480299
266.485784
266.491816
266.496082
266.497069
266.49848
266.53423
266.552767
266.570082
266.57582
266.579317
266.583061
266.590495
266.606361
266.607843
266.611089
266.615085
266.618069
266.641497
266.642517
266.661936
266.695305
266.69931
266.703705
266.712442
266.723505
266.725981
266.727109
266.729701
266.735328
266.735719
266.765947
266.774078
266.778513
266.782219
266.798584
266.801746
266.812072
266.813595
266.83523
266.845113
266.846042
266.864367
266.874186
266.887472
266.892762
266.895664
266.896708
266.899781
266.907941
266.917083
266.930262
266.937896
266.958731
266.963315
266.970472
266.975119
266.981892
266.989693
267.004753
267.010671
267.012849
267.017535
267.026929
267.043118
267.050059
267.079591
267.08162
267.090494
267.0928
267.095743
267.116771
267.12227
267.152873
267.189679
267.19581
267.198575
267.199403
267.199499
267.202082
267.203531
267.20385
267.221908
267.234514
267.246034
267.277332
267.281413
267.317195
267.337034
267.339139
267.345613
267.349978
267.360842
267.376226
267.380397
267.383983
267.386405
267.395196
267.405094
267.408245
267.409064
267.415105
267.450298
267.456336
267.465071
267.486639
267.492657
267.494387
267.497546
267.513703
267.539564
267.549063
267.555733
267.564064
267.572461
267.582264
267.586029
267.602816
267.622751
267.62621
267.646311
267.648728
267.651328
267.652073
267.653781
267.663516
267.665082
267.675929
267.67617
267.688943
267.689339
267.689662
267.694888
267.708071
267.715951
267.720129
267.741538
267.774229
267.793183
267.797549
267.800372
267.816547
267.828493
267.842486
267.848623
267.90194
267.902068
267.911585
267.921735
267.936376
267.961306
267.985839
267.988499
267.999171
268.000525
268.014209
268.034315
268.065665
268.067821
268.07542
268.080184
268.082226
268.086185
268.097275
268.107533
268.107632
268.109617
268.116149
268.131206
268.13767
268.138445
268.139749
268.147109
268.151597
268.15753
268.172308
268.181379
268.195549
268.201781
268.249868
268.254432
268.258746
268.264567
268.274803
268.275379
268.302367
268.307642
268.313058
268.322434
268.334023
268.33514
268.36317
268.37392
268.381444
268.383844
268.387457
268.389994
268.392591
268.395918
268.414494
268.415405
268.418864
268.432099
268.466407
268.471672
268.471693
268.48845
268.515204
268.517458
268.526891
268.530975
268.541819
268.546118
268.549069
268.549441
268.551323
268.553281
268.560285
268.566554
268.59587
268.596994
268.604438
268.613461
268.619318
268.645218
268.653903
268.662185
268.67238
268.705517
268.705945
268.707717
268.714161
268.716732
268.721055
268.750234
268.76015
268.768855
268.773308
268.789802
268.821314
268.842011
268.854862
268.857245
268.860551
268.86187
268.871934
268.916586
268.921857
268.923421
268.93105
268.941566
268.945631
268.952615
268.962161
268.962186
268.978995
269.003598
269.007755
269.011738
269.016949
269.01747
269.042866
269.048236
269.050127
269.055434
269.062648
269.064949
269.071343
269.072867
269.075906
269.082583
269.096918
269.104063
269.105613
269.114916
269.134549
269.144065
269.1474
269.169806
269.172833
269.173615
269.188914
269.199754
269.226742
269.22899
269.231356
269.266996
269.27344
269.273705
269.274135
269.287129
269.288487
269.302178
269.317165
269.32217
269.336576
269.336757
269.349117
269.354201
269.365799
269.382256
269.387089
269.414215
269.415099
269.421139
269.424085
269.430011
269.434219
269.454414
269.47328
269.474626
269.475142
269.50174
269.533766
269.538602
269.563297
269.578956
269.586739
269.593786
269.597494
269.598473
269.606045
269.608665
269.63978
269.656177
269.670105
269.673269
269.682665
269.726866
269.728213
269.734497
269.755422
269.757017
269.77325
269.77396
269.798283
269.810719
269.812622
269.819263
269.831317
269.843612
269.844777
269.875622
269.876721
269.921016
269.92209
269.922139
269.922319
269.924385
269.930742
269.931549
269.960042
269.967507
269.9685
269.981512
269.987419
270.003172
270.009049
270.023299
270.026025
270.030374
270.032541
270.034763
270.044448
270.046898
270.087086
270.103093
270.141529
270.161412
270.18871
270.204329
270.212507
270.222943
270.23918
270.258618
270.301312
270.307826
270.307871
270.314766
270.319673
270.330212
270.335682
270.349327
270.364374
270.367913
270.368675
270.385987
270.393534
270.415933
270.418189
270.439963
270.447873
270.454375
270.458625
270.458959
270.479041
270.480696
270.480969
270.493647
270.51057
270.514803
270.516412
270.519006
270.522731
270.527117
270.532472
270.533257
270.538919
270.574492
270.582596
270.592136
270.602515
270.603617
270.621489
270.638808
270.644377
270.650157
270.663063
270.670232
270.674101
270.690568
270.71046
270.715012
270.717654
270.733903
270.736619
270.74117
270.747521
270.755661
270.758074
270.759705
270.760314
270.775539
270.788583
270.798507
270.817726
270.829336
270.836508
270.837827
270.855444
270.855729
270.886119
270.887613
270.892477
270.893342
270.894172
270.897637
270.91055
270.923704
270.940793
270.942522
270.971758
270.97539
270.976819
270.980357
270.997007
270.998947
271.004817
271.01202
271.018635
271.026004
271.029482
271.033739
271.037263
271.040489
271.044105
271.051593
271.052295
271.062901
271.077588
271.090927
271.097716
271.116208
271.123352
271.137201
271.14398
271.154985
271.159854
271.173294
271.187159
271.205301
271.205483
271.21643
271.226622
271.230913
271.2348
271.244801
271.261389
271.262577
271.263569
271.267182
271.272564
271.273148
271.275658
271.284218
271.294942
271.300963
271.304442
271.325823
271.326263
271.334894
271.335993
271.338541
271.356547
271.37662
271.377429
271.380286
271.388411
271.389757
271.393838
271.400529
271.437127
271.444673
271.465306
271.476799
271.492071
271.493505
271.498586
271.536873
271.55066
271.560966
271.570653
271.596291
271.603063
271.612739
271.624165
271.628994
271.641431
271.647646
271.648768
271.653772
271.66365
271.671898
271.678932
271.689689
271.693109
271.693608
271.73478
271.74406
271.750739
271.751103
271.767185
271.78534
271.785453
271.792366
271.79437
271.797848
271.800076
271.837684
271.843685
271.873527
271.87867
271.888176
271.918786
271.920956
271.922723
271.930968
271.936389
271.939065
271.965277
271.965741
271.974969
271.990531
271.991682
271.99413
272.013948
272.025404
272.032677
272.041824
272.044918
272.056193
272.064268
272.070527
272.07788
272.083136
272.09143
272.098931
272.104042
272.115261
272.130167
272.134011
272.145525
272.157069
272.179546
272.18717
272.194753
272.214899
272.224255
272.227502
272.236758
272.246276
272.248505
272.25052
272.250881
272.252279
272.277137
272.289758
272.294133
272.318232
272.320831
272.321297
272.343723
272.362528
272.372383
272.373085
272.38268
272.385819
272.409373
272.427174
272.442122
272.442223
272.470323
272.473683
272.483252
272.486278
272.490324
272.495759
272.499685
272.521501
272.552415
272.559741
272.560102
272.563028
272.567679
272.576428
272.591288
272.592659
272.599497
272.615232
272.621341
272.629505
272.641341
272.665624
272.667551
272.672913
272.682275
272.697107
272.700057
272.700753
272.709781
272.710112
272.718239
272.74083
272.751157
272.79734
272.80712
272.817158
272.834741
272.840781
272.843195
272.848558
272.850841
272.868919
272.869563
272.885048
272.88625
272.891051
272.893446
272.897711
272.899167
272.906915
272.91492
272.918188
272.919721
272.93817
272.943235
272.943339
272.956919
272.97223
272.975029
272.990699
273.038388
273.053525
273.05639
273.060181
273.073803
273.076505
273.077423
273.08879
273.098562
273.120068
273.128805
273.150397
273.179445
273.185022
273.197246
273.200023
273.207812
273.217123
273.220187
273.232755
273.246727
273.250983
273.251554
273.254036
273.254899
273.256661
273.257388
273.260832
273.28983
273.293927
273.301643
273.307384
273.312258
273.316145
273.326882
273.329931
273.336993
273.337722
273.343484
273.358422
273.361415
273.387572
273.388966
273.39504
273.395535
273.400774
273.403668
273.425351
273.432145
273.440536
273.451149
273.451617
273.455884
273.486793
273.488319
273.499915
273.520308
273.522611
273.551078
273.551388
273.563239
273.565112
273.58811
273.59966
273.600187
273.6159
273.652627
273.664236
273.665374
273.677049
273.686958
273.695626
273.70677
273.706949
273.711488
273.713287
273.73802
273.739993
273.744837
273.763147
273.775333
273.777239
273.782218
273.816959
273.826273
273.840213
273.842644
273.855539
273.858645
273.865671
273.868842
273.877416
273.881973
273.889091
273.894139
273.899987
273.907762
273.919142
273.941678
273.941959
273.94747
273.955114
273.957123
273.966597
273.974564
273.97726
273.986326
274.006093
274.007726
274.02156
274.026043
274.026384
274.042344
274.060774
274.063427
274.065637
274.087527
274.099033
274.112075
274.149053
274.196479
274.223757
274.227571
274.232908
274.257605
274.288028
274.289782
274.291151
274.299785
274.303486
274.347172
274.348774
274.370492
274.374789
274.379815
274.381346
274.441457
274.446114
274.448184
274.454443
274.460147
274.46679
274.477355
274.478797
274.479986
274.484161
274.499195
274.502022
274.505182
274.509102
274.50943
274.5225
274.533535
274.537044
274.543062
274.573051
274.574271
274.583156
274.587697
274.596832
274.618981
274.658017
274.666193
274.673887
274.680795
274.706751
274.707717
274.715457
274.733859
274.735504
274.740482
274.75727
274.763991
274.77349
274.774532
274.783434
274.789803
274.78996
274.801127
274.808602
274.818877
274.833516
274.862805
274.882127
274.896115
274.908359
274.92551
274.945638
274.948047
274.956786
274.95892
274.959954
274.961475
274.970601
274.987511
274.990518
275.014896
275.015705
275.017736
275.037273
275.037549
275.056717
275.062523
275.064777
275.065153
275.072383
275.090943
275.096435
275.097885
275.099669
275.101527
275.108645
275.114515
275.122528
275.125205
275.158174
275.203444
275.223851
275.256358
275.266946
275.267141
275.270195
275.272686
275.275992
275.276913
275.280938
275.281896
275.305444
275.315097
275.319518
275.321058
275.323703
275.324528
275.34533
275.360919
275.372258
275.392309
275.39238
275.394935
275.399649
275.431851
275.449829
275.46234
275.467426
275.475119
275.477478
275.483068
275.490845
275.497196
275.498336
275.503025
275.509516
275.528524
275.593502
275.599531
275.608753
275.610774
275.615985
275.625867
275.630279
275.64068
275.654768
275.662796
275.676251
275.678669
275.684193
275.717189
275.748287
275.764022
275.768914
275.7739
275.779176
275.781931
275.782638
275.787682
275.799944
275.801157
275.824837
275.836791
275.839433
275.861444
275.865626
275.872729
275.874187
275.875026
275.882328
276.009444
276.048127
276.050803
276.057175
276.06156
276.080972
276.106136
276.106311
276.134773
276.14144
276.14252
276.187188
276.195838
276.207845
276.208639
276.210157
276.21809
276.233988
276.234002
276.236
276.239103
276.247583
276.286986
276.295828
276.33187
276.332242
276.333235
276.340489
276.369404
276.377246
276.382244
276.396003
276.413685
276.417716
276.425687
276.464244
276.468138
276.471477
276.475487
276.483985
276.509636
276.517785
276.526689
276.541437
276.558808
276.59049
276.590578
276.596763
276.622244
276.627939
276.632303
276.638475
276.641567
276.654035
276.655521
276.666998
276.681044
276.681315
276.71709
276.717566
276.717879
276.727203
276.731156
276.736287
276.749549
276.761659
276.802369
276.803954
276.838166
276.887924
276.891374
276.905811
276.910688
276.915939
276.92478
276.925464
276.932184
276.946843
276.995341
277.020419
277.053572
277.06927
277.11549
277.117959
277.121429
277.126701
277.145231
277.152766
277.154361
277.180453
277.185254
277.195727
277.197783
277.215438
277.246469
277.249807
277.256932
277.290384
277.295253
277.312865
277.316315
277.316892
277.318868
277.332057
277.378252
277.382335
277.38349
277.38539
277.402323
277.413187
277.419121
277.442993
277.451482
277.457654
277.46824
277.481438
277.483703
277.488487
277.497568
277.530376
277.534133
277.539171
277.542934
277.559384
277.585212
277.650864
277.652132
277.680974
277.697336
277.701359
277.704258
277.763118
277.764779
277.770134
277.826177
277.837388
277.843265
277.849614
277.852099
277.856907
277.859951
277.86005
277.869062
277.905533
277.940233
277.95292
277.95945
277.968955
277.978943
278.012557
278.051386
278.070913
278.086481
278.150595
278.177558
278.222205
278.223113
278.230836
278.259592
278.262788
278.281809
278.292998
278.299223
278.401289
278.430149
278.442699
278.509346
278.575307
278.580031
278.58243
278.655612
278.670556
278.687
278.711144
278.716867
278.723355
278.761902
278.804147
278.809268
278.812612
278.830837
278.832016
278.832787
278.835239
278.869434
278.884998
278.896688
278.927591
278.930218
278.953834
278.964587
278.969727
279.047295
279.07814
279.080427
279.091331
279.102256
279.104992
279.130987
279.180039
279.184204
279.20126
279.233681
279.240662
279.252144
279.300289
279.302451
279.356422
279.384601
279.386891
279.443096
279.446022
279.456907
279.480081
279.491797
279.495877
279.535214
279.55292
279.55428
279.56876
279.570751
279.595096
279.620118
279.649531
279.706707
279.73363
279.743738
279.752688
279.765109
279.782002
279.784782
279.793252
279.796204
279.799968
279.800054
279.801219
279.823598
279.858855
279.889821
279.911307
279.919622
279.954854
279.983528
280.027241
280.037916
280.070561
280.092981
280.102146
280.136889
280.166435
280.166823
280.204756
280.266327
280.299385
280.332688
280.348277
280.371481
280.37757
280.452553
280.456052
280.46979
280.497678
280.547143
280.568491
280.594902
280.607527
280.617425
280.658027
280.697545
280.720991
280.738291
280.756425
280.762494
280.830323
280.858139
280.889727
280.893572
280.913813
280.928841
280.94229
280.994842
281.007419
281.028462
281.072329
281.075392
281.12526
281.149412
281.189328
281.192083
281.245659
281.296193
281.310102
281.311663
281.325434
281.330502
281.364977
281.373377
281.38148
281.413095
281.415361
281.419008
281.44096
281.483605
281.492145
281.567881
281.568152
281.600356
281.642795
281.673898
281.717807
281.720083
281.734237
281.742534
281.791837
281.809352
281.814542
281.842942
281.899539
281.908589
282.026255
282.029304
282.088691
282.102235
282.106063
282.133043
282.146702
282.194679
282.200166
282.231607
282.263786
282.376685
282.379102
282.396566
282.419315
282.483344
282.504389
282.517931
282.537474
282.544424
282.610429
282.656427
282.674737
282.829766
282.842142
282.866647
282.896052
282.900019
282.925049
282.961056
282.995804
283.005058
283.014213
283.05005
283.059063
283.085722
283.096432
283.14207
283.178858
283.210251
283.212661
283.238886
283.240492
283.258996
283.267474
283.339124
283.361842
283.407945
283.443282
283.546266
283.562936
283.566244
283.588335
283.645851
283.648524
283.659753
283.749696
283.778885
283.782583
283.893475
283.936983
283.965349
284.005996
284.038303
284.145586
284.189038
284.310994
284.316558
284.335312
284.386106
284.476959
284.541046
284.62245
284.637425
284.657602
284.663003
284.686927
284.739111
284.753044
284.841265
284.860089
284.887408
284.909367
285.079321
285.095705
285.107482
285.182606
285.183285
285.253276
285.254124
285.271726
285.273208
285.321486
285.335212
285.434587
285.496528
285.520462
285.522418
285.568941
285.594725
285.681328
285.756865
285.884341
285.978292
286.068646
286.071458
286.095979
286.12647
286.287864
286.380963
286.424704
286.489437
286.505865
286.542021
286.568632
286.596043
286.841922
286.874575
286.89971
286.901658
287.074711
287.09756
287.138508
287.278691
287.371
287.47544
287.505088
287.600549
287.677047
287.680743
287.767414
287.82269
287.852567
287.886676
287.969414
288.008888
288.09916
288.191
288.232245
288.253327
288.295106
288.33125
288.356701
288.376764
288.504379
288.554995
288.596765
288.618205
288.685042
288.950414
289.154881
289.235208
289.257607
289.302643
289.325847
289.343949
289.366429
289.61706
289.688795
289.689566
289.697502
289.846339
290.056562
290.158863
290.281671
290.534124
290.750027
290.799809
290.825944
290.851534
290.893697
290.897691
290.970102
291.187846
291.285727
291.392894
291.423418
291.452151
291.537445
291.55806
291.572892
291.613745
291.65078
291.950557
291.964571
291.990373
292.040223
292.056241
292.135776
292.159468
292.26788
292.323791
292.389455
292.407975
292.504551
292.656661
292.933742
292.937394
292.971755
293.097612
293.115025
293.251689
293.702752
294.099461
294.172099
294.304861
294.418103
294.687102
294.999026
295.010576
295.170097
295.302098
295.379041
295.565163
295.763113
296.128398
296.33205
296.333178
296.390193
297.012897
297.169163
297.363752
297.5705
297.971854
297.998859
298.012058
298.194802
298.229037
298.444692
298.939427
299.120625
299.244575
299.395089
299.424076
299.668753
299.953821
300.31442
300.461195
300.708081
301.030847
301.097379
301.217296
301.707003
302.403963
302.563378
302.762612
303.507381
303.916278
304.482461
305.220065
305.368734
306.38076
306.389481
306.697674
307.76339
308.186397
308.364686
308.572783
309.77502
309.818945
311.690873
312.700417
313.03339
314.500371
314.825035
315.029511
315.078445
317.802037
317.853829
320.555944
321.311581
323.458068
329.911305
331.619867
337.76504
361.464397
366.029657
370.254254
384.812942
418.968485
528.046083
533.549264
533.744844
578.829299
585.391149
604.841607
609.758599
697.073254
