155.805464
164.768744
166.822676
167.0241
168.90865
172.57193
174.158869
184.529105
196.868804
205.551654
207.58276
213.135321
213.529333
216.988274
217.332239
225.962337
227.416096
227.48761
228.016619
229.138823
229.195498
229.319896
230.640296
231.562488
231.943036
232.373828
233.240617
233.500575
233.762046
235.070203
235.287193
235.319432
235.356159
235.728493
235.750405
235.771086
235.777873
235.8837
236.114925
236.873482
237.008116
237.325635
237.375352
237.72749
237.817179
237.862722
237.905894
238.076435
238.093554
238.223117
238.405376
238.446116
238.527352
238.573815
238.662309
238.746549
238.764167
239.029739
239.155454
239.159392
239.262751
239.268195
239.299344
239.358001
239.379603
239.393752
239.466212
239.476966
239.496215
239.523724
239.552169
239.56248
239.604746
239.645072
239.706993
239.729638
239.802763
239.811181
239.878847
239.965488
240.027505
240.160763
240.275456
240.337247
240.344768
240.351924
240.359992
240.389304
240.436396
240.60443
240.63957
240.662859
240.664884
240.676672
240.695358
240.76483
240.895286
241.04325
241.050685
241.142606
241.151223
241.165082
241.331698
241.374157
241.38644
241.430058
241.447748
241.529452
241.53472
241.595353
241.648398
241.673989
241.740796
241.772065
241.80596
241.819419
241.883515
241.915607
241.919218
241.953556
241.990841
242.003523
242.004611
242.027894
242.068905
242.112303
242.206301
242.219739
242.226164
242.258923
242.307719
242.32741
242.336517
242.470418
242.535321
242.620493
242.629264
242.683596
242.685109
242.694911
242.762607
242.833807
242.872946
242.885277
242.889809
242.961039
242.972979
243.019032
243.105822
243.108235
243.147949
243.174296
243.179103
243.190419
243.249491
243.29081
243.294347
243.301333
243.307362
243.317541
243.328295
243.3508
243.423853
243.430485
243.482836
243.489046
243.49265
243.508388
243.547239
243.551185
243.56242
243.60054
243.752072
243.759938
243.844085
243.890644
243.905895
243.946896
243.990311
244.025881
244.079046
244.129375
244.163988
244.165722
244.198399
244.20904
244.225312
244.245738
244.271665
244.29458
244.296294
244.29737
244.342683
244.346855
244.374075
244.381772
244.386412
244.404195
244.411821
244.441952
244.448445
244.453889
244.460118
244.481447
244.491786
244.498026
244.508375
244.539451
244.544994
244.558118
244.559085
244.562671
244.5694
244.606347
244.611002
244.632937
244.684947
244.693081
244.709854
244.733424
244.735378
244.738931
244.766041
244.790812
244.844245
244.84502
244.857018
244.872162
244.900631
244.918427
244.918748
244.922807
244.948367
244.955403
245.001243
245.021497
245.021999
245.034762
245.060527
245.092659
245.097942
245.161625
245.18873
245.202658
245.205435
245.2181
245.245225
245.248606
245.342669
245.348322
245.356766
245.408907
245.423217
245.45177
245.562439
245.565897
245.573019
245.577791
245.580066
245.585532
245.596965
245.613579
245.646601
245.653391
245.656546
245.687888
245.722051
245.73491
245.758899
245.779914
245.795223
245.795967
245.850581
245.858666
245.869791
245.874494
245.883254
245.887678
245.891591
245.900828
245.914454
245.925947
245.953872
245.972184
245.980189
245.991582
245.997096
246.005094
246.039423
246.055849
246.063774
246.077412
246.096277
246.105494
246.128231
246.15362
246.157117
246.169844
246.189599
246.225895
246.249766
246.326518
246.354395
246.385379
246.423242
246.426266
246.437503
246.441771
246.450748
246.456211
246.470562
246.472158
246.479257
246.485084
246.491706
246.494637
246.499172
246.499833
246.510679
246.520892
246.524649
246.539538
246.545779
246.556871
246.56601
246.587257
246.645516
246.657578
246.658
246.679631
246.698486
246.716678
246.724675
246.755034
246.794411
246.814263
246.820502
246.848235
246.857953
246.866302
246.870291
246.870438
246.874273
246.875113
246.890817
246.90065
246.902177
246.910743
246.920233
246.920323
246.9332
246.936911
246.941121
246.941855
246.95548
246.974029
247.016764
247.036929
247.042675
247.084846
247.089391
247.112882
247.123993
247.130456
247.140595
247.157376
247.160033
247.166692
247.168008
247.19778
247.205726
247.208187
247.216344
247.223759
247.231234
247.258896
247.311546
247.317615
247.322169
247.329935
247.332239
247.381401
247.412367
247.412507
247.413421
247.429585
247.448895
247.463482
247.464197
247.501453
247.506336
247.516297
247.517043
247.544394
247.553493
247.558183
247.569732
247.585423
247.605939
247.619865
247.641195
247.641617
247.648904
247.659186
247.660197
247.686922
247.692831
247.696444
247.721254
247.727453
247.743535
247.77441
247.782792
247.794982
247.798966
247.840506
247.862474
247.869586
247.889108
247.910393
247.923361
247.923716
247.933352
247.936179
247.946204
247.951495
247.95664
247.967222
247.969377
247.969469
247.975209
247.977286
247.980738
247.986077
247.99229
247.992952
247.994038
248.013068
248.026726
248.032553
248.034652
248.036533
248.046119
248.055901
248.063374
248.064212
248.067714
248.083863
248.113863
248.116304
248.117869
248.119256
248.129307
248.149291
248.209806
248.211287
248.218774
248.220621
248.220766
248.224194
248.225295
248.229953
248.239666
248.248181
248.254861
248.265549
248.270733
248.274745
248.285505
248.290668
248.297297
248.300081
248.322933
248.326882
248.3368
248.342323
248.344988
248.348705
248.349681
248.371217
248.383639
248.384397
248.401007
248.401112
248.406451
248.41868
248.423643
248.451158
248.46707
248.485838
248.486207
248.49318
248.500315
248.530279
248.545498
248.55998
248.587021
248.589484
248.597905
248.61144
248.615644
248.623704
248.62372
248.649047
248.666633
248.686745
248.690011
248.690249
248.694415
248.70014
248.702452
248.73529
248.740594
248.748882
248.758266
248.761478
248.773433
248.781744
248.79717
248.807089
248.817851
248.829897
248.844063
248.860261
248.886869
248.887088
248.915737
248.936134
248.938748
248.959577
248.959811
248.966911
248.988387
248.990419
249.022297
249.03361
249.042852
249.060672
249.069803
249.08248
249.089794
249.091408
249.095625
249.110948
249.113735
249.114656
249.115879
249.125955
249.131316
249.141574
249.171946
249.181459
249.192815
249.193328
249.246617
249.255644
249.259583
249.262852
249.263698
249.265572
249.267908
249.285134
249.289566
249.302576
249.302576
249.316055
249.320451
249.33824
249.347878
249.359822
249.404504
249.422117
249.426534
249.440943
249.459076
249.472587
249.472699
249.475613
249.486431
249.493799
249.49913
249.500074
249.505622
249.509784
249.511417
249.526417
249.550562
249.552213
249.57136
249.575506
249.582614
249.587105
249.590098
249.595017
249.595626
249.61963
249.626838
249.632085
249.638458
249.639864
249.652165
249.654037
249.654692
249.665891
249.678855
249.684165
249.705278
249.710903
249.713738
249.726539
249.73066
249.76972
249.774885
249.795463
249.798962
249.80128
249.847167
249.853852
249.854168
249.859396
249.869587
249.878618
249.881892
249.885467
249.888579
249.888622
249.913483
249.938826
249.954267
249.954462
249.975312
249.99188
249.995247
249.998879
250.004167
250.018355
250.036382
250.037855
250.06323
250.06761
250.076309
250.085033
250.096013
250.100606
250.102581
250.106246
250.118113
250.142127
250.147443
250.154355
250.161837
250.180351
250.184636
250.241554
250.24709
250.25046
250.273787
250.287789
250.300729
250.308795
250.319178
250.335092
250.341978
250.34399
250.354241
250.35619
250.398061
250.405773
250.40679
250.408858
250.410676
250.419998
250.424009
250.42596
250.431727
250.444364
250.458848
250.459869
250.466748
250.469764
250.46982
250.473494
250.47537
250.483219
250.494615
250.516079
250.516132
250.525719
250.535085
250.53657
250.541198
250.548909
250.555903
250.577081
250.599767
250.602521
250.606953
250.611891
250.617897
250.63184
250.63649
250.644397
250.644572
250.648898
250.655537
250.659917
250.678641
250.679272
250.682531
250.702428
250.703579
250.703691
250.71005
250.711913
250.718313
250.718607
250.764063
250.765353
250.776233
250.779617
250.781942
250.787391
250.792476
250.800134
250.805949
250.813657
250.820486
250.823734
250.830019
250.833098
250.84232
250.843044
250.85371
250.859193
250.865688
250.871158
250.875364
250.877406
250.887297
250.900659
250.906693
250.924165
250.925891
250.932237
250.939126
250.944508
250.950996
250.959709
250.964657
250.971542
250.972534
250.997356
250.997492
250.997798
251.014733
251.020872
251.021285
251.041727
251.043066
251.043927
251.049037
251.051461
251.057319
251.057648
251.063336
251.069802
251.073833
251.078631
251.108687
251.120563
251.131993
251.144509
251.163442
251.167876
251.171306
251.20158
251.204967
251.218478
251.221986
251.225013
251.232144
251.238811
251.255918
251.281171
251.312488
251.317271
251.322253
251.345207
251.376149
251.377487
251.379513
251.381576
251.381824
251.383288
251.38708
251.406952
251.423145
251.432699
251.447076
251.482575
251.486576
251.500773
251.500988
251.506304
251.507728
251.509632
251.512056
251.53369
251.538201
251.538401
251.549239
251.557629
251.565659
251.565817
251.573168
251.586064
251.586551
251.588186
251.59455
251.618991
251.622585
251.630642
251.647633
251.653219
251.657234
251.671689
251.693532
251.702289
251.703525
251.704216
251.720674
251.738873
251.744909
251.761485
251.76217
251.785465
251.805066
251.808645
251.812405
251.827193
251.840705
251.850081
251.854352
251.854787
251.855494
251.85579
251.856592
251.874799
251.877693
251.902725
251.909695
251.918341
251.934564
251.941157
251.949663
251.959531
251.964021
251.974841
251.977548
251.983536
251.986275
251.994098
251.99884
252.005443
252.00705
252.007506
252.020415
252.040428
252.040626
252.056432
252.057148
252.066602
252.068591
252.071668
252.078866
252.085101
252.09547
252.102202
252.107381
252.108284
252.112323
252.113079
252.125497
252.131474
252.131886
252.134729
252.135146
252.166472
252.195913
252.197741
252.204104
252.264663
252.26479
252.285507
252.302837
252.310111
252.311078
252.313607
252.316287
252.321725
252.343593
252.359961
252.367515
252.368364
252.371675
252.372506
252.381476
252.390756
252.391548
252.398696
252.399492
252.401302
252.430542
252.455195
252.456502
252.457699
252.473277
252.494068
252.494715
252.500432
252.52214
252.539797
252.540808
252.547297
252.56582
252.571901
252.582049
252.591071
252.591319
252.599148
252.603223
252.606283
252.614223
252.623205
252.638055
252.648201
252.650316
252.655783
252.657225
252.660358
252.661423
252.695829
252.701058
252.704736
252.711323
252.717131
252.74056
252.773826
252.791314
252.793291
252.807242
252.841452
252.842226
252.86137
252.864129
252.87407
252.881224
252.892902
252.905652
252.913563
252.914633
252.91677
252.920554
252.924894
252.925883
252.927944
252.928877
252.955544
252.95609
252.982054
252.987365
252.989855
252.992567
253.03738
253.039774
253.04092
253.051673
253.078896
253.084337
253.092726
253.108791
253.110457
253.127667
253.129766
253.132025
253.133619
253.143014
253.170182
253.17097
253.171726
253.176987
253.189662
253.190686
253.196209
253.198071
253.236207
253.239259
253.247942
253.249598
253.256969
253.258222
253.262138
253.263345
253.264458
253.273824
253.28087
253.300931
253.314079
253.319689
253.324158
253.325293
253.353603
253.361638
253.366129
253.391345
253.396762
253.397115
253.399424
253.400473
253.427084
253.430015
253.430279
253.449948
253.459896
253.466139
253.489731
253.49397
253.494911
253.508166
253.508635
253.516395
253.516798
253.526912
253.530119
253.539511
253.572442
253.581483
253.584296
253.590245
253.615182
253.624027
253.629159
253.64253
253.668962
253.669359
253.671009
253.672451
253.676968
253.681
253.697632
253.710681
253.716964
253.728
253.741185
253.752289
253.768582
253.776912
253.786758
253.796751
253.799221
253.806726
253.813613
253.814858
253.816539
253.81691
253.833408
253.834874
253.842509
253.848307
253.855588
253.870293
253.933973
253.939402
253.945138
253.953463
253.962957
253.966855
253.967929
253.969054
253.974353
254.000094
254.006053
254.010098
254.043775
254.055201
254.056619
254.058533
254.059144
254.068308
254.070603
254.073229
254.081381
254.101794
254.102799
254.108076
254.108977
254.109157
254.114332
254.154385
254.155676
254.182545
254.190603
254.191775
254.20918
254.213176
254.215993
254.21827
254.241599
254.247108
254.25797
254.279129
254.286962
254.303029
254.344339
254.34889
254.352272
254.373063
254.393958
254.39764
254.406616
254.419563
254.425901
254.436606
254.437702
254.437746
254.438
254.443841
254.45419
254.455942
254.519334
254.531194
254.53278
254.533669
254.540753
254.543522
254.550583
254.557413
254.57935
254.587854
254.596561
254.621667
254.624297
254.626664
254.653182
254.656742
254.670988
254.672616
254.683492
254.693128
254.697304
254.702666
254.705831
254.712849
254.73091
254.733296
254.743771
254.756625
254.765995
254.77475
254.776444
254.777501
254.778425
254.789271
254.791209
254.798818
254.798931
254.803026
254.804779
254.828258
254.834071
254.83962
254.841859
254.846155
254.854168
254.854401
254.855438
254.855696
254.869704
254.873743
254.876896
254.905055
254.911077
254.91677
254.928817
254.92905
254.93044
254.932369
254.936314
254.964161
254.967178
255.001814
255.006252
255.016411
255.017439
255.019128
255.027829
255.060374
255.07001
255.072058
255.072845
255.09098
255.101239
255.11887
255.138956
255.162775
255.163669
255.172806
255.198244
255.198624
255.221398
255.224099
255.23841
255.257576
255.272819
255.272837
255.273132
255.281591
255.292173
255.297515
255.316054
255.318233
255.338648
255.344745
255.349745
255.352687
255.352878
255.353429
255.3699
255.371033
255.406303
255.410292
255.422067
255.423044
255.424745
255.430908
255.436079
255.437925
255.452611
255.468606
255.478279
255.478871
255.479714
255.485114
255.488844
255.533195
255.533467
255.536448
255.543039
255.543907
255.549844
255.555026
255.559925
255.567314
255.569631
255.572727
255.581682
255.582204
255.591462
255.596696
255.601205
255.622554
255.638779
255.642223
255.644956
255.647865
255.689616
255.706022
255.731086
255.740538
255.761461
255.762959
255.770402
255.786089
255.786812
255.792442
255.794456
255.811873
255.814871
255.815415
255.832596
255.846561
255.852874
255.861767
255.869739
255.88233
255.883375
255.885958
255.90057
255.901969
255.92572
255.928148
255.932047
255.9601
255.969854
255.971912
255.98069
255.982278
255.983119
255.985349
255.992567
256.013528
256.021832
256.034437
256.039552
256.074578
256.100015
256.103152
256.106073
256.109983
256.119994
256.123496
256.131097
256.138473
256.146688
256.146917
256.14982
256.15118
256.155563
256.156714
256.161997
256.162874
256.167157
256.171239
256.18055
256.187653
256.188319
256.200323
256.248412
256.257699
256.258945
256.261566
256.270187
256.286666
256.294927
256.30557
256.319996
256.323943
256.326722
256.363707
256.367285
256.380063
256.383633
256.399272
256.426222
256.443411
256.445989
256.45029
256.477625
256.478648
256.481499
256.485306
256.500432
256.503203
256.508134
256.509617
256.512006
256.531583
256.54768
256.55152
256.565284
256.566949
256.569426
256.572765
256.578164
256.596106
256.606801
256.620754
256.625572
256.64237
256.647253
256.666324
256.669638
256.684117
256.698324
256.702511
256.71409
256.720838
256.72772
256.742511
256.744953
256.752971
256.758787
256.758828
256.780649
256.795253
256.819007
256.828392
256.837738
256.856575
256.858122
256.859926
256.890931
256.916449
256.952991
256.975923
256.98304
256.996683
257.001562
257.013704
257.027067
257.047629
257.0511
257.05267
257.07976
257.093833
257.148769
257.152473
257.153449
257.165232
257.200013
257.209737
257.227428
257.240874
257.242889
257.279174
257.286473
257.287862
257.316228
257.322516
257.351085
257.372723
257.37285
257.418149
257.420095
257.421064
257.424461
257.427123
257.431795
257.436668
257.440493
257.44681
257.45099
257.467878
257.481777
257.506294
257.512665
257.515335
257.517896
257.544201
257.556373
257.575609
257.619947
257.621381
257.623981
257.625644
257.634746
257.638448
257.65083
257.651943
257.651949
257.668768
257.688232
257.699088
257.704025
257.720183
257.722053
257.733405
257.738499
257.765829
257.767058
257.792813
257.803479
257.807246
257.820952
257.822079
257.833098
257.83385
257.849312
257.864002
257.890363
257.892647
257.894876
257.904099
257.911651
257.926845
257.932148
257.95146
257.955145
257.957016
257.965471
258.001277
258.02341
258.023506
258.025091
258.0379
258.048408
258.060602
258.07438
258.082628
258.093169
258.097684
258.104719
258.107631
258.107673
258.109539
258.125466
258.135038
258.152027
258.155736
258.160688
258.171049
258.192963
258.194446
258.211972
258.245857
258.253639
258.261747
258.266118
258.266779
258.280136
258.289198
258.290812
258.293245
258.293448
258.312477
258.321243
258.324078
258.327323
258.338598
258.340373
258.348747
258.349656
258.352381
258.361824
258.362903
258.369321
258.370845
258.380213
258.381549
258.384838
258.388086
258.389227
258.408799
258.410706
258.423655
258.43828
258.445387
258.447475
258.45703
258.458154
258.465026
258.471738
258.482158
258.483854
258.487391
258.514859
258.532248
258.538563
258.540828
258.543259
258.548037
258.549917
258.550487
258.553136
258.553179
258.564816
258.580485
258.587054
258.588235
258.606058
258.610761
258.623424
258.625225
258.634285
258.647382
258.655931
258.672107
258.683131
258.697961
258.701788
258.727608
258.738624
258.741488
258.744175
258.758243
258.778152
258.778776
258.80531
258.83157
258.859843
258.873958
258.885229
258.886625
258.893639
258.925633
258.936775
258.938121
258.939819
258.940674
258.946324
258.996552
259.029562
259.042484
259.049924
259.090897
259.108484
259.111962
259.118163
259.130718
259.134188
259.140439
259.144583
259.150442
259.15228
259.152533
259.164145
259.168841
259.177047
259.180313
259.188157
259.220108
259.24325
259.248409
259.285585
259.285761
259.290226
259.295554
259.295719
259.329937
259.333348
259.34084
259.36152
259.364041
259.370224
259.38028
259.38834
259.3914
259.409508
259.420757
259.422552
259.434847
259.449851
259.453242
259.472828
259.478994
259.48034
259.538427
259.541957
259.555978
259.559782
259.561435
259.575943
259.590103
259.593339
259.596865
259.604684
259.604786
259.623889
259.627538
259.634315
259.661967
259.664773
259.66663
259.66959
259.691369
259.704468
259.715287
259.754558
259.756502
259.761649
259.799998
259.802325
259.825129
259.847041
259.84854
259.873985
259.897092
259.897522
259.917357
259.928916
259.93173
259.933468
259.949746
259.952012
259.957035
260.004239
260.053372
260.060789
260.068588
260.115953
260.116671
260.126714
260.13649
260.146911
260.156128
260.193258
260.199029
260.203862
260.21416
260.237031
260.246381
260.292507
260.310097
260.314657
260.331507
260.335842
260.350442
260.380255
260.401795
260.413891
260.426317
260.437098
260.451677
260.452504
260.457403
260.465882
260.472751
260.477431
260.479585
260.491714
260.492143
260.504505
260.538966
260.54377
260.551166
260.569534
260.571326
260.577057
260.600346
260.614311
260.647763
260.674508
260.678033
260.683472
260.687557
260.717417
260.723919
260.729001
260.729301
260.731526
260.758492
260.758532
260.763144
260.785895
260.802741
260.831625
260.855086
260.856483
260.873761
260.891776
260.983956
260.984311
260.984386
260.989467
260.996441
261.000696
261.006518
261.012028
261.014155
261.016634
261.021242
261.044949
261.066441
261.075468
261.0911
261.095664
261.103225
261.105554
261.110117
261.127633
261.15602
261.160058
261.213613
261.215994
261.238598
261.243428
261.24366
261.248695
261.285664
261.309378
261.314597
261.334354
261.404009
261.411201
261.411223
261.42307
261.425643
261.446966
261.44779
261.477784
261.484973
261.490464
261.499247
261.567109
261.597536
261.63154
261.637341
261.657447
261.670848
261.699624
261.748688
261.761398
261.76597
261.792484
261.808301
261.823692
261.832031
261.841856
261.844684
261.847004
261.85795
261.858934
261.873156
261.89353
261.968909
261.974355
261.978678
261.986278
262.015206
262.046006
262.072313
262.122485
262.127677
262.136152
262.170357
262.201216
262.209235
262.213353
262.231958
262.242439
262.269844
262.27671
262.333604
262.337638
262.343552
262.357018
262.358069
262.382262
262.387975
262.388399
262.402903
262.409485
262.42356
262.427728
262.444531
262.47465
262.475829
262.478654
262.481703
262.485676
262.520773
262.524575
262.583705
262.599691
262.636522
262.6631
262.697051
262.714013
262.734119
262.743767
262.756791
262.798496
262.803642
262.806889
262.809476
262.812633
262.815809
262.825957
262.837752
262.868731
262.880838
262.885255
262.895804
262.904884
262.934084
262.942322
262.943789
262.949104
262.949422
262.961751
262.976613
262.97679
262.977705
262.980412
262.981951
262.987602
263.000787
263.01885
263.021038
263.044876
263.045638
263.046373
263.049865
263.112709
263.113647
263.126248
263.143113
263.147231
263.147584
263.190612
263.270364
263.272953
263.283501
263.285986
263.316283
263.333882
263.334724
263.346053
263.348451
263.34913
263.36356
263.366832
263.390394
263.422231
263.425948
263.431373
263.464433
263.480623
263.481312
263.4846
263.492802
263.505513
263.507802
263.516635
263.563848
263.571562
263.573395
263.606005
263.623272
263.625163
263.628742
263.646516
263.660678
263.664108
263.698489
263.706021
263.728631
263.739172
263.758584
263.775485
263.796151
263.818434
263.839873
263.860619
263.880425
263.886812
263.887697
263.888704
263.899123
263.900152
263.906128
263.9111
263.920599
263.924441
263.990218
264.011521
264.012591
264.029641
264.033657
264.055577
264.07839
264.078985
264.133119
264.133715
264.136364
264.14035
264.158161
264.161458
264.168412
264.171445
264.184055
264.231094
264.244196
264.257015
264.261753
264.268409
264.268866
264.279441
264.324212
264.366097
264.375913
264.397792
264.397805
264.399404
264.403548
264.404978
264.412641
264.421337
264.462521
264.49414
264.530473
264.543792
264.55117
264.554302
264.573521
264.582348
264.604025
264.627486
264.656173
264.656509
264.66851
264.705684
264.706866
264.712209
264.72428
264.735152
264.735374
264.743845
264.750076
264.756523
264.80582
264.848026
264.850574
264.858887
264.870146
264.899969
264.900935
264.914049
264.918326
264.924265
264.927576
264.989151
265.033174
265.044469
265.10815
265.112989
265.130323
265.135471
265.152714
265.168592
265.185024
265.228683
265.251597
265.254596
265.268504
265.321498
265.321612
265.335794
265.371345
265.395968
265.416154
265.445843
265.465443
265.494396
265.503238
265.513476
265.520545
265.522333
265.523527
265.531885
265.532485
265.549345
265.552435
265.557872
265.56643
265.566691
265.595326
265.617397
265.618257
265.619342
265.670708
265.675972
265.679116
265.699133
265.706617
265.717398
265.724145
265.73277
265.734861
265.846911
265.876646
265.881929
265.890304
265.894281
265.901948
265.903968
265.918394
265.923669
265.934598
265.946547
265.953513
265.965626
266.008846
266.025768
266.028174
266.103541
266.113329
266.142948
266.174117
266.187618
266.218698
266.226236
266.246972
266.263812
266.269749
266.315772
266.339682
266.340165
266.341159
266.34352
266.347674
266.35032
266.374274
266.438617
266.447658
266.457633
266.478444
266.479011
266.505222
266.513451
266.513522
266.544565
266.556126
266.563858
266.57219
266.59476
266.599878
266.604131
266.62325
266.623695
266.630489
266.655847
266.656859
266.659151
266.675913
266.681682
266.692506
266.695592
266.704717
266.751915
266.781213
266.798481
266.85068
266.85714
266.896944
266.89973
266.908404
266.921488
266.923314
266.924296
266.942944
266.970799
266.99443
266.997158
267.059209
267.069948
267.077246
267.097432
267.194115
267.194327
267.203893
267.204781
267.312817
267.344012
267.35682
267.409372
267.411266
267.424533
267.437899
267.446622
267.458906
267.48534
267.516386
267.540391
267.543175
267.545718
267.587697
267.613542
267.620682
267.631003
267.663058
267.676497
267.701216
267.707932
267.728208
267.731125
267.745056
267.773974
267.852626
267.879423
267.919887
267.922498
267.969176
267.992381
268.019385
268.045153
268.046866
268.079757
268.091016
268.120798
268.155131
268.201524
268.208489
268.213626
268.23816
268.264053
268.299826
268.334753
268.337909
268.348784
268.350338
268.370776
268.371854
268.377907
268.385065
268.385357
268.459417
268.463786
268.476173
268.481469
268.503744
268.531487
268.534023
268.536547
268.560879
268.565219
268.580141
268.605615
268.63943
268.649008
268.66039
268.684873
268.688314
268.69482
268.708509
268.721949
268.763662
268.767037
268.770765
268.789193
268.790628
268.813067
268.828492
268.830979
268.840979
268.843457
268.843815
268.858879
268.942316
268.945949
268.951805
268.96255
268.969895
268.976793
268.986477
268.997983
269.00553
269.013067
269.030906
269.09727
269.108186
269.125731
269.146504
269.151078
269.156829
269.177619
269.18205
269.189902
269.224382
269.230374
269.239853
269.281684
269.283628
269.29374
269.316987
269.329376
269.396415
269.411086
269.44152
269.46528
269.487969
269.49826
269.527241
269.562149
269.562698
269.58892
269.59709
269.600143
269.61234
269.624298
269.661076
269.673825
269.68029
269.764351
269.769065
269.794712
269.892761
269.9011
269.914589
269.934011
269.939242
269.954424
269.964978
269.994773
270.015989
270.020398
270.065821
270.07768
270.082683
270.091059
270.099857
270.119181
270.152808
270.164976
270.175067
270.181208
270.201791
270.231924
270.241414
270.26568
270.285592
270.332802
270.368462
270.369472
270.382086
270.399637
270.40274
270.421749
270.472848
270.475631
270.487932
270.529715
270.530493
270.577623
270.585813
270.59477
270.65506
270.664564
270.684024
270.699228
270.709941
270.753316
270.759054
270.786967
270.78838
270.814635
270.843773
270.853156
270.971462
270.985565
271.007533
271.061571
271.07174
271.118715
271.198725
271.237504
271.301684
271.309883
271.317124
271.319007
271.336206
271.491325
271.594726
271.608665
271.751423
271.78105
271.781707
271.789086
271.820835
271.9412
271.957321
271.963369
272.011219
272.025651
272.031194
272.033422
272.074054
272.096612
272.107415
272.164804
272.170147
272.21
272.23216
272.265708
272.27497
272.299294
272.306878
272.339086
272.339138
272.37796
272.415592
272.419003
272.423693
272.430065
272.439347
272.473696
272.511066
272.527062
272.530287
272.578076
272.630934
272.648395
272.663138
272.664392
272.678379
272.701349
272.712781
272.723163
272.781738
272.787004
272.787305
272.825866
272.846558
272.915145
272.916152
272.931659
272.933207
272.985408
273.000387
273.012235
273.026451
273.033792
273.065208
273.08143
273.101198
273.105492
273.112504
273.119057
273.16341
273.182877
273.198391
273.19896
273.199414
273.215535
273.264646
273.311515
273.332567
273.347477
273.353462
273.373191
273.392037
273.404458
273.42313
273.424147
273.425926
273.429797
273.443937
273.474963
273.563559
273.570602
273.579353
273.663826
273.667159
273.70031
273.709576
273.720782
273.747066
273.782995
273.797541
273.86047
273.891505
273.900777
273.922316
273.924068
273.937947
273.942487
273.955782
273.987109
273.995735
274.000871
274.009399
274.055263
274.071337
274.071732
274.096125
274.123042
274.130226
274.209537
274.276524
274.27807
274.304506
274.339794
274.375718
274.376331
274.386055
274.398271
274.52226
274.524737
274.530283
274.559655
274.597596
274.658351
274.665051
274.695556
274.70006
274.708706
274.717126
274.735041
274.739197
274.961403
274.991127
275.134527
275.194594
275.195751
275.206076
275.248951
275.25481
275.362817
275.370718
275.39679
275.406207
275.412271
275.413139
275.42033
275.445825
275.518342
275.585635
275.72545
275.73441
275.865597
275.947127
275.951432
275.952109
275.95239
275.97401
276.000442
276.027564
276.064597
276.08162
276.109013
276.120171
276.126686
276.15845
276.266345
276.2926
276.345903
276.351645
276.36676
276.379225
276.382645
276.400323
276.41968
276.459609
276.540756
276.67565
276.707298
276.727786
276.731352
276.740274
276.799309
276.801421
276.981195
276.994075
277.001609
277.018496
277.075989
277.08262
277.166466
277.168917
277.206445
277.345421
277.37161
277.388065
277.403997
277.417015
277.43321
277.450308
277.521997
277.558916
277.619626
277.639454
277.676826
277.684931
277.715881
277.734755
277.764429
277.77592
277.794705
277.84215
277.862745
277.973245
277.993708
278.002224
278.014832
278.039032
278.109844
278.175676
278.182772
278.204263
278.220341
278.237249
278.291107
278.465333
278.513132
278.573779
278.72099
278.740185
278.798011
278.862712
279.024789
279.078685
279.261572
279.323018
279.392806
279.515412
279.594333
279.619109
279.865834
279.884754
279.915011
279.922139
279.970431
280.143833
280.166795
280.219232
280.319157
280.372712
280.502738
280.554427
280.683497
280.85055
280.940711
280.989097
281.029325
281.050369
281.071031
281.080287
281.15244
281.235953
281.263331
281.458076
281.51317
281.534305
281.651366
281.852806
282.007136
282.04757
282.20756
282.231129
282.34385
282.381119
282.383519
282.412233
282.438221
282.576524
282.585086
282.609316
282.693133
282.765922
282.954584
282.974717
283.00659
283.009977
283.18727
283.380629
283.418142
283.494435
283.783884
283.80625
283.851422
283.867941
283.91649
283.934835
284.021533
284.134966
284.166262
284.191783
284.244688
284.529008
284.625988
284.627775
284.833992
284.864671
284.904016
285.253464
285.540107
285.654644
285.772163
286.079353
286.135197
286.199501
286.360269
286.540405
286.661706
286.708577
286.747288
286.802579
286.824122
286.829705
286.879978
286.902413
287.13379
287.265948
287.678801
287.703587
287.922609
287.944787
287.974769
288.010123
288.036484
288.070287
288.165241
288.283053
288.361127
288.425057
288.835127
289.053221
289.19242
289.263757
289.424127
289.491916
289.538268
289.584445
289.698708
289.85085
289.947721
289.962708
290.050564
290.083462
290.12662
290.131082
290.174965
290.296502
290.492974
290.509932
290.673532
290.887168
291.201381
291.311383
291.357626
291.449937
291.494315
291.526112
291.537149
291.845188
292.137132
292.415023
292.782264
292.951497
293.269894
293.526488
294.207955
294.299629
294.442198
294.751067
294.823731
294.925359
295.393217
295.756421
296.225166
296.507243
296.731532
298.195932
298.23198
298.361492
298.572877
300.187059
301.184808
301.652099
302.150843
302.564611
303.497756
303.805662
304.744322
305.607114
306.1666
306.426066
307.356982
307.42361
310.907763
311.437658
311.492615
313.939507
314.009332
314.833496
321.170213
324.572365
327.003197
333.74207
336.139436
352.591224
355.465305
399.947642
564.338558
741.064147
804.22842
861.155903
970.300121
1018.031333
1499.348819
