16.755241
138.491786
140.44044
145.939283
147.786677
148.01308
149.289994
150.029216
150.033851
150.608995
151.949353
152.499943
152.577018
153.140691
153.978524
155.248131
155.744647
157.054513
157.216021
163.455449
219.642718
219.792423
221.944074
222.157384
222.221662
226.642635
227.488637
227.621064
228.210997
230.53743
230.632989
233.01756
233.595775
233.998423
234.026147
234.131663
236.093308
237.452769
239.672976
241.023582
241.061982
241.408279
241.593036
242.163916
242.320777
242.524138
242.682873
243.459059
243.5204
243.693759
243.781129
244.908889
244.985415
245.063261
245.136383
245.17647
245.277003
245.747173
245.956632
246.149147
246.7216
248.723883
249.417781
252.634363
253.579748
253.739928
255.592384
257.023295
260.908855
273.758927
500.123777
