13.433419
13.969155
15.44638
15.496401
15.61975
15.8819
16.755241
16.90354
16.960989
17.032099
17.049058
17.229205
17.620557
17.862873
18.049945
18.114289
18.536989
18.851173
18.956821
19.241986
19.305659
19.359579
20.446685
22.108859
22.362577
23.551094
23.810077
23.936226
25.936336
26.126983
26.234097
28.666591
29.135633
29.181452
29.754641
40.201507
117.333637
117.549132
132.932049
135.958102
138.491786
139.456787
140.283927
140.44044
142.359109
142.568237
144.09698
144.269338
145.939283
147.786677
148.01308
148.238717
149.00949
149.016213
149.01767
149.289994
149.346118
149.356777
149.567465
150.029216
150.033851
150.608995
150.663175
151.178785
151.949353
152.499943
152.577018
152.60469
153.140691
153.167172
153.222438
153.285601
153.843019
153.911042
153.978524
154.019934
154.224959
155.248131
155.26258
155.623863
155.740727
155.744647
156.674276
157.054513
157.216021
157.236632
157.282518
159.523995
160.989618
163.436315
163.455449
165.315116
175.121184
176.245772
179.136147
179.246144
180.498524
180.705694
181.092658
181.128798
185.871154
188.167446
188.924249
188.985776
189.078132
189.877536
190.122993
191.204453
192.160051
198.646221
199.167961
205.420236
209.706951
212.005681
213.237167
215.680563
216.800761
217.353217
218.276153
218.312807
219.642718
219.792423
221.944074
222.157384
222.221662
222.600929
224.305738
226.642635
227.488637
227.621064
227.656044
228.210997
230.53743
230.632989
231.528836
231.874464
232.668065
233.01756
233.223413
233.595775
233.646572
233.998423
234.026147
234.124094
234.131663
234.726241
236.002588
236.093308
236.665688
237.452769
237.753709
237.755234
238.987541
239.45845
239.499082
239.672976
239.771842
240.619373
240.928891
241.023582
241.061982
241.108433
241.408279
241.593036
241.65868
241.706388
241.809111
242.163916
242.320777
242.524138
242.682873
243.459059
243.466406
243.5204
243.693759
243.781129
243.843377
243.886122
243.96324
244.06514
244.908889
244.985415
245.063261
245.136383
245.17647
245.277003
245.747173
245.956632
246.149147
246.7216
246.747335
248.723883
248.883473
248.88967
249.417781
251.401538
251.846849
252.634363
252.765781
253.141323
253.43925
253.579748
253.739928
255.101116
255.592384
257.023295
257.627061
259.108376
260.908855
269.742378
271.093299
273.758927
280.51983
283.550936
298.125955
500.123777
