90.282712
94.769937
96.165815
96.618146
96.692108
96.739274
97.825972
99.342276
99.583167
99.776467
99.9207
100.591306
100.828859
101.755983
101.904414
101.953621
102.006967
102.24897
102.707453
102.986345
103.744819
103.940287
103.954196
104.987262
106.52625
107.080495
108.036915
108.054772
108.070259
108.353612
108.684429
109.058684
109.249326
110.61152
113.189111
118.257402
123.23979
123.615399
123.788126
125.277171
125.650439
127.41174
128.851722
129.487463
130.428518
130.957834
131.744199
135.141645
135.547563
135.99662
136.177501
136.974811
137.112803
137.97971
138.091431
139.094048
139.350799
139.448698
140.002717
140.199891
140.263299
140.57409
141.125639
142.295845
142.653234
144.839646
145.321085
145.454526
145.490337
145.565657
145.904459
147.062431
147.156718
147.339534
147.513542
147.514643
147.651819
147.738885
147.839561
148.227823
148.564739
148.569977
148.909808
148.940634
149.245025
150.46374
151.062097
151.361005
151.408153
151.645288
151.650878
151.990168
152.357746
152.401345
152.47848
152.923782
153.326663
154.283354
154.329806
154.362542
154.701674
154.733924
154.740813
154.782839
155.005182
155.037773
155.09557
155.567683
155.701372
155.776016
155.805464
155.928312
156.004747
156.007886
156.025245
156.074466
156.227054
156.506226
156.688249
156.845572
158.28869
158.445134
158.588347
158.629137
158.905115
159.155044
159.49937
159.855444
159.894749
159.933375
160.157322
160.383399
160.630518
160.845901
160.99264
161.527416
161.712645
162.011938
162.279241
162.375697
162.628458
162.693332
162.767572
163.344583
163.3494
163.497658
163.869326
164.028689
164.102047
164.140118
164.30999
164.445349
164.768744
164.823829
165.172425
165.748868
165.749269
166.442779
166.449685
166.502118
166.714747
166.822676
167.004491
167.016532
167.0241
167.0492
167.413308
167.589637
167.633493
167.934877
168.00013
168.007117
168.106962
168.397539
168.455722
168.806849
168.90865
169.384191
169.897771
169.918487
170.702871
170.841817
170.856671
170.98106
171.766861
171.779303
171.919988
172.0148
172.141572
172.202905
172.491494
172.530985
172.57193
172.651046
172.919386
173.213208
173.353521
173.382911
173.576506
173.600115
173.888786
174.023724
174.158869
174.822375
174.992959
175.009548
175.070261
175.478073
175.57151
175.816806
175.921238
176.003856
176.025673
176.469843
176.873386
177.24318
177.333519
177.345374
177.594805
177.749548
177.880884
178.220713
178.762272
178.836229
179.004324
179.045181
179.062398
179.062456
179.129488
179.890386
180.185681
180.282526
180.722101
180.994603
181.23714
181.814318
181.89318
182.200762
182.366585
182.921565
182.9631
183.234618
183.32734
183.369033
183.425954
183.435768
183.489212
183.707846
183.839704
183.882769
184.343879
184.529105
184.711985
185.204388
185.211494
185.223343
185.583983
185.736318
185.986621
185.99683
186.124189
186.127109
186.246951
186.687413
186.934707
187.006613
187.260753
187.840842
187.968236
187.968277
188.345487
188.830781
188.915247
189.551281
189.864411
189.897886
190.146317
190.491196
191.125046
191.532664
191.644601
191.71397
192.154527
192.165098
192.292507
192.380237
192.53714
192.879677
193.545013
194.006671
194.007729
194.529727
194.640904
194.926708
194.968363
195.467203
195.524727
195.543667
195.579359
195.627262
195.692637
195.722779
195.974396
195.994379
196.45689
196.495482
196.616597
196.6836
196.689357
196.72214
196.868804
197.051794
197.371057
197.654221
198.275111
198.559396
198.875697
199.457653
199.619142
199.947845
200.174243
200.191056
200.326785
200.481869
200.543037
200.782175
200.899202
201.276442
201.409475
202.038426
202.213902
202.500645
202.6297
202.703829
202.963643
203.200106
203.212681
203.271069
203.431038
203.47215
203.47921
204.081248
204.482157
204.991966
205.246228
205.392394
205.551654
205.733006
206.668912
206.869299
207.068252
207.116717
207.246489
207.351379
207.523557
207.58276
207.972559
208.049054
208.934135
208.982618
210.237498
210.823852
210.965953
211.393093
211.523947
212.038708
212.083956
212.158721
212.83543
213.135321
213.217009
213.524322
213.529333
214.421261
214.427565
214.513612
214.526978
214.869073
214.973255
215.382521
215.652399
216.988274
217.332239
217.396909
217.588644
217.883878
218.04435
218.741474
218.794691
218.987816
219.203047
219.899335
220.111248
220.757183
220.993156
222.054662
222.345148
222.561789
222.753352
222.844303
223.048947
223.095092
223.141035
223.15109
223.354967
223.660409
223.83365
224.007402
224.521128
224.533814
224.644154
224.734809
224.802067
224.830625
224.922105
225.145024
225.374167
225.698461
225.791993
225.846233
225.962337
226.048007
226.048425
226.225766
226.906736
226.92784
227.141256
227.202335
227.243449
227.247215
227.416096
227.48761
227.504657
227.506498
227.512074
227.540586
227.611655
227.638095
227.810524
227.923572
228.016619
228.116858
228.195566
228.196084
228.226136
228.377292
228.392908
228.401961
228.434928
228.436161
228.707615
228.771912
228.775525
228.777344
228.831056
228.893565
228.940059
228.978961
229.044126
229.053845
229.136907
229.137789
229.138065
229.138823
229.148039
229.164676
229.195498
229.275519
229.319896
229.365298
229.375455
229.538584
229.546115
229.637174
229.671736
229.707544
229.719521
229.728832
229.778233
229.811263
229.832253
229.844312
229.933349
229.935248
229.955299
230.028968
230.0812
230.095616
230.202364
230.218914
230.223992
230.315182
230.329304
230.360892
230.399795
230.417114
230.421077
230.433517
230.455743
230.640296
230.752088
230.793497
230.83595
230.845973
230.857703
230.886937
230.892706
230.893237
230.894165
230.900297
231.016531
231.068136
231.124318
231.158376
231.163789
231.198692
231.22876
231.30383
231.358094
231.466931
231.522785
231.562488
231.580019
231.628199
231.719894
231.750774
231.76942
231.784299
231.826562
231.895199
231.905842
231.916271
231.943036
232.003096
232.050714
232.12548
232.147666
232.148272
232.158841
232.170876
232.171555
232.242051
232.247213
232.30329
232.36993
232.373828
232.414947
232.437954
232.440081
232.455524
232.462921
232.496244
232.518372
232.521021
232.52644
232.528391
232.55041
232.552486
232.554705
232.607363
232.613747
232.65079
232.705285
232.755647
232.757275
232.815608
232.823066
232.881871
232.883951
232.909078
232.97172
233.039933
233.046459
233.094257
233.115307
233.163016
233.179441
233.180909
233.240617
233.273125
233.30564
233.316064
233.3743
233.385513
233.387649
233.389862
233.428601
233.454666
233.491594
233.500575
233.509681
233.527074
233.528149
233.584906
233.626591
233.649127
233.725445
233.727158
233.744856
233.762046
233.832287
233.843843
233.868763
233.869852
233.871557
233.918294
233.943988
233.9949
233.995619
233.998558
234.041821
234.120497
234.190288
234.200578
234.248375
234.266459
234.276168
234.289335
234.295119
234.298778
234.308469
234.319389
234.464641
234.477728
234.535756
234.574358
234.611569
234.629223
234.68895
234.717098
234.753433
234.755675
234.760612
234.802779
234.826063
234.847937
234.892379
234.926115
234.936746
234.939129
234.953692
234.966443
234.981598
235.03033
235.035509
235.05376
235.070203
235.070388
235.138569
235.185459
235.192014
235.219275
235.22907
235.281773
235.287193
235.319432
235.322095
235.356159
235.376125
235.402791
235.412145
235.423133
235.436203
235.44305
235.520502
235.593428
235.644005
235.698747
235.728493
235.745613
235.750405
235.771086
235.777873
235.802855
235.806912
235.809481
235.831116
235.880313
235.8837
235.898302
235.902301
235.948995
235.961249
235.963997
235.983787
235.988384
236.004364
236.024448
236.050288
236.050747
236.114925
236.145514
236.14633
236.1846
236.21201
236.243654
236.302108
236.32051
236.329483
236.383077
236.420215
236.446926
236.452939
236.461567
236.485239
236.492584
236.52739
236.578327
236.587644
236.591357
236.708879
236.720798
236.733111
236.737356
236.74884
236.749056
236.771995
236.778453
236.798494
236.815106
236.82042
236.834984
236.873482
236.895583
236.908236
236.97262
237.008116
237.020349
237.050422
237.051585
237.059994
237.082077
237.09944
237.106522
237.131196
237.199734
237.211496
237.251364
237.258311
237.295848
237.305006
237.311913
237.321299
237.325635
237.33509
237.335193
237.337718
237.350388
237.366109
237.372872
237.375352
237.410705
237.452908
237.453167
237.455811
237.478371
237.53557
237.58331
237.585443
237.617533
237.671327
237.67603
237.709304
237.727366
237.72749
237.778823
237.796459
237.803355
237.808823
237.817179
237.830698
237.841208
237.850015
237.860131
237.862722
237.870476
237.885865
237.889436
237.898084
237.905894
237.994304
238.019294
238.026483
238.028568
238.059852
238.076435
238.093554
238.09456
238.101241
238.113764
238.163906
238.174425
238.181518
238.190192
238.212999
238.214153
238.21462
238.214642
238.216889
238.223117
238.281648
238.292523
238.297657
238.298601
238.326538
238.372665
238.38941
238.390601
238.394981
238.398834
238.405376
238.426814
238.431255
238.444743
238.446116
238.478218
238.489832
238.496805
238.506761
238.527352
238.529587
238.533509
238.562458
238.573815
238.5868
238.605153
238.618603
238.621304
238.623801
238.627911
238.64496
238.654375
238.662309
238.674184
238.685798
238.717215
238.72582
238.733981
238.746549
238.76045
238.764167
238.771776
238.785781
238.788353
238.79678
238.797886
238.813478
238.815248
238.818714
238.828981
238.85709
238.857692
238.894266
238.898545
238.910747
238.948786
238.950034
238.950319
238.954215
239.003125
239.029739
239.058516
239.061957
239.116964
239.120568
239.121734
239.144797
239.146868
239.155454
239.159392
239.160727
239.186786
239.192181
239.209643
239.224081
239.243991
239.259619
239.262751
239.268195
239.27336
239.279785
239.286432
239.299344
239.307992
239.318264
239.3303
239.358001
239.363847
239.369291
239.379603
239.393752
239.402429
239.419648
239.455608
239.466212
239.476966
239.482756
239.496215
239.504376
239.507304
239.522251
239.523724
239.528071
239.542363
239.544141
239.544757
239.550876
239.552169
239.56248
239.585222
239.601611
239.604746
239.606739
239.62707
239.645072
239.650284
239.65358
239.667159
239.6736
239.689609
239.706993
239.708014
239.71697
239.729638
239.74022
239.761591
239.775862
239.785388
239.801631
239.802763
239.811181
239.819412
239.832972
239.848043
239.864782
239.877199
239.878847
239.882253
239.894122
239.902176
239.912617
239.91508
239.924064
239.965488
239.974429
240.027505
240.03088
240.035373
240.048412
240.084842
240.117712
240.122622
240.135922
240.160763
240.19979
240.212816
240.213972
240.218577
240.25737
240.267179
240.270297
240.2706
240.275456
240.304759
240.337247
240.340322
240.344768
240.351924
240.356514
240.359992
240.369179
240.372445
240.377246
240.389304
240.390986
240.423459
240.436396
240.462738
240.465664
240.480681
240.48979
240.49688
240.501907
240.504945
240.510754
240.541244
240.58131
240.60443
240.609459
240.63957
240.643944
240.645867
240.647489
240.662859
240.664884
240.665025
240.676672
240.677008
240.680526
240.695358
240.698561
240.701103
240.708883
240.709461
240.715791
240.723702
240.754651
240.76483
240.769154
240.782952
240.830635
240.831421
240.847363
240.874818
240.877222
240.895286
240.90158
240.936868
240.939189
240.971518
240.977774
240.99214
240.9942
241.017806
241.040292
241.04325
241.050685
241.056462
241.077199
241.107815
241.136719
241.142606
241.151223
241.156064
241.165082
241.166606
241.172908
241.173834
241.183722
241.188678
241.195925
241.224581
241.283961
241.317663
241.331698
241.340248
241.340998
241.348338
241.373297
241.374157
241.38644
241.391238
241.397775
241.430058
241.439429
241.447748
241.472724
241.47386
241.504616
241.509556
241.509563
241.519001
241.523888
241.529452
241.53472
241.540448
241.544898
241.545213
241.550213
241.554966
241.555863
241.565324
241.585391
241.595353
241.620622
241.648166
241.648398
241.657189
241.673989
241.681103
241.706864
241.706878
241.714795
241.728206
241.737629
241.740796
241.74306
241.745283
241.750944
241.772065
241.787547
241.798933
241.803653
241.80596
241.819419
241.826443
241.840234
241.86049
241.861175
241.865629
241.878816
241.879508
241.883515
241.915607
241.919218
241.921523
241.924792
241.927197
241.929377
241.931552
241.946232
241.953556
241.955076
241.974293
241.980125
241.989495
241.990841
242.003523
242.003952
242.004611
242.010342
242.019927
242.027894
242.02852
242.029706
242.033941
242.05452
242.062645
242.063786
242.064733
242.066626
242.068905
242.078944
242.081159
242.084032
242.084781
242.091403
242.112303
242.114496
242.117356
242.144378
242.161758
242.168863
242.17257
242.193986
242.206301
242.206539
242.209892
242.211352
242.213074
242.213834
242.219739
242.226164
242.258923
242.266261
242.271371
242.273032
242.273363
242.275156
242.285974
242.294295
242.30405
242.306992
242.307661
242.307719
242.312863
242.318623
242.31946
242.32741
242.328808
242.335559
242.336517
242.3569
242.357397
242.358818
242.372714
242.373657
242.383797
242.414418
242.416913
242.423609
242.424665
242.426644
242.428334
242.434275
242.434466
242.452068
242.462304
242.469412
242.470418
242.471996
242.474117
242.489669
242.49059
242.507521
242.510353
242.511634
242.521211
242.522333
242.522374
242.530867
242.535321
242.561093
242.585506
242.594226
242.596878
242.603144
242.604306
242.607942
242.612635
242.620493
242.620913
242.629264
242.629807
242.632541
242.641776
242.65736
242.65869
242.678414
242.679331
242.683596
242.685109
242.694911
242.695814
242.698873
242.701691
242.762156
242.762607
242.781076
242.787233
242.789053
242.793101
242.793645
242.811171
242.824176
242.828453
242.833807
242.841426
242.847869
242.849774
242.859841
242.86702
242.872946
242.877889
242.884231
242.885277
242.889032
242.889809
242.895169
242.904143
242.917073
242.929563
242.949627
242.961039
242.964076
242.969324
242.971931
242.972979
242.973558
242.979981
242.980239
242.981498
242.988018
242.98832
242.994273
242.997646
243.011996
243.012124
243.019032
243.019432
243.021776
243.023323
243.027275
243.028787
243.030908
243.042775
243.049567
243.069135
243.088537
243.105384
243.105822
243.108235
243.110553
243.119476
243.127669
243.140113
243.147949
243.147979
243.150467
243.16635
243.167163
243.174296
243.179103
243.190419
243.206861
243.239541
243.249491
243.255063
243.261254
243.26163
243.262971
243.264291
243.276624
243.278284
243.289805
243.29081
243.291904
243.294128
243.294347
243.301333
243.303134
243.307362
243.309373
243.317541
243.318465
243.319223
243.328295
243.347755
243.3508
243.371385
243.373985
243.37654
243.381672
243.386184
243.388757
243.402183
243.410819
243.423853
243.429235
243.430485
243.434762
243.43577
243.450618
243.482836
243.489046
243.492365
243.49265
243.500639
243.508388
243.510668
243.512673
243.523327
243.528777
243.531931
243.53526
243.546411
243.546886
243.547239
243.549173
243.550543
243.550614
243.551185
243.555329
243.56242
243.569582
243.570321
243.587348
243.590128
243.595131
243.600532
243.60054
243.603538
243.6099
243.614804
243.618484
243.622721
243.63418
243.634196
243.640877
243.643745
243.645507
243.649236
243.676733
243.683881
243.684449
243.685998
243.686091
243.695315
243.699845
243.701639
243.703397
243.703906
243.724271
243.744844
243.752072
243.759938
243.77772
243.781642
243.791764
243.794459
243.804946
243.805692
243.812153
243.834656
243.836776
243.844085
243.859081
243.867906
243.87127
243.876944
243.881161
243.887163
243.887352
243.890427
243.890644
243.900842
243.905895
243.915169
243.924301
243.930032
243.940532
243.946896
243.960122
243.967098
243.969745
243.977364
243.978847
243.990311
243.992244
244.025881
244.058
244.060496
244.071071
244.079046
244.083076
244.090627
244.094715
244.114037
244.115322
244.116189
244.1237
244.126603
244.129375
244.136174
244.141403
244.152823
244.157691
244.162905
244.163988
244.165722
244.171156
244.183068
244.197687
244.198399
244.208388
244.208947
244.20904
244.212378
244.225312
244.234607
244.236849
244.245738
244.246897
244.247395
244.25891
244.259023
244.263318
244.2715
244.271665
244.278415
244.293679
244.29458
244.296294
244.29737
244.309704
244.33893
244.342683
244.343379
244.346855
244.367644
244.37002
244.374075
244.377272
244.378529
244.380693
244.381772
244.386412
244.386642
244.392448
244.39444
244.404195
244.411821
244.429104
244.439606
244.441952
244.448445
244.453889
244.455854
244.45759
244.460118
244.466195
244.481447
244.481667
244.486018
244.489502
244.491786
244.498026
244.499672
244.501704
244.503522
244.508375
244.512724
244.51677
244.527846
244.529982
244.539451
244.544677
244.544994
244.546378
244.549926
244.556463
244.558118
244.559085
244.562671
244.5694
244.570362
244.574135
244.588172
244.590068
244.592355
244.593461
244.599385
244.606347
244.607248
244.609027
244.611002
244.612006
244.612633
244.623631
244.632937
244.640512
244.642065
244.65041
244.655681
244.659267
244.664568
244.666425
244.66953
244.670477
244.676088
244.677063
244.678745
244.684947
244.687277
244.693081
244.70668
244.709854
244.714297
244.725054
244.731256
244.733424
244.733926
244.735378
244.736221
244.738931
244.749042
244.753441
244.754476
244.759001
244.766041
244.775681
244.77937
244.789923
244.790812
244.79252
244.800433
244.802405
244.812044
244.813674
244.814281
244.82649
244.831408
244.844245
244.84502
244.857018
244.867123
244.872162
244.876861
244.882824
244.885238
244.890662
244.89391
244.899228
244.90021
244.900631
244.906259
244.907592
244.918427
244.918748
244.922807
244.940301
244.948367
244.950498
244.955403
244.962583
244.963025
244.966521
244.973645
244.979762
244.997925
245.001243
245.015117
245.019125
245.021497
245.021999
245.03151
245.032375
245.032737
245.034762
245.039849
245.053004
245.060527
245.060562
245.071243
245.083944
245.090124
245.090975
245.092213
245.092659
245.097942
245.09858
245.108482
245.110426
245.114843
245.116391
245.120305
245.137433
245.144395
245.14769
245.151595
245.161625
245.170086
245.176686
245.177138
245.184728
245.18873
245.193714
245.195009
245.196117
245.199078
245.202658
245.203968
245.205435
245.209502
245.210006
245.211843
245.212615
245.213083
245.2181
245.22034
245.223104
245.236062
245.237845
245.239134
245.243033
245.245225
245.246385
245.247232
245.248503
245.248606
245.271735
245.275035
245.293207
245.294367
245.299678
245.300159
245.304923
245.307524
245.307808
245.309432
245.319442
245.321122
245.322144
245.325947
245.32677
245.332492
245.337374
245.342669
245.348322
245.356766
245.357709
245.367637
245.373212
245.389349
245.408907
245.409556
245.411788
245.411869
245.415692
245.417053
245.423217
245.45177
245.455293
245.456765
245.466661
245.471615
245.475026
245.476122
245.491421
245.506231
245.525198
245.531448
245.532203
245.533042
245.536418
245.539303
245.545753
245.546693
245.551004
245.558011
245.560741
245.562439
245.564046
245.565897
245.571406
245.573019
245.573329
245.573768
245.574347
245.575342
245.577791
245.580066
245.585532
245.59032
245.591929
245.59371
245.596965
245.603363
245.613579
245.613775
245.614147
245.617535
245.627275
245.629524
245.632139
245.634766
245.636588
245.637926
245.640537
245.642724
245.645245
245.645791
245.646601
245.651251
245.653391
245.656546
245.661678
245.663647
245.665569
245.669327
245.672634
245.680702
245.687769
245.687888
245.697807
245.698632
245.701257
245.709425
245.718504
245.721138
245.721295
245.722051
245.722368
245.729413
245.73491
245.739324
245.74269
245.750727
245.758899
245.76843
245.771565
245.778437
245.779914
245.787053
245.794321
245.795223
245.795967
245.830144
245.831622
245.836407
245.837094
245.837583
245.847609
245.850581
245.858618
245.858666
245.865499
245.869791
245.872741
245.874494
245.875645
245.879563
245.880723
245.883254
245.887678
245.889227
245.891591
245.893819
245.894529
245.900599
245.900828
245.913655
245.914454
245.917461
245.924742
245.925947
245.940361
245.941174
245.944126
245.953608
245.953872
245.95927
245.960668
245.970944
245.972184
245.976108
245.980189
245.981121
245.991582
245.997096
246.005094
246.0056
246.029463
246.039423
246.040716
246.055849
246.063774
246.064654
246.066774
246.06827
246.068565
246.074828
246.077412
246.079535
246.096277
246.096759
246.098257
246.105494
246.109867
246.125064
246.127282
246.128231
246.145208
246.15362
246.157117
246.165614
246.167612
246.169844
246.172177
246.17299
246.173568
246.1783
246.178448
246.186056
246.189274
246.189599
246.190775
246.195758
246.197865
246.200323
246.201339
246.203441
246.213684
246.221396
246.225895
246.249766
246.259928
246.282
246.290635
246.290828
246.297
246.299766
246.304947
246.305818
246.311765
246.313121
246.314907
246.325554
246.326518
246.327951
246.332306
246.336833
246.339306
246.341557
246.342021
246.354395
246.365388
246.378738
246.380178
246.385098
246.385379
246.386011
246.398298
246.400364
246.40482
246.4053
246.423242
246.424083
246.426266
246.437503
246.441771
246.444269
246.445931
246.449995
246.450748
246.452543
246.45439
246.456211
246.470562
246.472158
246.479257
246.485084
246.489079
246.490958
246.491706
246.494637
246.494912
246.499172
246.499567
246.499833
246.505728
246.5098
246.510679
246.518016
246.519032
246.520892
246.524649
246.539538
246.540483
246.543179
246.545779
246.556871
246.559913
246.56194
246.56601
246.56636
246.583299
246.587257
246.592283
246.592366
246.603157
246.605922
246.614516
246.615245
246.617926
246.624474
246.637185
246.639051
246.64064
246.645001
246.645516
246.646691
246.647924
246.649367
246.651079
246.655763
246.657578
246.65758
246.658
246.665236
246.679631
246.683792
246.687374
246.688664
246.698486
246.70265
246.716128
246.716678
246.721153
246.723726
246.724675
246.72768
246.728269
246.731053
246.735927
246.741424
246.744475
246.749773
246.755034
246.770436
246.771511
246.779264
246.780601
246.785311
246.787577
246.789552
246.794411
246.799902
246.802522
246.802952
246.808929
246.812056
246.814263
246.816511
246.820502
246.821068
246.821427
246.822612
246.822766
246.827606
246.831726
246.840599
246.844649
246.846702
246.848235
246.851077
246.857953
246.863076
246.86362
246.866302
246.870291
246.870438
246.87334
246.874273
246.875113
246.884254
246.884281
246.885278
246.890817
246.890851
246.899111
246.90065
246.902177
246.910743
246.919455
246.920233
246.920323
246.922787
246.923973
246.926159
246.931024
246.9332
246.933937
246.936911
246.941121
246.941855
246.944449
246.95548
246.957098
246.961293
246.964072
246.970241
246.973449
246.974029
246.974939
246.974996
246.975901
246.978488
246.998036
247.000577
247.003603
247.005163
247.013931
247.014265
247.016764
247.025225
247.029883
247.036929
247.042675
247.050736
247.052976
247.056807
247.061678
247.071688
247.075068
247.076656
247.082566
247.084846
247.087336
247.089391
247.089407
247.100791
247.109502
247.112882
247.117248
247.123993
247.130456
247.130548
247.139422
247.140595
247.144223
247.144258
247.145249
247.157376
247.158155
247.158883
247.159349
247.160033
247.161184
247.166692
247.168008
247.168675
247.180305
247.182741
247.193454
247.195924
247.19778
247.200322
247.205726
247.206295
247.208187
247.209647
247.215667
247.216344
247.220216
247.223759
247.225226
247.231234
247.235394
247.245123
247.247806
247.254296
247.25794
247.258896
247.26683
247.267259
247.279935
247.280848
247.283357
247.285917
247.291733
247.293612
247.295315
247.301387
247.302355
247.311546
247.317615
247.320288
247.322169
247.323579
247.324351
247.326295
247.329935
247.332239
247.334389
247.33461
247.335591
247.340256
247.350929
247.351797
247.355091
247.363904
247.365101
247.368012
247.372482
247.374384
247.377587
247.381401
247.394027
247.406966
247.407606
247.410079
247.412272
247.412367
247.412507
247.413421
247.428129
247.429585
247.438656
247.440364
247.441007
247.445773
247.448895
247.460554
247.463482
247.464197
247.477839
247.488244
247.501453
247.502304
247.502485
247.505284
247.506336
247.507235
247.516297
247.517043
247.524253
247.526018
247.532232
247.537216
247.537388
247.544394
247.546007
247.553493
247.558183
247.560267
247.561052
247.566974
247.567577
247.569732
247.569833
247.572206
247.574665
247.580675
247.585423
247.595834
247.599818
247.605939
247.610373
247.613938
247.617622
247.617898
247.619865
247.627515
247.629163
247.629263
247.6308
247.638015
247.641195
247.641617
247.644722
247.645158
247.647422
247.648904
247.651737
247.659186
247.660197
247.678304
247.680418
247.686922
247.692831
247.696444
247.696675
247.709537
247.713807
247.721254
247.724925
247.724926
247.727453
247.735824
247.743535
247.745245
247.747698
247.749255
247.751978
247.752472
247.75591
247.756896
247.759856
247.769129
247.77441
247.775417
247.780618
247.782792
247.783773
247.788867
247.794982
247.798966
247.806065
247.81798
247.818694
247.821935
247.827844
247.828259
247.836106
247.840396
247.840506
247.841067
247.861733
247.862474
247.86533
247.866072
247.86746
247.869586
247.87738
247.883041
247.889108
247.896081
247.902502
247.903469
247.903659
247.910393
247.911057
247.914295
247.919616
247.923361
247.923716
247.930652
247.933352
247.935641
247.936179
247.946204
247.946414
247.951495
247.95664
247.956968
247.958675
247.959405
247.966971
247.967222
247.967614
247.969377
247.969469
247.974265
247.974407
247.975209
247.975596
247.976956
247.977286
247.980738
247.986077
247.987674
247.991571
247.99229
247.992952
247.994038
247.999226
248.010138
248.010963
248.012037
248.013068
248.016965
248.019319
248.020973
248.026726
248.026894
248.030351
248.031838
248.031955
248.032553
248.034576
248.034652
248.036533
248.046119
248.055901
248.056714
248.063374
248.064212
248.064473
248.067714
248.072273
248.073483
248.079267
248.083401
248.083863
248.086377
248.089452
248.098946
248.100713
248.103546
248.104076
248.104268
248.107188
248.113863
248.115576
248.116304
248.117869
248.119256
248.122315
248.123006
248.124483
248.126725
248.129307
248.130007
248.132426
248.13354
248.137902
248.141066
248.14296
248.149291
248.153748
248.16508
248.171544
248.171684
248.186137
248.193986
248.194357
248.196876
248.209806
248.2112
248.211287
248.218774
248.22022
248.220541
248.220621
248.220766
248.224194
248.225295
248.226984
248.22714
248.227512
248.229953
248.234554
248.238402
248.239666
248.248181
248.248731
248.252038
248.254861
248.255077
248.25864
248.259432
248.265549
248.270733
248.274745
248.275518
248.278143
248.278905
248.284995
248.285505
248.290668
248.292997
248.296698
248.297297
248.300081
248.303503
248.30622
248.313318
248.318812
248.322933
248.326882
248.329481
248.330982
248.3368
248.342323
248.34277
248.344715
248.344988
248.348705
248.349681
248.35275
248.368155
248.371217
248.376402
248.378775
248.382781
248.383639
248.384397
248.387858
248.389335
248.39168
248.40098
248.401007
248.401112
248.404592
248.405095
248.406451
248.409465
248.417781
248.41868
248.423643
248.435313
248.436367
248.438622
248.444187
248.449103
248.451158
248.457453
248.46707
248.468442
248.471481
248.47694
248.477607
248.478358
248.485838
248.486207
248.487738
248.490015
248.49318
248.499542
248.500315
248.506276
248.50942
248.511273
248.524295
248.52801
248.530279
248.53621
248.545498
248.556535
248.55998
248.561871
248.567618
248.571768
248.57776
248.587021
248.589484
248.590184
248.590456
248.592197
248.594117
248.594702
248.597129
248.597615
248.597905
248.599987
248.60289
248.60714
248.61144
248.613932
248.615644
248.617629
248.618704
248.623704
248.62372
248.62433
248.631787
248.632635
248.636106
248.649047
248.657491
248.666633
248.671026
248.684577
248.686745
248.690011
248.690249
248.691178
248.691849
248.691967
248.694078
248.694415
248.70014
248.702452
248.711127
248.711294
248.71223
248.71233
248.713832
248.722667
248.731431
248.734387
248.73529
248.735434
248.740594
248.741538
248.743264
248.744799
248.748882
248.758266
248.761478
248.763308
248.770889
248.773372
248.773433
248.778848
248.781111
248.781744
248.782399
248.783422
248.783757
248.784262
248.79466
248.79717
248.797523
248.797567
248.807089
248.810547
248.817851
248.829897
248.832031
248.832138
248.839161
248.844063
248.849384
248.851231
248.85136
248.852221
248.85624
248.860261
248.869826
248.870295
248.878727
248.883854
248.88589
248.886365
248.886869
248.887088
248.888578
248.892262
248.893966
248.89545
248.899331
248.906536
248.909817
248.910556
248.912848
248.915737
248.917305
248.921144
248.923478
248.924122
248.927135
248.934811
248.936134
248.938537
248.938748
248.941357
248.949123
248.955876
248.959577
248.959811
248.966911
248.967303
248.969862
248.97139
248.975263
248.980418
248.982764
248.982781
248.982963
248.985084
248.985453
248.98561
248.988387
248.990419
248.992724
249.006475
249.008255
249.01917
249.021969
249.022297
249.02366
249.024202
249.024944
249.026957
249.027332
249.028096
249.032613
249.03361
249.034248
249.034337
249.034578
249.042852
249.046946
249.053401
249.053821
249.058075
249.060672
249.063146
249.065555
249.069803
249.07079
249.081133
249.08248
249.085208
249.087483
249.088333
249.089794
249.091408
249.092821
249.093056
249.095625
249.09711
249.106598
249.107652
249.108341
249.110948
249.113735
249.114656
249.115879
249.125352
249.125955
249.126865
249.127391
249.131316
249.133157
249.133325
249.140697
249.141574
249.142243
249.143355
249.144064
249.148557
249.149915
249.154008
249.154655
249.159142
249.16144
249.166084
249.167881
249.168395
249.17043
249.171946
249.181459
249.182676
249.186354
249.186823
249.191002
249.192707
249.192815
249.193328
249.217098
249.233727
249.239506
249.24061
249.240727
249.24214
249.243954
249.246512
249.246617
249.24922
249.250326
249.250609
249.255644
249.258163
249.259583
249.261956
249.262852
249.263698
249.265572
249.267908
249.268618
249.275089
249.280055
249.28191
249.285134
249.286583
249.289566
249.291557
249.30251
249.302529
249.302576
249.302576
249.30469
249.306278
249.306341
249.31122
249.314754
249.316055
249.320451
249.321174
249.323805
249.327828
249.336885
249.33824
249.339523
249.347878
249.349853
249.349937
249.355364
249.359822
249.365627
249.368469
249.369126
249.376701
249.381321
249.404504
249.404955
249.405767
249.40611
249.408334
249.409835
249.413555
249.415998
249.420115
249.422117
249.422591
249.426534
249.429275
249.440943
249.442587
249.448071
249.452276
249.459076
249.460092
249.462016
249.464464
249.468266
249.472587
249.472699
249.475319
249.475613
249.482067
249.482315
249.483409
249.483839
249.484744
249.486431
249.487967
249.488685
249.489263
249.493799
249.49913
249.500074
249.500579
249.504323
249.505603
249.505622
249.509784
249.511417
249.512717
249.515343
249.526417
249.531143
249.550562
249.552213
249.55699
249.557014
249.560768
249.561052
249.56399
249.570872
249.57136
249.574793
249.575506
249.577812
249.578306
249.580178
249.582614
249.587105
249.588503
249.589633
249.58971
249.590098
249.592776
249.592906
249.593869
249.595017
249.595626
249.595884
249.59967
249.604271
249.60462
249.605189
249.607059
249.607329
249.6164
249.619412
249.61963
249.619915
249.626838
249.628478
249.632085
249.632247
249.636792
249.638458
249.63863
249.639864
249.640524
249.645072
249.648262
249.652165
249.654037
249.654692
249.655131
249.656419
249.662156
249.663666
249.664746
249.665509
249.665891
249.668407
249.668897
249.678855
249.679349
249.684165
249.68556
249.691744
249.697464
249.697615
249.705278
249.708864
249.710903
249.712378
249.713156
249.713738
249.715244
249.717682
249.723817
249.726539
249.73066
249.734834
249.739164
249.741951
249.742948
249.750028
249.761232
249.76972
249.770508
249.772295
249.773454
249.774885
249.777716
249.781549
249.782493
249.783731
249.785877
249.795444
249.795463
249.796565
249.797287
249.798962
249.800184
249.80128
249.804044
249.81052
249.823448
249.823488
249.826073
249.832032
249.837946
249.847167
249.847619
249.850438
249.853852
249.854168
249.858972
249.859396
249.862031
249.869587
249.87213
249.873117
249.878618
249.879584
249.881892
249.885467
249.888579
249.888622
249.889569
249.895709
249.897389
249.901264
249.902493
249.906327
249.910024
249.913483
249.913925
249.918395
249.930133
249.930935
249.932615
249.938826
249.943795
249.944416
249.948355
249.954267
249.954462
249.954785
249.956785
249.957654
249.959138
249.960337
249.972071
249.973987
249.975312
249.979823
249.98113
249.990113
249.991275
249.99188
249.994172
249.994333
249.995247
249.998879
250.004167
250.00893
250.018355
250.025621
250.026768
250.029883
250.02996
250.030491
250.030611
250.0308
250.036382
250.037855
250.039456
250.040085
250.046843
250.056608
250.056623
250.056983
250.06323
250.06761
250.076309
250.081934
250.082641
250.085033
250.089652
250.096013
250.100606
250.102012
250.102581
250.106137
250.106246
250.112868
250.118113
250.124872
250.128198
250.135059
250.139795
250.140755
250.141518
250.141898
250.142127
250.147443
250.148312
250.150847
250.154355
250.158166
250.161837
250.169045
250.169729
250.171686
250.176839
250.180351
250.184636
250.191854
250.204989
250.205723
250.208253
250.209956
250.212428
250.212611
250.221865
250.229855
250.233351
250.241554
250.243311
250.24709
250.25046
250.250831
250.256196
250.263916
250.263978
250.264212
250.271632
250.273787
250.282253
250.283139
250.287789
250.297712
250.299525
250.300729
250.301017
250.308795
250.309705
250.314163
250.314589
250.319178
250.323298
250.327169
250.335092
250.340821
250.341978
250.34399
250.344162
250.354241
250.355609
250.35619
250.362922
250.367499
250.377169
250.381296
250.389335
250.39297
250.395352
250.398061
250.400269
250.401064
250.405773
250.40679
250.408858
250.410676
250.412443
250.4155
250.419998
250.424009
250.424642
250.42596
250.431727
250.439232
250.443241
250.443618
250.444364
250.448077
250.454332
250.458848
250.459869
250.466748
250.468221
250.469764
250.46982
250.471739
250.473494
250.47431
250.47537
250.483219
250.48759
250.494615
250.49704
250.503888
250.516079
250.516132
250.525719
250.52638
250.529111
250.531952
250.535085
250.53657
250.538098
250.541198
250.543565
250.544098
250.548909
250.554802
250.555903
250.557865
250.564276
250.56653
250.574236
250.577081
250.580551
250.587276
250.591331
250.596223
250.598855
250.599767
250.600181
250.602521
250.604503
250.606953
250.608049
250.611891
250.617897
250.618253
250.620985
250.625583
250.63184
250.632803
250.633409
250.636211
250.63649
250.637919
250.637937
250.638364
250.644397
250.644572
250.648898
250.654468
250.655064
250.655537
250.657081
250.657405
250.659917
250.660846
250.662314
250.672885
250.678641
250.679272
250.67992
250.682531
250.693104
250.693202
250.693302
250.697099
250.6983
250.702208
250.702428
250.703451
250.703579
250.703691
250.71005
250.711913
250.715427
250.715782
250.716017
250.717034
250.718313
250.718607
250.719497
250.72037
250.727672
250.73118
250.735643
250.737391
250.741434
250.742343
250.753509
250.756845
250.764063
250.765156
250.765353
250.769115
250.772928
250.774363
250.776233
250.778609
250.779617
250.781572
250.781942
250.782527
250.787391
250.788393
250.792476
250.795205
250.797269
250.800134
250.802206
250.802737
250.805949
250.806851
250.807624
250.808491
250.813657
250.814601
250.816694
250.820486
250.823734
250.830019
250.833098
250.836684
250.837328
250.837474
250.84232
250.843044
250.844356
250.851974
250.8529
250.85363
250.85371
250.855044
250.859193
250.860143
250.865688
250.865835
250.871158
250.875364
250.877406
250.882017
250.883106
250.883922
250.887297
250.888395
250.890841
250.89108
250.8999
250.900659
250.906693
250.906865
250.908524
250.909523
250.92211
250.922399
250.924165
250.924532
250.925807
250.925891
250.927948
250.928137
250.932237
250.93792
250.939126
250.94122
250.944508
250.946996
250.947406
250.950996
250.958724
250.959709
250.964657
250.966533
250.967782
250.971542
250.972534
250.98222
250.986079
250.997356
250.997492
250.997798
250.99922
250.9996
251.002818
251.004547
251.00573
251.008388
251.014733
251.017707
251.020872
251.020933
251.021285
251.025846
251.031551
251.041143
251.041727
251.043066
251.043927
251.048979
251.049037
251.051461
251.057319
251.057648
251.058236
251.063336
251.063642
251.065878
251.067164
251.069802
251.073833
251.075339
251.075562
251.078631
251.089671
251.089761
251.0902
251.092595
251.096182
251.098173
251.099603
251.10314
251.108687
251.11058
251.120563
251.121866
251.124839
251.125423
251.128352
251.131993
251.141168
251.144509
251.14489
251.149101
251.154811
251.157761
251.159555
251.163442
251.165649
251.167876
251.168078
251.171306
251.171714
251.174874
251.179648
251.181723
251.189279
251.195596
251.1996
251.20158
251.202374
251.202572
251.203663
251.204967
251.205164
251.206151
251.21008
251.212066
251.218478
251.220775
251.221986
251.225013
251.22595
251.228428
251.232144
251.234615
251.235209
251.235239
251.238811
251.238964
251.241
251.246702
251.252663
251.255337
251.255469
251.255918
251.260359
251.261864
251.265775
251.267704
251.281171
251.285324
251.290145
251.290892
251.291207
251.291597
251.295369
251.296954
251.301477
251.30293
251.312488
251.314638
251.317271
251.320133
251.322253
251.322271
251.323063
251.324435
251.325624
251.326123
251.329088
251.330998
251.331397
251.335015
251.336975
251.338437
251.340948
251.345207
251.362129
251.370646
251.376149
251.377487
251.378167
251.379513
251.381576
251.381677
251.381824
251.383018
251.383288
251.38456
251.38549
251.386889
251.38708
251.391815
251.393033
251.394534
251.398206
251.405481
251.406952
251.407095
251.41472
251.41634
251.418977
251.419316
251.423145
251.430423
251.432699
251.435946
251.436094
251.438317
251.443628
251.44565
251.447076
251.451712
251.461256
251.463674
251.465303
251.476192
251.482575
251.486576
251.486804
251.500773
251.500988
251.505055
251.506304
251.507728
251.509632
251.512056
251.526077
251.53369
251.538201
251.538401
251.541377
251.541497
251.543886
251.546176
251.549239
251.553875
251.557629
251.56311
251.563545
251.564593
251.565659
251.565817
251.573168
251.574937
251.586064
251.586551
251.587587
251.588186
251.59455
251.603713
251.612345
251.612916
251.6148
251.614979
251.615925
251.617957
251.618991
251.622585
251.630642
251.630737
251.642714
251.642779
251.645467
251.646837
251.647633
251.653219
251.657234
251.666612
251.668129
251.669286
251.669535
251.671689
251.676209
251.679946
251.681141
251.682413
251.693532
251.702289
251.703525
251.704216
251.707549
251.711463
251.71955
251.720674
251.724353
251.730854
251.731553
251.734057
251.738668
251.738873
251.744909
251.747694
251.7545
251.761485
251.76217
251.775082
251.775152
251.777235
251.785038
251.785465
251.791411
251.797556
251.804484
251.805066
251.808645
251.812405
251.827193
251.833214
251.839751
251.840705
251.849887
251.850081
251.854352
251.854787
251.855348
251.855494
251.85579
251.856592
251.863268
251.86502
251.865463
251.871488
251.874799
251.877693
251.879938
251.88178
251.882163
251.888363
251.892269
251.893886
251.894312
251.898856
251.902725
251.904599
251.909695
251.911677
251.912206
251.918176
251.918341
251.922019
251.928755
251.934564
251.935084
251.936649
251.936961
251.941157
251.947282
251.949663
251.951566
251.959531
251.964021
251.968236
251.970635
251.970751
251.974841
251.976708
251.977548
251.978017
251.983536
251.983569
251.983876
251.986275
251.991073
251.992814
251.994098
251.99477
251.99884
251.999534
252.002558
252.005443
252.00705
252.007506
252.009278
252.009858
252.013598
252.013834
252.015087
252.020415
252.021571
252.024474
252.025266
252.031013
252.032813
252.033735
252.033892
252.034598
252.037807
252.040428
252.040626
252.044652
252.052348
252.056432
252.057148
252.057613
252.063131
252.063851
252.066602
252.068591
252.070213
252.070408
252.071097
252.071668
252.073717
252.074894
252.077877
252.078866
252.083475
252.085101
252.09547
252.09656
252.102202
252.104629
252.105112
252.105699
252.106976
252.107381
252.108284
252.112323
252.113079
252.119619
252.123618
252.125497
252.129074
252.131474
252.131886
252.133677
252.134729
252.135146
252.138096
252.140066
252.141615
252.141776
252.143361
252.151496
252.161994
252.165644
252.166472
252.175392
252.175642
252.179459
252.17972
252.182947
252.18492
252.190462
252.19374
252.195913
252.19736
252.197741
252.204104
252.205427
252.217791
252.221288
252.230444
252.23231
252.235906
252.241566
252.252149
252.261354
252.264663
252.26479
252.269329
252.279114
252.285507
252.286061
252.288492
252.289626
252.290437
252.298359
252.302837
252.303104
252.30644
252.310111
252.311078
252.312822
252.313607
252.313607
252.316287
252.321666
252.321725
252.328389
252.340121
252.340434
252.343593
252.34654
252.347539
252.351118
252.35186
252.353181
252.355367
252.357091
252.359961
252.367515
252.368364
252.368472
252.368598
252.371675
252.371726
252.372128
252.372506
252.374016
252.377731
252.378656
252.379107
252.381476
252.3826
252.387743
252.388109
252.390756
252.391548
252.398696
252.399492
252.401302
252.4067
252.413906
252.416838
252.417734
252.430542
252.432838
252.434297
252.436505
252.45234
252.452898
252.455195
252.456502
252.457699
252.458511
252.460236
252.466672
252.470496
252.473277
252.473502
252.47595
252.48429
252.485701
252.494068
252.494715
252.498905
252.500432
252.501404
252.502644
252.504656
252.508595
252.520791
252.52214
252.522799
252.524558
252.529355
252.537371
252.53969
252.539797
252.540808
252.545292
252.546266
252.547297
252.548449
252.563534
252.564046
252.56582
252.571901
252.582049
252.582862
252.585535
252.591071
252.591319
252.597844
252.599148
252.601872
252.603223
252.606283
252.606506
252.607195
252.614223
252.616278
252.623205
252.624126
252.634739
252.634742
252.635356
252.637369
252.638055
252.64569
252.648201
252.648389
252.650316
252.650927
252.655783
252.657225
252.660358
252.661423
252.673878
252.678611
252.682051
252.682632
252.688457
252.692509
252.695829
252.701058
252.701492
252.704736
252.709971
252.711323
252.717131
252.728639
252.734252
252.737761
252.73798
252.740316
252.74056
252.748497
252.750742
252.75107
252.753891
252.755949
252.759897
252.761068
252.771708
252.773826
252.774831
252.776479
252.776804
252.779307
252.784959
252.786132
252.790416
252.791314
252.793291
252.795536
252.798034
252.805825
252.807242
252.816827
252.821731
252.841452
252.842226
252.844278
252.845567
252.851345
252.855301
252.856761
252.86137
252.864129
252.864456
252.867954
252.87407
252.881224
252.88553
252.886049
252.892902
252.896442
252.905652
252.906674
252.907358
252.909635
252.910628
252.913563
252.914633
252.914798
252.91677
252.920433
252.920554
252.920574
252.923215
252.923843
252.924894
252.925883
252.927944
252.928877
252.940958
252.943647
252.945387
252.948733
252.951401
252.955544
252.95609
252.958169
252.963037
252.967468
252.970364
252.971173
252.971193
252.974421
252.980995
252.981748
252.981792
252.982054
252.982112
252.985941
252.987044
252.987365
252.989855
252.991223
252.992567
252.998763
253.003186
253.00991
253.018534
253.018723
253.021782
253.029599
253.032506
253.03738
253.038007
253.03901
253.039774
253.04092
253.041985
253.043368
253.051673
253.052031
253.05287
253.053451
253.056659
253.059503
253.069173
253.078896
253.084337
253.08768
253.0882
253.088994
253.092726
253.0966
253.103192
253.106562
253.108465
253.108791
253.110457
253.111873
253.11468
253.115773
253.120552
253.1231
253.127667
253.129766
253.132025
253.133619
253.135276
253.143014
253.15472
253.170182
253.17097
253.171726
253.176987
253.189067
253.189662
253.190686
253.191131
253.196209
253.19807
253.198071
253.198074
253.199073
253.204131
253.210148
253.217805
253.219889
253.233182
253.233479
253.236207
253.239259
253.240053
253.240435
253.240718
253.247942
253.249598
253.256969
253.258222
253.262138
253.263345
253.264458
253.273824
253.279286
253.28087
253.287934
253.2897
253.292307
253.292558
253.295666
253.300931
253.300934
253.301894
253.308249
253.311554
253.312274
253.314079
253.314174
253.315345
253.318766
253.319689
253.324158
253.325293
253.335548
253.336128
253.338031
253.348261
253.353603
253.361638
253.366019
253.366129
253.369142
253.370403
253.378958
253.391345
253.391803
253.396762
253.397115
253.399424
253.400473
253.404681
253.416262
253.419555
253.421263
253.423692
253.426498
253.427084
253.42864
253.430015
253.430279
253.432727
253.433745
253.439905
253.449948
253.450732
253.453939
253.459896
253.45993
253.462271
253.466139
253.466293
253.468689
253.472506
253.489731
253.490093
253.49397
253.494911
253.497383
253.498472
253.504241
253.508166
253.508635
253.512884
253.516395
253.516798
253.519093
253.521749
253.526912
253.530119
253.530835
253.535427
253.53729
253.537905
253.538553
253.539511
253.550027
253.559087
253.57091
253.572442
253.577612
253.581483
253.584296
253.589944
253.590245
253.599044
253.603216
253.605665
253.613365
253.615182
253.615269
253.618223
253.624027
253.62763
253.628719
253.629159
253.64253
253.650828
253.654916
253.657671
253.659583
253.659932
253.668667
253.668962
253.669359
253.671009
253.672451
253.67339
253.676968
253.677368
253.678422
253.681
253.68111
253.682496
253.68558
253.685893
253.687506
253.693293
253.697632
253.702858
253.704297
253.710681
253.716964
253.718221
253.724989
253.726171
253.727726
253.728
253.730555
253.738228
253.741185
253.745646
253.752289
253.752308
253.752995
253.75586
253.76597
253.767894
253.768582
253.770191
253.772611
253.776912
253.785475
253.786758
253.790407
253.796751
253.797619
253.797964
253.799221
253.801262
253.801556
253.806726
253.81133
253.813613
253.814858
253.816539
253.81691
253.822485
253.830415
253.832635
253.833408
253.834874
253.836539
253.837604
253.842509
253.842913
253.843191
253.845133
253.848307
253.855588
253.862676
253.870293
253.871623
253.880392
253.883159
253.88325
253.894015
253.898091
253.90015
253.90674
253.913837
253.921785
253.921931
253.931431
253.933208
253.933973
253.938626
253.939402
253.942796
253.945138
253.946466
253.953463
253.956669
253.956861
253.960778
253.962957
253.96419
253.96578
253.966016
253.966855
253.967929
253.969054
253.971596
253.974353
253.976501
253.988872
253.992325
254.000094
254.006053
254.010098
254.011184
254.012154
254.012975
254.016332
254.016978
254.018346
254.01892
254.019314
254.024511
254.03884
254.043566
254.043775
254.054538
254.055201
254.056619
254.058506
254.058533
254.059144
254.059453
254.060804
254.064908
254.068308
254.070603
254.073229
254.081381
254.090821
254.100865
254.101022
254.101314
254.101794
254.102799
254.106515
254.108076
254.108977
254.109157
254.114332
254.117414
254.137989
254.143053
254.151092
254.154385
254.155676
254.155765
254.157307
254.157935
254.158172
254.165861
254.174799
254.179021
254.182545
254.190603
254.191775
254.202393
254.20701
254.207429
254.20918
254.213176
254.213338
254.215993
254.217636
254.21827
254.23079
254.240881
254.241599
254.242266
254.244516
254.247108
254.255831
254.25729
254.25797
254.259222
254.259323
254.266948
254.273721
254.275009
254.279129
254.282278
254.286962
254.290707
254.294943
254.296277
254.296811
254.297366
254.299482
254.301337
254.303029
254.314715
254.330018
254.331004
254.333139
254.333266
254.334832
254.342896
254.344339
254.344773
254.347447
254.34889
254.352272
254.352647
254.358653
254.362167
254.372356
254.373063
254.375152
254.378206
254.389744
254.393958
254.39764
254.405282
254.406616
254.411965
254.415501
254.419563
254.420476
254.425901
254.43091
254.432966
254.436606
254.437702
254.437746
254.438
254.443841
254.45419
254.455942
254.463998
254.467871
254.468516
254.47403
254.479173
254.48922
254.490353
254.493008
254.494623
254.502002
254.504809
254.508768
254.513337
254.516966
254.519334
254.527115
254.531194
254.531619
254.53278
254.533669
254.538361
254.540753
254.543522
254.54381
254.550583
254.557413
254.557728
254.557761
254.564945
254.566722
254.570437
254.570779
254.57935
254.585044
254.587854
254.588346
254.591021
254.594624
254.596561
254.59823
254.614898
254.617067
254.621667
254.624297
254.626664
254.628014
254.630688
254.630923
254.636258
254.645502
254.646195
254.647102
254.652771
254.653182
254.654622
254.655675
254.656742
254.657766
254.657969
254.662089
254.663898
254.669537
254.670832
254.670988
254.672616
254.676159
254.678934
254.683492
254.685755
254.690797
254.692503
254.693128
254.697304
254.699687
254.702666
254.704433
254.705831
254.707581
254.710632
254.712849
254.715035
254.716789
254.723532
254.725951
254.73091
254.733296
254.73655
254.743771
254.745405
254.74929
254.756625
254.763104
254.76429
254.765995
254.767394
254.77475
254.776444
254.777501
254.777602
254.778425
254.782581
254.783434
254.784735
254.78496
254.78699
254.789271
254.791209
254.791255
254.798213
254.798818
254.798931
254.80254
254.803026
254.804779
254.806085
254.811352
254.814724
254.817717
254.819329
254.828258
254.834071
254.838905
254.83962
254.841509
254.841859
254.843364
254.846155
254.847345
254.848946
254.853894
254.854168
254.854401
254.855438
254.855696
254.869704
254.873743
254.876896
254.879187
254.884916
254.894364
254.894602
254.905055
254.908887
254.911077
254.915409
254.91677
254.919321
254.924262
254.928817
254.92905
254.93044
254.930769
254.932369
254.936314
254.938035
254.944557
254.946876
254.957725
254.958652
254.964161
254.967178
254.967204
254.969485
254.976731
254.983212
254.983475
254.988474
254.99649
255.001814
255.006252
255.01541
255.016411
255.017439
255.019128
255.020752
255.02408
255.027829
255.029181
255.034109
255.036285
255.048576
255.05299
255.053899
255.056635
255.060374
255.062159
255.062285
255.064287
255.07001
255.072058
255.072845
255.073392
255.078317
255.086468
255.09098
255.098064
255.101239
255.112107
255.117167
255.118564
255.11887
255.119079
255.121932
255.123076
255.123113
255.12631
255.136719
255.138563
255.138956
255.148867
255.149696
255.151111
255.160227
255.162775
255.163669
255.16462
255.168386
255.168431
255.168551
255.172806
255.173564
255.174347
255.175475
255.186682
255.19534
255.198244
255.198624
255.204186
255.204281
255.209053
255.214635
255.221398
255.224099
255.228415
255.228529
255.238203
255.23841
255.242884
255.243592
255.250527
255.250755
255.253731
255.257576
255.266104
255.269327
255.270722
255.27272
255.272819
255.272837
255.273132
255.274557
255.27883
255.281591
255.284689
255.292173
255.297515
255.299285
255.303033
255.30533
255.306955
255.307964
255.312865
255.315083
255.316054
255.318233
255.318383
255.328203
255.331152
255.332249
255.334914
255.338648
255.338952
255.340063
255.341016
255.343154
255.344745
255.346028
255.347695
255.34829
255.349745
255.352687
255.352878
255.353429
255.354318
255.355833
255.356619
255.357303
255.362398
255.363955
255.3699
255.371033
255.376768
255.393788
255.394843
255.397876
255.402202
255.406303
255.409883
255.410292
255.41139
255.422067
255.423044
255.424745
255.430908
255.432191
255.435129
255.435439
255.436079
255.437925
255.439749
255.448539
255.449476
255.451227
255.452611
255.465525
255.467973
255.468606
255.478279
255.478643
255.478871
255.479714
255.48406
255.485114
255.488844
255.489943
255.493585
255.494218
255.494407
255.498634
255.498662
255.503806
255.504484
255.518299
255.518525
255.526412
255.531108
255.533195
255.533467
255.536349
255.536448
255.536454
255.536507
255.536952
255.537036
255.540977
255.543039
255.543907
255.547102
255.549844
255.552184
255.55471
255.555026
255.559925
255.567314
255.567449
255.569418
255.569631
255.572727
255.580591
255.581682
255.582204
255.583756
255.591462
255.593697
255.596696
255.598563
255.601205
255.605949
255.61263
255.615495
255.618977
255.620225
255.622554
255.62886
255.631812
255.636669
255.637368
255.638779
255.641856
255.642223
255.644956
255.64737
255.647865
255.654268
255.656811
255.657755
255.660104
255.668533
255.680946
255.683054
255.684271
255.684446
255.686478
255.689616
255.69601
255.6994
255.706022
255.711401
255.719268
255.731086
255.736801
255.738144
255.740538
255.747685
255.749
255.761461
255.762959
255.765207
255.766236
255.768577
255.770402
255.771204
255.786089
255.786812
255.790581
255.792442
255.794456
255.806288
255.811873
255.814871
255.815415
255.821386
255.829339
255.832596
255.835242
255.837211
255.838266
255.846561
255.85161
255.852874
255.855132
255.855284
255.857536
255.859195
255.861767
255.867688
255.869739
255.877521
255.881278
255.88233
255.883375
255.885958
255.88752
255.895538
255.895792
255.89836
255.90057
255.900593
255.901969
255.905311
255.908456
255.909903
255.915757
255.917139
255.92572
255.928148
255.932047
255.942069
255.944408
255.9449
255.948917
255.9601
255.961619
255.965229
255.969854
255.971912
255.972189
255.980274
255.98069
255.982278
255.983119
255.984461
255.985349
255.985485
255.992567
256.001848
256.007199
256.009225
256.013528
256.013549
256.015232
256.021595
256.021832
256.022545
256.029635
256.034437
256.037357
256.039552
256.072029
256.074578
256.078655
256.082248
256.082264
256.084599
256.085571
256.094508
256.100015
256.100647
256.100993
256.103152
256.104567
256.106073
256.109983
256.11665
256.119994
256.120828
256.123496
256.131097
256.133109
256.138473
256.141087
256.146688
256.146917
256.14982
256.15118
256.154437
256.155563
256.155623
256.156714
256.1571
256.160927
256.161997
256.162874
256.164724
256.167157
256.171239
256.17716
256.177332
256.178076
256.18055
256.184283
256.18457
256.187653
256.188319
256.191778
256.195551
256.200323
256.207538
256.210983
256.213364
256.230134
256.235494
256.236488
256.238734
256.239126
256.247901
256.248412
256.257699
256.258945
256.261483
256.261566
256.270187
256.274947
256.276785
256.278372
256.280466
256.286666
256.287107
256.294927
256.29659
256.301635
256.302698
256.303988
256.30557
256.313008
256.313524
256.319996
256.320313
256.321444
256.323943
256.326722
256.343508
256.345994
256.351065
256.357423
256.360634
256.360899
256.362046
256.363707
256.367285
256.368667
256.378593
256.380063
256.383633
256.389579
256.397266
256.399272
256.400937
256.41246
256.414328
256.418278
256.424106
256.426222
256.430362
256.433762
256.436841
256.443411
256.445989
256.45029
256.468414
256.477625
256.478648
256.481499
256.484037
256.485306
256.500432
256.503203
256.508134
256.509617
256.512006
256.51375
256.517645
256.519025
256.519139
256.520035
256.531539
256.531583
256.541524
256.541806
256.54768
256.55152
256.56165
256.565284
256.566949
256.569426
256.572765
256.573747
256.578055
256.578164
256.581203
256.586997
256.588982
256.59058
256.596106
256.601973
256.602168
256.603106
256.603474
256.606801
256.617079
256.620754
256.625572
256.629374
256.640244
256.64237
256.642904
256.647253
256.650812
256.651255
256.65336
256.653524
256.664128
256.664726
256.666324
256.669638
256.672493
256.676077
256.683603
256.684117
256.687314
256.687862
256.698001
256.698324
256.699128
256.702511
256.703291
256.712163
256.71409
256.716526
256.720838
256.72772
256.731195
256.73553
256.736853
256.738393
256.741868
256.742511
256.744953
256.752971
256.758787
256.758828
256.767169
256.767905
256.772208
256.780649
256.780802
256.780853
256.784993
256.791177
256.793151
256.793279
256.795253
256.799943
256.802361
256.81111
256.819007
256.828392
256.83048
256.837738
256.856575
256.858122
256.859926
256.861041
256.885993
256.887788
256.887812
256.890931
256.894203
256.897951
256.912687
256.915095
256.916449
256.928351
256.952991
256.953633
256.957822
256.959487
256.969285
256.975923
256.98304
256.985253
256.986725
256.991159
256.992129
256.996683
256.996961
257.001562
257.006594
257.009507
257.013704
257.021223
257.026347
257.027067
257.028286
257.02884
257.031787
257.032657
257.036015
257.041301
257.047629
257.0511
257.05267
257.054428
257.06143
257.061934
257.06912
257.069551
257.074336
257.078933
257.07976
257.081014
257.088181
257.093833
257.10907
257.110806
257.124228
257.134146
257.148769
257.152473
257.153449
257.153942
257.161005
257.161983
257.165232
257.166719
257.168644
257.169283
257.17833
257.181455
257.189867
257.200013
257.209737
257.210345
257.216884
257.218677
257.220537
257.22116
257.224437
257.227428
257.237722
257.240874
257.242889
257.243399
257.243687
257.259665
257.267539
257.27252
257.27647
257.279174
257.286473
257.286625
257.287862
257.295026
257.299203
257.303946
257.313085
257.316228
257.317069
257.322516
257.328358
257.33006
257.333251
257.342055
257.344686
257.346557
257.351085
257.372723
257.37285
257.373758
257.389268
257.393637
257.401817
257.418149
257.420095
257.421064
257.423257
257.424461
257.426162
257.427123
257.427897
257.431795
257.436012
257.436668
257.440493
257.443719
257.44681
257.449772
257.45099
257.45472
257.462598
257.464596
257.467199
257.467878
257.479189
257.481777
257.496222
257.506294
257.512665
257.515335
257.516274
257.5167
257.517896
257.518172
257.518373
257.529412
257.533535
257.539041
257.542261
257.544201
257.556373
257.575609
257.583907
257.591922
257.598239
257.610167
257.619947
257.621381
257.622016
257.623981
257.625644
257.631167
257.631813
257.632995
257.634746
257.636919
257.637263
257.638448
257.644666
257.65083
257.651943
257.651949
257.657904
257.660878
257.668768
257.669955
257.674383
257.676802
257.68711
257.688232
257.699088
257.702697
257.704025
257.708089
257.713361
257.720183
257.722053
257.730969
257.733405
257.738499
257.739969
257.745434
257.746381
257.754679
257.757259
257.765829
257.767058
257.772539
257.776887
257.781726
257.792813
257.801234
257.803479
257.807246
257.811972
257.819253
257.820705
257.820952
257.821576
257.822079
257.829897
257.833098
257.83385
257.839169
257.844374
257.849312
257.852326
257.864002
257.865235
257.867689
257.870498
257.87249
257.874158
257.884832
257.890363
257.891169
257.892647
257.894876
257.894901
257.904099
257.911651
257.915825
257.91737
257.918048
257.926574
257.926845
257.927891
257.928356
257.932148
257.932916
257.941154
257.95146
257.955145
257.957016
257.965471
257.977674
257.987782
258.001277
258.015079
258.02341
258.023506
258.025091
258.026352
258.033537
258.0379
258.048408
258.060395
258.060602
258.07438
258.077567
258.082628
258.093169
258.097684
258.104018
258.104719
258.107631
258.107673
258.109539
258.120926
258.121399
258.125466
258.126369
258.135038
258.139269
258.140754
258.140871
258.152027
258.155736
258.160542
258.160688
258.166116
258.171049
258.176247
258.181039
258.187527
258.192963
258.194446
258.195572
258.208603
258.211972
258.220793
258.241633
258.243427
258.245857
258.253639
258.255705
258.261747
258.266103
258.266118
258.266779
258.270533
258.272559
258.280136
258.289198
258.290812
258.293245
258.293448
258.299151
258.312477
258.314621
258.318559
258.321243
258.321463
258.322291
258.324078
258.325327
258.327323
258.333122
258.338598
258.340373
258.342589
258.348747
258.349656
258.352321
258.352381
258.361824
258.362903
258.364883
258.369321
258.370845
258.380213
258.380526
258.381549
258.384838
258.388086
258.389227
258.398708
258.405691
258.407964
258.408799
258.410706
258.412098
258.414753
258.415246
258.421174
258.421294
258.423655
258.429792
258.432588
258.432902
258.43828
258.445387
258.447475
258.45703
258.458154
258.465026
258.471217
258.471738
258.47674
258.482158
258.483854
258.487227
258.487391
258.493198
258.514859
258.532248
258.538563
258.540828
258.543259
258.548037
258.549917
258.550487
258.553038
258.553136
258.553179
258.555346
258.559023
258.560241
258.56217
258.563084
258.564816
258.568891
258.571771
258.580485
258.580784
258.587054
258.588235
258.606058
258.607947
258.610761
258.622726
258.623424
258.624991
258.625225
258.632564
258.63424
258.634285
258.639023
258.641058
258.643453
258.647382
258.653005
258.654054
258.655559
258.655931
258.659743
258.665918
258.668286
258.672107
258.676069
258.683131
258.694385
258.697961
258.69843
258.701788
258.727608
258.731603
258.733255
258.738624
258.741488
258.744175
258.744194
258.745413
258.750631
258.75692
258.758243
258.75861
258.761735
258.769973
258.773506
258.778152
258.778776
258.786645
258.795469
258.797149
258.803845
258.80531
258.809697
258.811321
258.817262
258.818466
258.829274
258.83157
258.840966
258.854216
258.85815
258.859843
258.864753
258.865447
258.866867
258.867482
258.873958
258.885229
258.886625
258.893639
258.906723
258.925633
258.925713
258.928388
258.936775
258.938121
258.939819
258.940674
258.946324
258.947214
258.948817
258.953484
258.955042
258.95542
258.958946
258.969659
258.974362
258.974407
258.980628
258.982185
258.982601
258.984438
258.995366
258.996552
259.006962
259.006979
259.008937
259.011461
259.012857
259.014542
259.029562
259.030607
259.038191
259.042484
259.049924
259.06635
259.072824
259.075304
259.078437
259.090897
259.107081
259.108484
259.111962
259.118163
259.122287
259.123428
259.129228
259.130718
259.134188
259.135481
259.138869
259.140439
259.144583
259.150442
259.150525
259.15228
259.152533
259.153702
259.161244
259.164145
259.168841
259.177047
259.180313
259.181717
259.185222
259.188157
259.199725
259.202341
259.212102
259.21238
259.220108
259.226497
259.228139
259.228231
259.229319
259.233701
259.235787
259.241744
259.24325
259.248409
259.251208
259.259117
259.285585
259.285761
259.290226
259.295554
259.295719
259.318471
259.329937
259.333348
259.334954
259.34084
259.341013
259.341288
259.343201
259.34365
259.354118
259.35585
259.359608
259.36152
259.364041
259.364906
259.370224
259.375921
259.38028
259.381369
259.385191
259.387063
259.38834
259.3914
259.392531
259.397145
259.409508
259.420603
259.420757
259.422552
259.423882
259.429709
259.430975
259.434847
259.443673
259.449851
259.453242
259.456116
259.472828
259.478994
259.48034
259.484217
259.484453
259.493165
259.49455
259.512927
259.517004
259.523828
259.525023
259.534578
259.534945
259.537295
259.538427
259.539924
259.541957
259.545204
259.55276
259.555978
259.559782
259.561435
259.575943
259.582974
259.590103
259.593339
259.59497
259.596865
259.604684
259.604786
259.615875
259.623889
259.627538
259.634315
259.657892
259.659454
259.661967
259.662162
259.664773
259.666013
259.66663
259.668009
259.66959
259.671177
259.671464
259.681132
259.687265
259.687512
259.691369
259.703264
259.704468
259.712623
259.715287
259.718056
259.739826
259.747848
259.753686
259.754558
259.756502
259.761649
259.771353
259.792712
259.795947
259.799998
259.802325
259.807079
259.825129
259.832314
259.834167
259.840205
259.841653
259.847041
259.84854
259.865001
259.873985
259.879775
259.897092
259.897522
259.902175
259.902884
259.908532
259.912937
259.916433
259.917357
259.91867
259.928916
259.929384
259.93173
259.932454
259.933468
259.937297
259.940279
259.945564
259.948245
259.949746
259.952012
259.957035
259.959491
259.960328
259.976047
259.978365
259.988859
259.998537
259.99983
260.004239
260.015269
260.016026
260.019737
260.022664
260.027593
260.034663
260.053372
260.060789
260.064875
260.06726
260.067537
260.068588
260.082897
260.093414
260.096288
260.100094
260.10305
260.108302
260.115953
260.116671
260.120962
260.126714
260.135555
260.13569
260.13649
260.146911
260.147627
260.149213
260.156128
260.159184
260.161622
260.166629
260.180727
260.191716
260.193258
260.193974
260.199029
260.202948
260.203862
260.204565
260.207788
260.208228
260.21416
260.228378
260.237031
260.246381
260.261276
260.261396
260.28069
260.281345
260.291365
260.292507
260.292675
260.29395
260.310097
260.314096
260.314657
260.31689
260.324248
260.331507
260.333136
260.333231
260.335842
260.344785
260.349777
260.350442
260.363507
260.380255
260.401795
260.406761
260.410505
260.412566
260.413891
260.426317
260.433229
260.433699
260.434667
260.437098
260.447676
260.448251
260.451677
260.452504
260.457403
260.464388
260.465882
260.468247
260.469596
260.471792
260.472751
260.477431
260.479585
260.488321
260.488756
260.489262
260.491714
260.492143
260.504505
260.517254
260.538853
260.538966
260.54377
260.54409
260.551166
260.557408
260.559128
260.561261
260.563331
260.569534
260.569612
260.571326
260.577057
260.580034
260.600346
260.606275
260.614311
260.625371
260.634366
260.639308
260.643611
260.647763
260.654616
260.669125
260.674508
260.678033
260.679544
260.683335
260.683472
260.687557
260.696741
260.69803
260.707472
260.708992
260.717417
260.723919
260.729001
260.729301
260.731526
260.758492
260.758532
260.760015
260.763144
260.783999
260.784975
260.785895
260.802741
260.804826
260.82824
260.828671
260.831625
260.855086
260.856483
260.873761
260.877667
260.891776
260.90066
260.901546
260.902003
260.912427
260.933258
260.949586
260.953961
260.956477
260.975161
260.980973
260.983956
260.984311
260.984386
260.989467
260.996441
260.996811
261.000696
261.006518
261.012028
261.014155
261.016634
261.020285
261.021242
261.044949
261.047508
261.048487
261.051082
261.061673
261.066441
261.073032
261.075468
261.080995
261.085858
261.0911
261.095065
261.095664
261.096023
261.103225
261.105554
261.110117
261.115863
261.115873
261.120324
261.125404
261.127633
261.140541
261.154276
261.15602
261.159119
261.160058
261.176487
261.182365
261.183987
261.202073
261.210735
261.213613
261.215994
261.220133
261.238598
261.243428
261.24366
261.248695
261.250552
261.258725
261.282669
261.285664
261.289848
261.300445
261.308321
261.309378
261.314597
261.320034
261.331874
261.334354
261.349187
261.364044
261.367802
261.374062
261.377282
261.386689
261.387195
261.393588
261.404009
261.410525
261.411201
261.411223
261.412711
261.42307
261.424987
261.425643
261.431813
261.433343
261.442155
261.446966
261.44779
261.450445
261.452937
261.45569
261.470807
261.477784
261.484973
261.490464
261.492178
261.499247
261.515137
261.526587
261.529134
261.532671
261.535889
261.539255
261.565316
261.566565
261.567109
261.574597
261.590062
261.596782
261.596906
261.597536
261.604607
261.610838
261.61165
261.620128
261.623767
261.63154
261.637341
261.657447
261.661219
261.667109
261.670848
261.675937
261.682984
261.699624
261.727568
261.748688
261.750214
261.758698
261.761398
261.764255
261.765364
261.76597
261.766831
261.790517
261.792484
261.808301
261.823692
261.832031
261.838328
261.840342
261.841856
261.844684
261.847004
261.847806
261.853941
261.85795
261.858934
261.859703
261.863398
261.869511
261.873156
261.873391
261.88021
261.889636
261.89353
261.914037
261.923505
261.928011
261.943844
261.951547
261.968909
261.974355
261.978122
261.978678
261.986278
261.987046
261.989785
262.014375
262.015206
262.019541
262.024268
262.044101
262.046006
262.047915
262.04897
262.055519
262.057093
262.07184
262.072313
262.072628
262.08342
262.084279
262.0847
262.086642
262.10424
262.117119
262.122485
262.126543
262.127677
262.136152
262.143698
262.152152
262.158951
262.170357
262.182828
262.193859
262.194128
262.201216
262.209235
262.213353
262.215495
262.231958
262.232761
262.236175
262.242439
262.261
262.261733
262.261992
262.262269
262.262657
262.26617
262.269844
262.272571
262.27671
262.325933
262.333604
262.337638
262.343552
262.357018
262.358069
262.360444
262.373048
262.382262
262.387975
262.388399
262.402903
262.409485
262.419837
262.42356
262.423618
262.427728
262.435799
262.444531
262.4469
262.448993
262.468704
262.47465
262.475829
262.478654
262.481703
262.485676
262.502945
262.51508
262.520773
262.524575
262.538466
262.547912
262.575068
262.577438
262.579288
262.583705
262.592716
262.599691
262.636522
262.636649
262.640387
262.6631
262.674605
262.69513
262.697051
262.698195
262.714013
262.732378
262.734119
262.736
262.743767
262.746564
262.747404
262.756516
262.756791
262.762626
262.768616
262.769557
262.785187
262.798496
262.803642
262.806889
262.809476
262.812633
262.815809
262.825957
262.825969
262.827422
262.835928
262.837752
262.849927
262.867394
262.868731
262.877186
262.880838
262.88502
262.885255
262.895804
262.896175
262.904884
262.905246
262.92193
262.927417
262.929467
262.929622
262.934084
262.942322
262.943789
262.945837
262.949104
262.949422
262.961751
262.968552
262.976613
262.97679
262.977705
262.980196
262.980412
262.981951
262.987602
262.989561
263.000787
263.01885
263.021038
263.023353
263.033745
263.044876
263.045638
263.046373
263.049865
263.061
263.080563
263.084043
263.089252
263.095439
263.096349
263.099982
263.102933
263.112709
263.113647
263.125119
263.126248
263.129237
263.142985
263.143113
263.147231
263.147584
263.157605
263.16926
263.179104
263.190612
263.194845
263.201605
263.229795
263.261168
263.270364
263.272785
263.272953
263.275576
263.283501
263.285986
263.291687
263.316283
263.333882
263.334724
263.34375
263.346053
263.347244
263.348451
263.34913
263.350211
263.352153
263.36356
263.366832
263.390394
263.422231
263.425948
263.42879
263.431373
263.434746
263.437018
263.43843
263.441198
263.447536
263.452324
263.453487
263.460166
263.464433
263.465308
263.473893
263.480623
263.481312
263.4846
263.492802
263.505513
263.507802
263.516635
263.518296
263.524358
263.5352
263.557496
263.563848
263.571562
263.573395
263.577541
263.606005
263.623272
263.625163
263.628742
263.633044
263.646516
263.65594
263.660678
263.664108
263.68782
263.688035
263.688652
263.698489
263.705111
263.70519
263.706021
263.707432
263.728631
263.739172
263.758584
263.761464
263.768367
263.773418
263.775485
263.793486
263.796151
263.818434
263.839873
263.845371
263.860619
263.880425
263.886812
263.887697
263.888704
263.895133
263.896037
263.898814
263.899123
263.900152
263.906128
263.9111
263.920599
263.924441
263.926213
263.94873
263.952026
263.953386
263.958984
263.959723
263.973844
263.990218
264.00358
264.011521
264.012591
264.013087
264.029641
264.031198
264.033657
264.047649
264.055577
264.064206
264.064257
264.070178
264.074219
264.07839
264.078985
264.083034
264.093527
264.097147
264.1007
264.118846
264.133119
264.133715
264.135121
264.136364
264.14035
264.155132
264.158161
264.161458
264.168412
264.168991
264.171445
264.179434
264.184055
264.184475
264.204354
264.231094
264.233568
264.234449
264.241531
264.243702
264.244196
264.257015
264.261753
264.262001
264.264145
264.268409
264.268866
264.279441
264.287027
264.289664
264.302038
264.309296
264.324212
264.33048
264.349586
264.358816
264.365702
264.366097
264.375913
264.387896
264.394853
264.397792
264.397805
264.399404
264.399535
264.403548
264.404427
264.404978
264.406331
264.412641
264.421337
264.424986
264.432438
264.433579
264.44752
264.46141
264.462521
264.464117
264.476147
264.486203
264.49414
264.507412
264.511885
264.519846
264.530473
264.54193
264.543792
264.549372
264.55117
264.554302
264.556691
264.557249
264.566968
264.573521
264.582348
264.591952
264.604025
264.623584
264.627486
264.640928
264.649055
264.656173
264.656509
264.667762
264.66851
264.675863
264.691286
264.69372
264.705684
264.706866
264.708572
264.712209
264.714353
264.719893
264.72428
264.735152
264.735374
264.743845
264.746235
264.750076
264.756523
264.781951
264.790467
264.800219
264.80582
264.808695
264.830632
264.837414
264.838258
264.84297
264.848026
264.850093
264.850574
264.858887
264.864523
264.870146
264.899969
264.900935
264.914049
264.914481
264.918326
264.922137
264.924265
264.924948
264.927576
264.969538
264.985811
264.989151
265.015771
265.022439
265.033174
265.034876
265.04423
265.044469
265.099846
265.10815
265.112989
265.130323
265.131538
265.135471
265.139955
265.152714
265.168592
265.173561
265.185024
265.190212
265.224768
265.228683
265.249527
265.251597
265.254596
265.268504
265.272942
265.276933
265.302407
265.321498
265.321612
265.331798
265.335794
265.339213
265.343776
265.360959
265.361459
265.36216
265.371345
265.395968
265.40904
265.416154
265.419514
265.436776
265.445843
265.465443
265.472023
265.494396
265.503238
265.504445
265.513305
265.513476
265.520545
265.522333
265.523527
265.531885
265.532485
265.540808
265.545059
265.549345
265.552435
265.554528
265.557872
265.56643
265.566691
265.595326
265.617397
265.618257
265.619342
265.654919
265.670708
265.67207
265.675972
265.679116
265.694582
265.699133
265.701497
265.706617
265.70944
265.715436
265.717398
265.724145
265.727183
265.728165
265.73277
265.734861
265.737157
265.765927
265.768913
265.786739
265.807883
265.835564
265.846911
265.852235
265.856223
265.858153
265.858208
265.876646
265.881929
265.885151
265.887738
265.890304
265.894281
265.901948
265.903968
265.910233
265.918394
265.923669
265.934598
265.946547
265.953513
265.965626
265.97129
265.979294
266.008846
266.025768
266.028174
266.030044
266.064457
266.082933
266.086895
266.091408
266.096558
266.103541
266.113329
266.12124
266.122599
266.136997
266.142948
266.14606
266.155916
266.174117
266.183399
266.187618
266.218698
266.220019
266.223132
266.226236
266.246972
266.24828
266.256451
266.263812
266.269749
266.277021
266.315772
266.32027
266.339682
266.340165
266.341159
266.34352
266.346043
266.347674
266.35032
266.35453
266.374274
266.38475
266.386002
266.386144
266.388495
266.429026
266.433307
266.438617
266.445946
266.447658
266.457633
266.460268
266.478444
266.479011
266.505222
266.513451
266.513522
266.544565
266.55441
266.556126
266.563858
266.571758
266.57219
266.579296
266.588782
266.591489
266.59476
266.599878
266.604131
266.616095
266.621634
266.62325
266.623695
266.630489
266.644144
266.654723
266.655655
266.655847
266.656859
266.659151
266.675913
266.676049
266.681682
266.691102
266.692506
266.695592
266.697452
266.704717
266.714305
266.725287
266.736452
266.751915
266.75514
266.770975
266.781213
266.794668
266.798481
266.800476
266.830346
266.842062
266.85068
266.85714
266.862976
266.876505
266.887852
266.896944
266.89973
266.908404
266.910824
266.911287
266.9154
266.921488
266.923314
266.924296
266.940758
266.941529
266.942944
266.970799
266.99443
266.997158
267.033885
267.047335
267.057433
267.059209
267.069948
267.077246
267.086865
267.097432
267.171925
267.194115
267.194327
267.203893
267.204781
267.217017
267.22119
267.227669
267.278406
267.284109
267.312817
267.324494
267.328147
267.337606
267.344012
267.35682
267.357014
267.371891
267.389138
267.405755
267.409372
267.411266
267.424533
267.437899
267.446622
267.458906
267.48534
267.516386
267.520515
267.540391
267.543175
267.545718
267.566913
267.574842
267.587697
267.597953
267.613542
267.620682
267.631003
267.663058
267.663433
267.676497
267.701216
267.707932
267.728208
267.731125
267.745056
267.773974
267.778291
267.821442
267.837682
267.852626
267.858949
267.879423
267.919887
267.922498
267.926224
267.940901
267.969176
267.992381
268.012758
268.019385
268.026037
268.045153
268.046866
268.079757
268.084112
268.091016
268.120798
268.152977
268.155131
268.201524
268.208489
268.213626
268.222011
268.23816
268.252607
268.261482
268.264053
268.264278
268.280738
268.297159
268.299826
268.334753
268.337909
268.348784
268.350338
268.370776
268.371854
268.377907
268.385065
268.385357
268.395182
268.398601
268.403044
268.459417
268.463786
268.471639
268.476173
268.477294
268.481469
268.503744
268.506239
268.511832
268.512572
268.515327
268.531487
268.534023
268.536547
268.543705
268.557177
268.560879
268.562667
268.565219
268.580141
268.582971
268.587447
268.600764
268.605615
268.626002
268.63943
268.646479
268.649008
268.66039
268.661569
268.668325
268.681678
268.684873
268.688314
268.69482
268.708509
268.721949
268.741678
268.750257
268.763662
268.765187
268.767037
268.769168
268.770464
268.770765
268.772165
268.789193
268.790628
268.79489
268.80387
268.813067
268.822872
268.827496
268.828492
268.830975
268.830979
268.840979
268.842784
268.843457
268.843815
268.847143
268.851396
268.858879
268.863167
268.919831
268.923268
268.926936
268.934144
268.939057
268.942316
268.943269
268.944344
268.945949
268.948948
268.951805
268.96255
268.962858
268.969895
268.976793
268.986477
268.997983
269.002585
269.00553
269.013067
269.028633
269.030906
269.070348
269.09727
269.100905
269.108186
269.125731
269.126156
269.146504
269.151078
269.156829
269.175732
269.177619
269.18205
269.189902
269.200924
269.224382
269.230374
269.239853
269.278123
269.281509
269.281684
269.283628
269.284356
269.29374
269.313223
269.316987
269.329376
269.344384
269.347304
269.365658
269.380557
269.39478
269.396415
269.411086
269.436112
269.44152
269.46528
269.487969
269.49826
269.516052
269.517556
269.527241
269.562149
269.562698
269.573309
269.586144
269.58892
269.59709
269.600143
269.602776
269.610471
269.61234
269.6139
269.624298
269.661076
269.666604
269.667651
269.673825
269.68029
269.737727
269.764351
269.769065
269.778683
269.794712
269.859563
269.865443
269.892761
269.9011
269.909242
269.914589
269.934011
269.937129
269.939242
269.951541
269.954424
269.964978
269.984837
269.994773
270.015989
270.020398
270.023534
270.062288
270.065821
270.07768
270.082683
270.091059
270.099857
270.119181
270.126984
270.141351
270.143087
270.152808
270.164976
270.175067
270.178148
270.181208
270.201791
270.209861
270.231924
270.240135
270.241414
270.26568
270.285592
270.310317
270.332802
270.337006
270.368462
270.369472
270.377748
270.382086
270.399637
270.40274
270.421749
270.44103
270.441055
270.463656
270.472848
270.475631
270.487932
270.505236
270.507599
270.511058
270.529715
270.530493
270.539021
270.560815
270.561275
270.577623
270.585813
270.59477
270.65506
270.655661
270.664564
270.684024
270.699228
270.709941
270.715376
270.753316
270.759054
270.763609
270.786967
270.78838
270.796868
270.80821
270.814635
270.821153
270.825678
270.841097
270.843773
270.853156
270.858001
270.858591
270.876973
270.921261
270.922693
270.971462
270.982998
270.985565
271.007533
271.012892
271.045909
271.061571
271.07174
271.081506
271.118715
271.137119
271.163803
271.198725
271.21007
271.237504
271.301684
271.309883
271.317124
271.319007
271.336206
271.337843
271.435936
271.453611
271.455064
271.491325
271.495768
271.528651
271.552662
271.594726
271.608665
271.635816
271.639289
271.751423
271.773386
271.777661
271.78105
271.781707
271.789086
271.820835
271.868021
271.88155
271.9412
271.942678
271.956565
271.957321
271.963369
271.96401
271.976399
272.007218
272.011219
272.011423
272.025474
272.025651
272.031194
272.033422
272.074054
272.096612
272.107415
272.114216
272.115799
272.119552
272.121783
272.164804
272.170147
272.18758
272.189857
272.21
272.215916
272.23216
272.265708
272.27497
272.299294
272.306878
272.339086
272.339138
272.353249
272.37796
272.382351
272.415592
272.419003
272.423693
272.430065
272.439347
272.449245
272.473696
272.480993
272.511066
272.527062
272.530287
272.544367
272.561911
272.578076
272.630934
272.648395
272.663138
272.664392
272.678379
272.679454
272.68296
272.695444
272.701349
272.712781
272.723163
272.767589
272.781738
272.787004
272.787305
272.823159
272.825866
272.846558
272.893952
272.915145
272.916152
272.931659
272.933207
272.949633
272.978234
272.985408
273.000387
273.012235
273.025584
273.026451
273.033792
273.050357
273.05144
273.065208
273.072663
273.08143
273.085825
273.101198
273.105492
273.106016
273.112504
273.119057
273.16341
273.17439
273.182877
273.198391
273.19896
273.199414
273.215535
273.264646
273.282311
273.311515
273.332567
273.336067
273.347477
273.353462
273.373191
273.392037
273.400432
273.404458
273.42313
273.424147
273.425926
273.429797
273.443937
273.474963
273.503974
273.524951
273.533895
273.563559
273.570602
273.573434
273.579353
273.602764
273.663826
273.667159
273.682648
273.70031
273.709576
273.720782
273.747066
273.778566
273.782995
273.797541
273.812731
273.844841
273.86047
273.873545
273.891505
273.900777
273.922316
273.924068
273.937947
273.942487
273.955782
273.986027
273.987109
273.995735
274.000871
274.009399
274.028113
274.055263
274.061166
274.062035
274.071337
274.071732
274.096125
274.123042
274.130226
274.155477
274.1919
274.209537
274.231503
274.276524
274.27807
274.290096
274.304506
274.339794
274.375718
274.376331
274.386055
274.398271
274.402343
274.427145
274.473168
274.52226
274.524737
274.530283
274.559655
274.577284
274.597596
274.616035
274.658351
274.665051
274.695556
274.70006
274.708706
274.717126
274.735041
274.739197
274.899999
274.961403
274.991127
274.992611
275.007578
275.018316
275.018857
275.026928
275.134527
275.135551
275.137305
275.194594
275.195751
275.19998
275.206076
275.248951
275.25481
275.255991
275.261833
275.263165
275.355997
275.362817
275.368146
275.370718
275.39679
275.406207
275.412271
275.413139
275.417335
275.42033
275.445825
275.518342
275.585635
275.645841
275.723791
275.72545
275.73441
275.734677
275.865597
275.947127
275.951432
275.952109
275.95239
275.97401
275.985775
276.000442
276.010942
276.027564
276.064597
276.08162
276.109013
276.120171
276.126686
276.15845
276.218138
276.220909
276.266345
276.2926
276.345903
276.351645
276.36676
276.379225
276.382645
276.400323
276.41968
276.434381
276.459609
276.463873
276.46672
276.516077
276.540756
276.552278
276.599784
276.648109
276.67565
276.707298
276.727786
276.731352
276.740274
276.751859
276.799309
276.801421
276.878455
276.885681
276.981195
276.994075
277.001609
277.015478
277.018496
277.068896
277.075989
277.08262
277.10214
277.166466
277.168917
277.206445
277.267192
277.316498
277.345421
277.37161
277.388065
277.403997
277.414937
277.417015
277.43321
277.450308
277.504062
277.521997
277.558916
277.585074
277.59383
277.619626
277.639454
277.676826
277.684931
277.715881
277.734755
277.74079
277.764429
277.77592
277.794705
277.839531
277.84215
277.862745
277.929238
277.948448
277.973245
277.993708
278.002224
278.014832
278.02833
278.039032
278.047605
278.109652
278.109844
278.175676
278.182772
278.185642
278.188392
278.204263
278.220341
278.237249
278.291107
278.368173
278.393493
278.465333
278.513132
278.520589
278.573779
278.597586
278.628917
278.72099
278.740185
278.798011
278.862712
279.024789
279.043481
279.078685
279.108031
279.163795
279.261572
279.323018
279.327372
279.392806
279.479943
279.4825
279.515412
279.574739
279.594333
279.619109
279.652327
279.670411
279.681858
279.825287
279.825774
279.865834
279.884754
279.915011
279.922139
279.92404
279.963863
279.970431
280.006914
280.016246
280.040826
280.143833
280.166795
280.219232
280.27163
280.319157
280.372712
280.502738
280.554427
280.632628
280.683497
280.85055
280.851414
280.873157
280.940711
280.949849
280.989097
281.029325
281.050369
281.071031
281.080287
281.150575
281.15244
281.235953
281.263331
281.385007
281.458076
281.51317
281.534305
281.549649
281.60696
281.651366
281.746586
281.852806
281.885297
281.973142
282.007136
282.021966
282.04757
282.064223
282.13748
282.20756
282.231129
282.318857
282.34385
282.381119
282.383519
282.412233
282.438221
282.576524
282.585086
282.609316
282.646459
282.693133
282.765922
282.806624
282.903962
282.954584
282.974717
283.00659
283.009977
283.114889
283.156568
283.18727
283.217586
283.223493
283.282523
283.380629
283.418142
283.482668
283.494435
283.568677
283.783884
283.798863
283.80625
283.851422
283.867941
283.91649
283.934835
284.021533
284.036513
284.115405
284.134966
284.166262
284.191783
284.244688
284.407469
284.529008
284.595037
284.625988
284.627775
284.833992
284.864671
284.904016
285.253464
285.437414
285.540107
285.654644
285.771304
285.772163
285.889619
286.079353
286.089005
286.135197
286.139497
286.199501
286.289503
286.360269
286.540405
286.661706
286.708577
286.734542
286.747288
286.802579
286.824122
286.829705
286.879978
286.902413
286.916208
287.13379
287.19673
287.265948
287.326406
287.455603
287.636989
287.678801
287.703587
287.922609
287.944787
287.974769
288.010123
288.036484
288.070287
288.129866
288.165241
288.283053
288.310578
288.31841
288.356062
288.361127
288.417949
288.425057
288.588782
288.590396
288.835127
289.053221
289.059607
289.19242
289.263757
289.424127
289.491916
289.538268
289.548597
289.584445
289.651484
289.698708
289.77315
289.85085
289.947721
289.962708
290.050564
290.083462
290.12662
290.131082
290.174965
290.296502
290.492974
290.509932
290.673532
290.751911
290.887168
290.954954
291.201381
291.311383
291.357626
291.449937
291.494315
291.526112
291.537149
291.638396
291.638566
291.845188
292.137132
292.261879
292.415023
292.688992
292.782264
292.951497
293.269894
293.526488
294.207955
294.299629
294.442198
294.751067
294.823731
294.925359
295.393217
295.427683
295.756421
295.908569
296.225166
296.503083
296.507243
296.731532
297.44662
297.679744
297.686236
297.710428
298.195932
298.23198
298.361492
298.572877
298.890768
300.187059
300.449882
300.455112
301.184808
301.240233
301.317161
301.652099
302.055493
302.150843
302.564611
302.792485
303.138413
303.164794
303.492917
303.497756
303.685015
303.805662
303.918178
304.110068
304.309979
304.499426
304.744322
304.920676
304.974715
305.187101
305.422097
305.607114
305.972686
306.1666
306.426066
306.626019
307.356982
307.42361
307.512671
307.605416
308.118765
309.1132
309.127491
309.186633
309.510562
309.536099
309.915264
310.314234
310.509487
310.79428
310.907763
311.274363
311.32031
311.413246
311.437658
311.492615
311.86468
312.325422
312.617633
313.494658
313.939507
314.009332
314.397866
314.833496
314.851734
315.805139
316.040785
316.110823
316.386156
316.585192
316.682722
317.115203
317.34936
317.799642
318.038107
318.375333
318.603493
318.680899
319.344186
319.490553
319.501838
319.536387
320.334251
320.866362
321.170213
321.547332
323.400001
323.421844
324.058547
324.106244
324.216083
324.505
324.572365
324.694677
325.789326
325.810681
326.683007
326.823399
327.003197
327.815405
328.068632
328.11427
329.794862
329.879712
330.243494
330.720304
330.782271
331.085096
331.35242
333.259518
333.74207
333.802146
334.375059
334.419105
334.442292
335.73882
336.139436
336.825865
338.167179
338.260297
338.690749
339.350573
339.9079
340.588156
341.218191
341.477479
341.554789
341.684538
342.910291
343.486407
344.09816
344.104691
345.135522
346.016087
346.107698
346.1983
346.658235
347.643104
347.94543
349.455794
350.501558
350.581967
350.704398
350.754205
350.759768
350.833975
350.864756
350.940932
352.109195
352.591224
352.735809
353.049663
353.662835
354.897489
354.997425
355.465305
357.217834
357.229921
357.360214
357.386878
357.400158
358.342729
358.486731
358.80602
358.901589
359.013873
359.029411
359.524022
360.428576
360.437129
364.392872
364.699809
364.915311
365.640419
365.674652
366.478627
368.938978
369.2809
369.688491
370.668267
371.583054
371.647756
371.689794
374.6982
374.853768
374.969586
376.149614
376.745741
377.303547
377.786747
378.526329
378.787999
380.376882
380.418886
380.470733
381.45213
381.81361
382.000637
383.849258
384.432586
384.822165
385.46718
386.566125
386.633348
388.376021
389.421497
391.142912
392.528801
394.068466
395.363095
395.38883
395.529465
395.886272
395.947934
397.162898
399.77346
399.947642
405.128344
411.782616
412.662025
413.41196
415.699677
420.101135
421.937437
426.075605
426.075617
427.546776
435.579833
436.713786
437.903487
440.145386
440.905032
442.320479
443.38682
443.589111
446.463933
446.599523
455.603345
462.195071
462.590365
464.874968
469.465396
469.746653
485.491147
494.275329
502.552597
505.200336
509.980691
529.244119
544.895046
545.936966
554.09259
564.338558
592.166361
625.610244
627.91039
639.06424
653.976388
674.09534
678.850155
713.235548
728.769663
741.064147
774.843172
804.22842
805.496596
861.155903
919.708561
970.300121
1018.031333
1119.203383
1224.347224
1243.797723
1327.170492
1361.530156
1499.348819
