8.594761
12.369314
13.143605
13.432181
13.56768
13.571949
14.238689
14.527625
14.551489
14.652637
14.792635
14.857233
14.906738
14.919589
14.98066
15.090943
15.47088
15.678472
15.721024
15.778751
15.8504
15.903283
16.038205
16.03835
16.098239
16.363179
16.442284
17.083693
17.093028
17.248533
17.283392
17.419301
17.454216
17.806854
17.859157
19.042343
19.088541
19.534963
20.035283
20.171446
20.882184
21.012347
21.098672
21.568772
21.799896
21.883652
22.17761
22.22223
23.041939
23.191294
24.170811
24.592478
24.711651
25.227115
25.258169
25.364617
26.366092
26.419714
27.55902
28.384309
28.622374
28.696243
29.356752
29.54402
30.266485
30.772044
32.383631
32.791144
33.024132
33.103865
37.008491
39.603713
43.974992
45.493054
46.530136
57.90325
58.85606
63.257758
63.576969
63.625
70.862513
71.947669
76.000694
76.783401
80.489547
88.773363
92.343926
93.887545
100.801742
101.633676
118.65899
123.86073
129.085943
132.718255
133.375693
133.913738
135.153153
137.499771
137.606491
138.591763
139.415533
140.397991
140.992576
141.186776
141.221838
142.409109
142.634015
145.014087
147.134082
147.933028
148.622839
148.832797
149.462241
150.973675
151.300106
151.870672
152.251927
152.956719
153.196244
153.799518
153.871774
154.502758
156.588976
156.642935
157.132787
157.424139
158.00002
158.224188
158.40388
159.681764
160.464255
164.545799
166.43657
167.121321
168.933768
169.059489
169.268642
170.81161
172.234381
174.44158
176.03426
176.774257
178.677738
179.339303
180.308978
182.117425
186.010931
186.972362
187.028257
187.663895
188.373141
188.761087
190.184749
191.063683
191.575479
191.939528
193.115674
193.189309
193.989686
195.23861
195.573242
196.055993
196.320982
196.820622
196.901354
196.99912
197.761067
198.481348
198.788857
199.3162
199.576275
199.579542
199.580399
200.099882
201.237346
201.252451
201.253247
201.487168
201.545612
201.891381
201.920159
202.516117
202.55078
202.665205
203.255792
203.467311
204.148256
204.549056
206.030593
206.165999
206.767322
207.101531
207.620716
207.698866
207.810648
208.219005
208.324395
208.645449
209.323162
209.871132
210.133114
210.525699
211.01326
212.571256
212.648124
212.844872
213.019728
213.134614
213.163264
213.184646
213.201427
213.589339
213.671216
213.751709
214.572367
215.03268
215.070535
215.446984
216.977637
217.279011
217.303507
217.590298
217.678237
218.721711
219.065828
219.363137
219.590884
219.658832
220.492995
220.595153
220.907103
220.986832
221.70264
222.355584
222.932726
223.05309
223.248455
223.376991
223.500893
223.715871
223.961357
224.533627
224.978653
225.206872
225.275443
227.41626
228.806047
229.018114
229.075121
229.179804
230.515195
231.037795
231.881499
234.171451
234.235683
234.322984
235.518391
236.043422
236.513065
237.763004
238.154343
238.368994
238.780944
240.106283
241.407763
243.159525
243.563266
244.376586
245.090218
245.542394
245.9726
246.020673
246.659445
247.239949
247.314259
247.435755
247.607215
248.014216
249.54727
250.2331
250.50309
250.571104
250.822123
251.088322
251.219645
251.224043
251.669143
251.882469
252.710596
252.895043
253.33229
254.052862
254.753972
256.799235
258.869376
259.445438
261.391632
262.202514
264.147497
264.235452
264.754695
264.768996
264.790784
265.209602
266.534778
266.904729
266.949705
267.539186
268.275587
268.707533
270.168409
272.22656
272.268718
272.396726
272.601617
274.59269
274.68868
277.224107
277.75668
280.308392
280.379827
281.560911
282.60053
282.639014
283.805208
283.908648
284.038223
284.600701
285.680905
286.338098
287.280113
287.798162
287.909164
288.462714
288.935181
288.93838
289.552875
289.571607
290.646999
290.674719
291.166425
291.414496
291.8703
292.609277
292.977681
293.089245
293.443277
293.581188
294.021834
295.546239
296.306365
296.538952
297.272126
297.3565
297.86891
298.398769
298.699413
299.05683
299.614702
300.532843
300.796927
301.116546
301.585975
301.806848
302.124381
303.181034
303.279581
303.583248
303.973029
304.401357
304.801883
305.282428
305.35013
305.748769
306.210883
306.263927
306.288675
306.337853
306.615698
308.360504
308.462341
308.936674
309.12611
309.658215
309.698144
309.709873
309.85587
309.897024
310.181002
310.953362
310.989387
312.187406
312.329901
312.358651
312.559364
313.429872
313.692428
313.853197
314.492041
314.719008
314.823158
314.850403
315.278678
315.790255
316.01328
316.02493
316.276687
317.797436
318.406772
318.836807
318.84787
318.871349
319.080627
319.145986
321.418815
321.525259
322.861405
323.429446
323.68983
323.821323
323.95235
324.060387
324.472599
325.073848
325.564583
326.863902
327.091381
327.573779
327.859672
328.015405
328.333778
328.574538
329.215969
329.488768
330.053076
330.232317
330.402532
330.72168
330.981561
331.358937
331.552554
331.823395
332.135574
332.990361
334.417042
334.594874
334.716829
336.118552
336.883517
338.553296
338.706821
338.892042
338.965213
339.666855
339.8032
342.357684
342.885081
343.502683
343.928094
344.32855
344.634459
344.920339
345.575402
346.680102
346.704452
346.805047
346.888426
347.02486
347.490393
347.67282
347.674341
347.703937
347.756529
347.867198
348.611568
348.724716
348.794064
349.082131
349.331807
349.460743
349.987118
350.10227
350.309283
350.640472
350.696483
350.911489
350.96655
351.842691
352.122207
352.768501
353.071452
353.125037
353.269207
353.280925
353.924289
354.035307
354.189259
354.412012
354.590417
354.625447
354.721532
354.722621
354.796653
354.844182
354.966877
355.005162
355.061733
355.472708
355.701334
355.737512
355.919775
356.638592
357.235015
357.315068
357.492005
357.545719
357.566572
357.930026
358.123999
358.756163
358.81616
359.525713
359.841745
360.032012
360.126522
360.250928
360.333539
360.351986
361.357373
361.486907
361.510957
361.971317
362.270249
362.760349
362.830098
363.015433
363.059372
363.065741
363.274834
363.346162
363.586343
363.874137
363.924704
364.554462
364.936496
367.190528
367.239503
368.437344
368.875432
370.638664
371.065267
375.945083
376.011323
379.709078
380.416639
382.259362
396.447315
416.327678
416.483553
417.560533
421.576566
422.064263
427.577221
431.987714
434.650824
434.997058
437.676706
437.810965
438.843205
439.626677
444.617833
445.514452
447.104964
449.586735
450.177781
451.526497
451.617665
452.553748
454.743826
455.072886
458.325674
466.199433
468.800947
471.430628
481.890744
486.866054
488.985934
491.261361
491.667211
495.737818
496.740608
501.978726
506.753687
513.448457
518.571847
520.405286
524.342446
527.417986
537.685024
540.470409
553.341083
559.90543
564.803748
574.308457
585.818294
585.929484
591.699599
595.153973
598.246129
598.294759
613.936542
614.278996
615.492036
616.328583
620.039292
626.307374
629.916834
633.013956
633.56876
634.282376
638.278182
638.5848
641.921099
642.873219
645.268248
647.999222
648.381319
652.773609
661.81858
688.200824
713.137962
721.966816
731.27479
740.140934
741.314039
750.450338
770.535661
774.291341
792.674692
811.893938
856.650484
857.181611
860.175562
860.236589
865.316863
868.842707
870.308494
870.697061
872.00855
877.008721
878.826394
880.422849
880.677153
881.33171
881.653246
881.727365
883.470847
896.780857
897.869438
898.940884
899.845062
904.009534
904.654368
904.984643
951.376585
957.924371
965.432106
984.543065
991.258737
999.608063
1004.47352
1010.505858
1020.625661
1021.04627
1022.685054
1028.848493
1033.444604
1042.041105
1065.27852
1098.263402
1102.056513
1102.415649
1109.889411
1118.489799
1134.540091
1137.49466
1138.180504
1144.851258
1147.633514
1153.191547
1155.171867
1167.610079
1168.07497
1169.488309
1169.614755
1171.342648
1173.031478
1173.979132
1176.423605
1181.57331
1183.682002
1185.368328
1188.528059
1194.465074
1194.904353
1195.822344
1196.032451
1199.299811
1209.534972
1226.54835
1226.911475
1228.157933
1229.916077
1230.923429
1231.790177
1238.202425
1239.407852
1240.088919
1245.118787
1246.372154
1260.017174
1274.246294
1281.768081
1283.91097
1285.470785
1287.23415
1291.725087
1291.773905
1292.006066
1297.768962
1300.48717
1305.382805
1322.155417
1329.126609
1334.442556
1342.175394
1346.096015
1353.016517
1364.06463
1378.422332
1381.495996
1381.556209
1383.942358
1384.358068
1388.888002
1390.406166
1398.945669
1399.260431
1404.292077
1406.448468
1410.614499
1425.630075
1435.926166
1444.263161
1446.280911
1447.63639
1455.021832
1456.957912
1461.419043
1471.474657
1478.352362
1481.304232
1482.117566
1484.41154
1485.882172
1488.170926
1491.634162
1495.648456
1495.862241
1498.743107
1498.905938
1508.185798
1514.946909
1516.151623
1516.988025
1519.364648
1519.364711
1521.770624
1526.100205
1528.045654
1528.291398
1532.69638
1538.687161
1541.313264
1546.330654
1546.744211
1549.808328
1551.042225
1552.438162
1554.318742
1556.292477
1558.312141
1558.656124
1559.978997
1560.185679
1561.582098
1564.669909
1565.011359
1566.386001
1568.064006
1570.542558
1575.964102
1578.858418
1588.531707
1589.672238
1591.019159
1593.593455
1595.386197
1598.185484
1598.289477
1599.502931
1599.703375
1600.186639
1602.858527
1604.01906
1606.449756
1608.15779
1629.586638
1631.695791
1632.706065
1634.427654
1637.759588
1647.136011
1647.540755
1647.644774
1649.731318
1663.225566
1663.562319
1671.174536
1679.509781
1685.279739
1686.196784
1697.824662
1707.335974
1713.007093
1715.575803
1718.394747
1720.310653
1726.133469
1752.70443
1766.79542
1769.189565
1771.436747
1771.608045
1772.550274
1780.165928
1784.663698
1793.422607
1797.984861
1809.966243
1821.778982
1826.236543
1827.423704
1833.586675
1848.611449
1859.428567
1902.929911
1944.629445
1948.393904
1953.796485
1964.504481
1969.27514
1997.622354
2005.634478
2030.592712
2052.539774
2055.042428
2059.356334
2061.3819
2062.104475
2062.959637
2067.718974
2070.918212
2070.931765
2071.788053
2072.901861
2074.535592
2078.309654
2079.51905
2079.909948
2080.783136
2081.944053
2086.530619
2087.994159
2088.76823
2090.224355
2091.514014
2092.822242
2093.919498
2094.304657
2096.979326
2098.002769
2098.99149
2101.351474
2102.312736
2102.706312
2102.759751
2102.930763
2110.896282
2111.941185
2112.505282
2113.231642
2114.721669
2116.488497
2116.897955
2116.991312
2122.032026
2122.31917
2130.28039
2157.916994
2161.722589
2166.487738
2184.207268
2184.652497
2185.455077
2189.672344
2193.38956
2195.751947
2199.782633
2214.814558
2215.984109
2222.400736
2225.305759
2228.180825
2264.589507
2265.649683
2267.189021
2280.007703
2342.55767
2356.217827
2377.86613
2411.80371
2430.027802
2438.082293
2449.749369
2486.997361
2501.215782
2501.936288
2503.224539
2518.05493
2520.642333
2521.377032
2529.942529
2539.298191
2542.43738
2559.386888
2563.9295
2565.545666
2603.250597
2613.580582
2639.861493
2642.917098
2650.6136
2651.400258
2660.698165
2672.457721
2673.362904
2712.538452
2714.04218
2742.99178
2772.469635
2811.515078
2851.428521
2908.566319
2965.659559
3016.545306
3079.07955
3091.369276
3158.680899
3353.715796
5597.007735
6629.24573
9765.931209
9829.915847
10336.793791
10365.703292
10457.859663
10802.842612
10802.862065
10803.993906
10829.240223
10831.201347
10831.249836
10922.703601
