141.221838
147.933028
150.973675
156.642935
157.132787
172.234381
176.03426
179.339303
180.308978
191.575479
193.989686
195.23861
198.788857
201.237346
201.487168
201.545612
206.030593
207.101531
208.324395
209.323162
209.871132
210.133114
212.844872
213.589339
214.572367
217.303507
219.363137
219.658832
222.932726
223.500893
227.41626
236.043422
237.763004
238.368994
243.159525
244.376586
247.314259
247.607215
249.54727
250.2331
250.50309
264.754695
272.22656
272.268718
272.601617
280.308392
284.038223
284.600701
287.798162
288.935181
291.166425
292.977681
304.801883
321.418815
324.472599
334.417042
338.553296
338.892042
338.965213
339.666855
339.8032
342.357684
342.885081
343.502683
343.928094
344.32855
344.634459
344.920339
345.575402
346.680102
346.704452
346.805047
346.888426
347.02486
347.490393
347.67282
347.674341
347.703937
347.756529
347.867198
348.611568
348.724716
348.794064
349.082131
349.331807
349.460743
349.987118
350.10227
350.309283
350.640472
350.696483
350.911489
350.96655
351.842691
352.122207
353.071452
353.280925
353.924289
354.035307
354.189259
354.412012
354.590417
354.625447
354.721532
354.722621
354.844182
354.966877
355.005162
355.061733
355.701334
355.737512
355.919775
356.638592
357.235015
357.315068
357.545719
357.566572
357.930026
358.123999
358.756163
358.81616
359.525713
359.841745
360.032012
360.126522
360.333539
360.351986
361.357373
361.486907
361.971317
362.760349
362.830098
363.059372
363.065741
363.274834
363.586343
363.874137
363.924704
364.554462
364.936496
367.190528
367.239503
368.437344
368.875432
370.638664
376.011323
380.416639
416.483553
417.560533
421.576566
431.987714
434.650824
437.810965
438.843205
450.177781
481.890744
488.985934
495.737818
496.740608
506.753687
513.448457
520.405286
540.470409
620.039292
629.916834
634.282376
770.535661
860.175562
860.236589
881.727365
883.470847
896.780857
899.845062
904.009534
951.376585
1004.47352
1021.04627
1022.685054
1028.848493
1042.041105
1137.49466
1558.656124
1707.335974
1713.007093
1715.575803
1771.436747
1771.608045
1772.550274
1793.422607
1797.984861
1833.586675
1848.611449
1902.929911
1997.622354
2166.487738
2228.180825
2356.217827
2430.027802
2438.082293
5597.007735
6629.24573
10802.842612
10802.862065
10803.993906
10831.249836
