1666.090076
1829.969038
2173.553258
2209.346253
2276.879065
2278.405198
2289.464984
2298.271087
2305.873475
2308.95865
2310.431621
2311.57482
2322.147684
2323.918622
2324.869555
2325.50138
2332.773336
2335.02283
2338.044566
2338.919012
2344.850536
2346.666109
2346.789353
2348.253959
2348.402185
2348.542183
2348.673444
2348.932716
2351.183038
2351.774807
2351.813957
2354.484145
2355.472368
2356.737835
2356.936151
2357.903133
2358.134471
2360.487492
2364.417556
2366.811305
2366.864642
2367.105897
2368.153804
2368.298042
2368.625519
2368.710715
2368.780178
2369.595326
2369.666658
2369.886723
2370.087362
2371.336225
2371.587077
2371.851657
2372.640002
2373.858484
2374.059351
2375.364196
2375.387474
2376.098862
2376.303463
2376.585109
2377.727162
2378.769428
2379.154399
2379.252795
2379.425735
2380.080704
2380.457857
2381.333998
2382.299832
2382.330493
2382.549725
2382.590479
2382.819509
2383.041251
2383.238659
2383.421805
2383.839889
2384.024024
2385.178733
2386.93796
2387.284219
2387.694081
2387.754681
2389.303522
2389.932027
2391.588642
2391.83303
2392.323804
2394.628278
2395.109441
2395.996004
2395.999115
2397.003028
2397.009011
2397.655791
2397.681363
2397.764869
2397.772203
2398.094821
2398.758626
2399.328699
2401.055015
2401.743719
2401.98775
2402.560942
2403.177292
2403.21013
2403.803674
2403.842639
2404.817561
2404.903639
2404.954196
2405.582501
2406.157362
2406.728724
2407.026513
2407.352446
2407.830588
2408.577216
2408.707039
2410.012096
2411.122421
2411.180643
2411.977285
2412.25203
2413.750467
2414.136795
2415.163328
2415.348338
2415.76964
2415.881063
2416.06
2416.54427
2416.868397
2417.109134
2418.112016
2418.709912
2418.979008
2418.998332
2419.29616
2419.66054
2420.174387
2420.25502
2420.274532
2421.212401
2421.221522
2421.338898
2421.373891
2421.637664
2421.740066
2422.40642
2422.410894
2423.012487
2423.066401
2423.309112
2423.586376
2424.316826
2424.669701
2424.815822
2424.88402
2425.061833
2425.36589
2425.807394
2425.961628
2426.559952
2427.169954
2427.423036
2427.465031
2427.788242
2427.856825
2428.452736
2428.8862
2429.038008
2429.331221
2430.058079
2430.26715
2430.654088
2431.011542
2431.370934
2431.609454
2431.90662
2432.152803
2432.230944
2432.369157
2432.428286
2432.834298
2433.894946
2434.020122
2434.224772
2434.279906
2435.150613
2435.513823
2435.811808
2436.389907
2436.714703
2436.806538
2436.840533
2437.741607
2437.975229
2438.219906
2438.317298
2438.899528
2439.14532
2439.215665
2440.026957
2440.05965
2440.133406
2440.371981
2440.423231
2440.475076
2440.941982
2440.989825
2441.004914
2441.501504
2441.637573
2441.831005
2441.926348
2442.547256
2443.115495
2443.341174
2444.857531
2444.864903
2445.077729
2445.178422
2445.604702
2445.686089
2445.866414
2445.882263
2445.90892
2445.912139
2445.987789
2446.44045
2446.726618
2446.863168
2447.305733
2447.53459
2447.923107
2449.60951
2449.779645
2450.598223
2451.181499
2451.468538
2451.649236
2452.516498
2452.593061
2453.150184
2453.229715
2453.611654
2453.703897
2454.408461
2454.411248
2454.683543
2455.287974
2455.298315
2455.574511
2455.609935
2455.692541
2455.828298
2456.353241
2456.525302
2456.723817
2457.241674
2457.842404
2458.036385
2459.131379
2460.182991
2460.867824
2460.878967
2461.115293
2461.137983
2461.1664
2461.316851
2461.954525
2462.998881
2463.410884
2463.448769
2463.627516
2463.738926
2463.862556
2463.918919
2464.150953
2464.296334
2464.306386
2464.49954
2464.648288
2465.069477
2465.129879
2465.2513
2466.030996
2466.427218
2466.970777
2467.367334
2467.531615
2467.839926
2468.258563
2468.816275
2468.89959
2469.008163
2469.16305
2470.112937
2470.273972
2470.680572
2470.714881
2470.733479
2470.79688
2471.089122
2471.092933
2471.222307
2471.342177
2471.681714
2471.825469
2471.951982
2471.994414
2472.172848
2472.546073
2472.584379
2473.101782
2473.307824
2473.649581
2473.868222
2473.895084
2475.225445
2475.245753
2475.268324
2475.455793
2476.052032
2476.087024
2476.376807
2476.462833
2476.915175
2477.060611
2477.070812
2477.721374
2478.094058
2478.133147
2478.209924
2478.423564
2479.219842
2479.539638
2479.545066
2480.519458
2480.850077
2481.911373
2482.120961
2482.311803
2482.608865
2483.050188
2483.250331
2483.484285
2483.513751
2484.30894
2484.321776
2484.555446
2484.966767
2484.980652
2484.997107
2485.51547
2485.834646
2485.887745
2486.692185
2486.992273
2487.928132
2488.358213
2488.41765
2489.285971
2489.699021
2490.04113
2490.308076
2490.396063
2492.110387
2492.18746
2492.198562
2492.679377
2492.924562
2492.944842
2492.960108
2493.37979
2494.217733
2494.295201
2494.604148
2494.740404
2495.950261
2496.207206
2497.02448
2497.104913
2497.421857
2497.494894
2498.334142
2499.226543
2499.237295
2499.479832
2499.603027
2499.661138
2499.694623
2499.847201
2499.992336
2501.046507
2501.459048
2501.769426
2502.903788
2503.577579
2503.715111
2503.796895
2504.152265
2504.42689
2504.873224
2505.457829
2505.489891
2506.069499
2506.197812
2506.508438
2506.550049
2506.989851
2507.003694
2507.735665
2508.086048
2508.126348
2508.315752
2508.677349
2508.732186
2509.027643
2509.220887
2509.456234
2509.549601
2509.780546
2509.854408
2510.69417
2511.033123
2511.184932
2511.397621
2511.681002
2511.708028
2511.948559
2512.4437
2512.818473
2512.846536
2513.84939
2513.92263
2514.233452
2514.390278
2514.404076
2514.58277
2514.929363
2515.07324
2515.556601
2515.64534
2515.660783
2515.70761
2515.976579
2517.230981
2517.512901
2517.989203
2518.461796
2518.619237
2518.937056
2520.006057
2520.253359
2520.631322
2520.700845
2522.371585
2522.40414
2522.59824
2523.10321
2523.610443
2523.642958
2523.846351
2524.446927
2524.920454
2525.167994
2526.011547
2527.235915
2527.40861
2527.528516
2527.807573
2528.439407
2529.198268
2530.422581
2530.581961
2530.694678
2531.072979
2531.314763
2531.418211
2531.925704
2531.935445
2532.274849
2532.435022
2532.491208
2533.580137
2535.273835
2535.442861
2535.659235
2538.359346
2538.550344
2540.283987
2540.298651
2541.152105
2542.515036
2543.195007
2543.972134
2544.681322
2544.706673
2544.7347
2545.483481
2546.344124
2546.44323
2546.456804
2546.603194
2548.32846
2548.924022
2548.949678
2550.13504
2550.557086
2550.795536
2552.563336
2553.054999
2553.151649
2553.606627
2553.801648
2553.925237
2554.032814
2555.662853
2556.465352
2558.858695
2559.697501
2561.163861
2561.430646
2561.617869
2561.910015
2562.068794
2562.747871
2563.7515
2564.527864
2566.364446
2566.859063
2567.800939
2567.855359
2568.098342
2568.589425
2569.413105
2570.041896
2570.049704
2570.626763
2571.193076
2571.24308
2571.511221
2572.889975
2572.918627
2573.490405
2573.885638
2575.092351
2575.285543
2576.713673
2577.542571
2577.708482
2579.50199
2580.333499
2582.165535
2582.908463
2583.836164
2584.128708
2584.581117
2585.166451
2586.185774
2586.550035
2586.866575
2587.776592
2588.0597
2589.143938
2593.89293
2595.38626
2595.945759
2596.528531
2596.62453
2598.076695
2600.674383
2605.188024
2607.285203
2608.576593
2610.670993
2611.358726
2612.268426
2618.686005
2619.802569
2620.387207
2623.833434
2626.19806
2626.917047
2627.287064
2628.168061
2629.139622
2630.139223
2633.836226
2634.37737
2634.498706
2635.554278
2636.566078
2640.629407
2641.503618
2644.455021
2648.05334
2648.453507
2651.141842
2652.588908
2653.145226
2655.493871
2656.203284
2657.198456
2658.473559
2658.609832
2659.261818
2665.178153
2666.992677
2671.645662
2673.720604
2677.048589
2681.520019
2684.468624
2685.778338
2686.370852
2688.384991
2691.640432
2694.170114
2695.480012
2696.474336
2699.449748
2700.030216
2701.201564
2701.916544
2706.228449
2708.050969
2708.16956
2708.720363
2709.428105
2710.087354
2710.528511
2710.92862
2711.101058
2711.413854
2714.228389
2714.309909
2714.823274
2715.784252
2718.92342
2721.031997
2721.156355
2721.760654
2724.138438
2724.341207
2724.384765
2725.041268
2726.083303
2726.607124
2727.071441
2727.804846
2728.329377
2728.797814
2729.076322
2729.120084
2731.468578
2731.53917
2731.859022
2732.511634
2733.024192
2734.26545
2734.267366
2734.695918
2735.487915
2737.272108
2737.781928
2737.877606
2738.096157
2738.742245
2739.407153
2739.537182
2739.538266
2740.609309
2740.902743
2741.33385
2741.693209
2741.742553
2742.697441
2742.798181
2743.290458
2743.607109
2743.789375
2744.237676
2744.470459
2744.632529
2744.778238
2745.248796
2745.765065
2745.852916
2746.825486
2747.035033
2748.106528
2750.168255
2750.384174
2750.626268
2750.844974
2751.482435
2752.664033
2753.038798
2753.668366
2753.692785
2753.918483
2755.13668
2756.440989
2756.574206
2756.933398
2757.654397
2758.394009
2758.687579
2759.128549
2759.333322
2759.394606
2760.180186
2760.641156
2761.081564
2761.084171
2761.297399
2762.490635
2763.372932
2764.036761
2764.515307
2764.580045
2764.645132
2764.990272
2765.245114
2765.278428
2765.668408
2765.693839
2765.712574
2766.032431
2766.115663
2766.381338
2766.566667
2767.026391
2767.393875
2767.523985
2767.801729
2768.23928
2768.620665
2770.004282
2770.527297
2770.579719
2771.061347
2771.781234
2772.405096
2772.62529
2772.710259
2772.944696
2773.193534
2773.20154
2773.599659
2774.082319
2774.827731
2775.151519
2775.258944
2775.420171
2775.58807
2775.725502
2776.100638
2776.435825
2777.173263
2777.278566
2777.616537
2777.968272
2778.112551
2778.272677
2779.624632
2780.027868
2780.05698
2780.45839
2780.844209
2780.903436
2781.212611
2781.694351
2782.565258
2783.005915
2783.655686
2783.823888
2784.026634
2784.332884
2784.34463
2784.701274
2784.890139
2784.90247
2785.691781
2785.700451
2785.837053
2785.976063
2785.976812
2786.544202
2786.876727
2786.973907
2786.993251
2787.250944
2787.285059
2787.629947
2787.961781
2788.254022
2789.748342
2789.821178
2789.838899
2789.86999
2790.523572
2791.613954
2791.775227
2792.115783
2792.221261
2792.404366
2793.331106
2793.385125
2793.803929
2793.817529
2793.836047
2793.854197
2794.110474
2794.115482
2794.227311
2794.79604
2794.819109
2794.838527
2794.946352
2795.069407
2795.818849
2795.8441
2796.085301
2796.279847
2796.364294
2796.7074
2796.830019
2796.84185
2796.880078
2797.638978
2797.733585
2797.952862
2798.158052
2798.351551
2798.532792
2799.032004
2799.082601
2799.5598
2799.751561
2799.883829
2799.96802
2801.354151
2801.539688
2801.571641
2801.704855
2801.717865
2801.775756
2801.784188
2802.433918
2802.519108
2802.653659
2803.85622
2804.000312
2804.006714
2804.366036
2804.682504
2804.912058
2805.257303
2805.644929
2805.723548
2805.884114
2805.895666
2806.226462
2806.477271
2806.854149
2807.260102
2807.371593
2807.662584
2807.962626
2807.98944
2808.12857
2808.190084
2808.264552
2808.637258
2809.000358
2809.341262
2809.342476
2809.707116
2809.998693
2810.079509
2810.089088
2810.866123
2810.96212
2811.095635
2811.621055
2811.784601
2811.887904
2812.064889
2812.07104
2812.290759
2812.394089
2812.527757
2812.551574
2812.914797
2812.917273
2813.109234
2813.274612
2813.465976
2813.520394
2813.855315
2813.888891
2814.15243
2814.50089
2815.059654
2815.135344
2815.170922
2815.187369
2815.452303
2815.702169
2815.742468
2815.992943
2816.129267
2816.234527
2816.318607
2816.791834
2816.915631
2817.056259
2817.496311
2817.521121
2817.649368
2817.671221
2817.738455
2818.101692
2818.181638
2818.689055
2818.783093
2818.941462
2819.225535
2819.552133
2819.74077
2819.848472
2819.862412
2819.921911
2820.088821
2820.277077
2820.692839
2820.720907
2820.770911
2820.938027
2821.148503
2821.180397
2821.314955
2821.503747
2821.829729
2821.891462
2821.901553
2822.149561
2822.480046
2822.517008
2822.664142
2822.734612
2822.78048
2823.02966
2823.247591
2823.412325
2823.59471
2823.903822
2824.146252
2824.7485
2824.851071
2824.947391
2824.947984
2824.974026
2825.012048
2825.114194
2825.136701
2825.153422
2825.172512
2825.216378
2825.54508
2825.83392
2825.850566
2826.096128
2826.422659
2826.450231
2826.857739
2826.928959
2827.129083
2827.301399
2827.41235
2827.622633
2827.710454
2827.958066
2827.984317
2828.177437
2828.325592
2828.596294
2828.91614
2828.970186
2829.475747
2829.972084
2830.418984
2830.575974
2830.760773
2830.890202
2830.968342
2830.971681
2831.466846
2831.745629
2831.840018
2832.023773
2832.23109
2832.255625
2832.328549
2832.386691
2832.398406
2832.656025
2833.162673
2833.304535
2833.312898
2833.358275
2833.449213
2833.55871
2833.859169
2833.889241
2833.903729
2834.298472
2834.521892
2834.6034
2834.837049
2834.927674
2834.935966
2835.150954
2835.228071
2835.58485
2835.622337
2835.647037
2835.834824
2835.964679
2836.215183
2836.747136
2836.906002
2837.02543
2837.052846
2837.211794
2837.230033
2837.341498
2837.538666
2837.64657
2837.672
2837.885937
2838.148819
2838.52444
2838.555052
2838.668788
2838.743449
2838.85079
2839.160366
2839.326284
2839.588806
2839.698273
2839.720415
2840.030456
2840.129985
2840.36155
2840.432745
2840.473343
2840.553165
2840.676398
2840.816414
2840.896782
2840.908519
2841.315063
2841.4133
2841.416551
2841.475854
2841.551364
2841.563246
2841.770438
2841.771638
2842.041933
2842.172684
2842.57382
2842.634416
2842.638638
2842.691361
2842.732697
2842.769508
2842.896434
2842.950132
2843.197847
2843.304402
2843.318033
2843.434626
2843.44007
2844.105655
2844.384614
2844.518272
2844.693245
2844.83173
2845.362046
2845.445286
2845.573597
2845.751566
2845.772819
2845.798067
2845.855792
2845.912028
2845.931467
2846.049366
2846.188622
2846.269172
2846.395351
2846.448429
2846.613651
2846.628085
2846.872723
2847.075884
2847.462001
2847.549787
2847.578275
2847.590561
2847.908484
2848.193158
2848.508695
2848.943818
2849.417915
2849.617609
2849.789814
2849.852964
2849.918314
2850.078419
2850.314993
2850.470908
2850.628911
2850.633258
2850.699817
2850.735415
2850.968016
2851.053562
2851.413776
2851.559383
2851.575899
2851.603104
2851.637661
2851.699744
2851.960958
2852.069651
2852.393995
2852.44349
2852.526905
2852.680815
2852.711349
2852.931467
2853.005279
2853.340313
2853.432628
2853.743368
2853.873225
2854.112352
2854.182216
2854.226951
2854.298523
2854.487529
2854.78018
2854.79207
2854.795094
2855.254438
2855.325654
2855.730717
2856.033674
2856.055435
2856.091684
2856.266248
2856.281054
2856.30576
2856.348795
2856.398001
2856.487543
2856.706215
2856.944339
2857.062986
2857.091378
2857.30974
2857.313527
2857.601266
2858.123452
2858.282347
2858.389126
2858.551951
2858.796127
2858.796887
2858.822704
2859.06857
2859.093922
2859.16257
2859.178269
2859.522875
2859.541064
2859.548683
2860.102752
2860.217363
2860.396458
2860.422059
2860.590347
2860.594261
2860.699749
2860.759921
2860.943604
2861.009888
2861.535815
2861.733419
2861.864918
2861.919638
2861.942968
2862.11718
2862.1886
2862.501884
2862.697
2862.862561
2862.905946
2863.197923
2863.761605
2863.761828
2863.923325
2863.94013
2863.999125
2864.088896
2864.271848
2864.396775
2864.50527
2864.949845
2865.207928
2865.220616
2865.354827
2865.639891
2865.705611
2865.797817
2865.888973
2866.042768
2866.093679
2866.204174
2866.294368
2866.414838
2866.440499
2866.516528
2866.532769
2866.986205
2867.147813
2867.429635
2867.43981
2867.44184
2867.493292
2867.500196
2867.510444
2867.51093
2867.869102
2867.999312
2868.1398
2868.14623
2868.582425
2868.991745
2869.189446
2869.271273
2869.28622
2869.326839
2869.412197
2869.510702
2869.521206
2869.688136
2869.97701
2870.001683
2870.002775
2870.045411
2870.321354
2870.777872
2870.822522
2870.838341
2870.987999
2871.154953
2871.312455
2871.490705
2871.853413
2871.981914
2872.623107
2872.655978
2872.674373
2872.683022
2872.757653
2872.950188
2872.966602
2872.980597
2873.06058
2873.063772
2873.091011
2873.267214
2873.271566
2873.30571
2873.311347
2873.424641
2873.501549
2873.559193
2873.707628
2873.856597
2873.988387
2874.053673
2874.233891
2874.234876
2874.295653
2874.3177
2874.343301
2874.602715
2874.644064
2874.717291
2874.795258
2874.804726
2874.813013
2874.824383
2874.914208
2874.91745
2875.009871
2875.014507
2875.034901
2875.11268
2875.694737
2875.721362
2875.822077
2875.839942
2875.937941
2875.940164
2876.134336
2876.408177
2876.463519
2876.472956
2876.666074
2877.184274
2877.219084
2877.236858
2877.275881
2877.312936
2877.420543
2877.473587
2877.49194
2877.617608
2877.699712
2877.748079
2877.838287
2877.860633
2878.07732
2878.47946
2878.522315
2878.552847
2878.974316
2879.066846
2879.1404
2879.283893
2879.411075
2879.414607
2879.444602
2879.489605
2879.613713
2879.774511
2879.86219
2879.870486
2879.908101
2879.983963
2880.134514
2880.153947
2880.427095
2880.440491
2880.562568
2880.616281
2880.645314
2880.954081
2880.995202
2881.059522
2881.09624
2881.264248
2881.705871
2881.744993
2881.807449
2881.836561
2882.089333
2882.128181
2882.229601
2882.236103
2882.448813
2882.499759
2882.596719
2882.60875
2882.947251
2882.969448
2883.086198
2883.145782
2883.172928
2883.258606
2883.290766
2883.40923
2883.658818
2883.823262
2883.843525
2883.852749
2884.122005
2884.144033
2884.196341
2884.380505
2884.566852
2884.595741
2884.737033
2884.786035
2884.841827
2885.809126
2886.08609
2886.247104
2886.396851
2886.413943
2886.455581
2886.705468
2886.775446
2886.797552
2886.877742
2887.10446
2887.127741
2887.316125
2887.496048
2887.498442
2887.604466
2887.629523
2887.828429
2887.847725
2887.912675
2887.949273
2887.970656
2888.012687
2888.187745
2888.375454
2888.74506
2888.781868
2889.137637
2889.150808
2889.175167
2889.178961
2889.733505
2890.184904
2890.292331
2890.380555
2890.49216
2890.497869
2890.883807
2891.016159
2891.119433
2891.150421
2891.179179
2891.239296
2891.272998
2891.622316
2891.691753
2891.71532
2891.899397
2891.939349
2892.057567
2892.199744
2892.20486
2892.255238
2892.4136
2892.424616
2892.671154
2892.800231
2892.823106
2893.254529
2893.473896
2893.49988
2893.572015
2893.594342
2893.706175
2893.833901
2893.865957
2893.892895
2894.070556
2894.228929
2894.24569
2894.265722
2894.617783
2894.621164
2894.683919
2894.699037
2894.700971
2895.016057
2895.072752
2895.129962
2895.215708
2895.481503
2895.879677
2896.176562
2896.202429
2896.248294
2896.498632
2896.74628
2896.757684
2896.810357
2896.813625
2896.818804
2896.844239
2897.222464
2897.31145
2897.314297
2897.321537
2897.415605
2897.432096
2897.505846
2897.557201
2897.600041
2897.855601
2897.863846
2897.958571
2897.964173
2898.184916
2898.650358
2898.845788
2898.885798
2898.903292
2898.923175
2899.034882
2899.081531
2899.087617
2899.10164
2899.117397
2899.399332
2899.583501
2899.619878
2899.81012
2899.971139
2900.023358
2900.089604
2900.275321
2900.565475
2900.78942
2901.000664
2901.025906
2901.432583
2901.435593
2901.528012
2901.567346
2901.610648
2901.658097
2902.131988
2902.20567
2902.355081
2902.425511
2902.645552
2902.671634
2902.766035
2903.030718
2903.052517
2903.371302
2903.405595
2903.416558
2903.487461
2904.043788
2904.118981
2904.353458
2904.496343
2904.837633
2904.961989
2905.109449
2905.150342
2905.193646
2905.212009
2905.224719
2905.323377
2905.374254
2905.438315
2905.443957
2905.531587
2905.609492
2905.782617
2905.807372
2906.028397
2906.065202
2906.219681
2906.281404
2906.360647
2906.36818
2906.405883
2906.699085
2907.014259
2907.181366
2907.201402
2907.221319
2907.253225
2907.341536
2908.043966
2908.10274
2908.333621
2908.402575
2908.426808
2908.428484
2908.622154
2908.653162
2908.803643
2908.817886
2909.024323
2909.083212
2909.783089
2910.170314
2910.69334
2910.705252
2910.779535
2910.788625
2910.937701
2911.049014
2911.081411
2911.121928
2911.144541
2911.400389
2911.65357
2912.090959
2912.271269
2912.330876
2912.334998
2912.384359
2912.88759
2912.949573
2913.070186
2913.088077
2913.352735
2913.38741
2913.442095
2913.448559
2913.489652
2913.790603
2914.037888
2914.061466
2915.087267
2915.116464
2915.120704
2915.217691
2915.314604
2915.44675
2915.646835
2915.724328
2915.755835
2916.179875
2916.590134
2916.982337
2917.137187
2917.219664
2917.295817
2917.336344
2917.564141
2917.87223
2917.887247
2917.940166
2918.065312
2918.398347
2918.424536
2918.485018
2918.59193
2918.884847
2919.275672
2919.380164
2919.444625
2919.519311
2919.601585
2919.990219
2920.107985
2920.24381
2920.309243
2920.376297
2920.385842
2920.473247
2920.530453
2920.57751
2920.747892
2920.757514
2920.94076
2921.352771
2921.563322
2921.79891
2921.837927
2921.964661
2922.089837
2922.113849
2922.329597
2922.491972
2922.625117
2922.672193
2922.796057
2923.263418
2923.578875
2923.8229
2924.266227
2924.771399
2924.817062
2924.905344
2924.9396
2925.175802
2925.272274
2925.286091
2925.617166
2925.842513
2925.883432
2925.917721
2926.001992
2926.246114
2926.354028
2926.434334
2926.537153
2927.70589
2928.519338
2928.751233
2929.220397
2929.299324
2929.582326
2929.636041
2929.678728
2929.724086
2929.757753
2929.886415
2930.073433
2930.454177
2930.656505
2930.738373
2930.912686
2930.938294
2930.993812
2931.294645
2931.394888
2931.458159
2931.935245
2932.173667
2932.202222
2932.283428
2932.296755
2932.416163
2932.438928
2932.457076
2932.608732
2932.669107
2932.670166
2932.712727
2932.847057
2933.20261
2933.947067
2934.296575
2934.861892
2934.867565
2935.209809
2935.284029
2935.321763
2935.418748
2935.538556
2935.540141
2935.591251
2935.623253
2935.774799
2936.013157
2936.039465
2936.143941
2936.146623
2936.150655
2936.242303
2936.386177
2936.452652
2936.592669
2936.689753
2936.816317
2936.879432
2937.108125
2937.115955
2937.272145
2937.386696
2937.749663
2937.835316
2937.842283
2937.964109
2938.132924
2938.330718
2938.349459
2938.688953
2938.762247
2938.94894
2938.987496
2939.195588
2939.511707
2939.548022
2939.624324
2939.948247
2940.095233
2940.151969
2940.293643
2940.334938
2940.509858
2940.867723
2941.147499
2941.174248
2941.28183
2941.446629
2941.506183
2941.690723
2941.88911
2942.140577
2942.349334
2942.716656
2942.850407
2943.058076
2943.079564
2943.591963
2943.671204
2943.735254
2943.881756
2943.897273
2944.003477
2944.134345
2944.194784
2944.86117
2944.926797
2944.984815
2945.185964
2945.316379
2945.390357
2945.597683
2946.213945
2946.251508
2946.542094
2946.562061
2946.81068
2946.849732
2947.176806
2947.327658
2947.381141
2947.429219
2947.502633
2947.893976
2948.044384
2948.056016
2948.456793
2948.779691
2949.126577
2949.272424
2949.686309
2950.104407
2950.465615
2950.670621
2951.169197
2951.215089
2951.287995
2951.61257
2951.644374
2951.998249
2952.117714
2952.177515
2952.525107
2952.526186
2952.697397
2952.716494
2952.880278
2952.980604
2953.384276
2953.438451
2953.570219
2953.698466
2953.846251
2954.161129
2954.165416
2954.526132
2954.551518
2954.598596
2954.691747
2954.702487
2954.83156
2954.898226
2954.991851
2955.175255
2955.431151
2955.503727
2955.55119
2955.785637
2956.132625
2956.308748
2956.327927
2956.338967
2956.635763
2956.643402
2956.809261
2957.242212
2957.243386
2957.393819
2957.65824
2957.718979
2957.771702
2957.837096
2957.884525
2958.217265
2958.255938
2958.35786
2958.629689
2958.665084
2958.772287
2958.777289
2958.91272
2958.943165
2959.208497
2959.358698
2959.633558
2959.76036
2959.764763
2959.833423
2959.981297
2960.355378
2960.786683
2960.952287
2961.006613
2961.195115
2961.226683
2961.942222
2962.102523
2962.234027
2962.28273
2962.458298
2963.148303
2963.682035
2963.718689
2963.848087
2964.060815
2964.5027
2964.846773
2964.876609
2965.061763
2965.367964
2965.739401
2965.795027
2966.160986
2966.413439
2966.572934
2966.623902
2966.786855
2967.1358
2967.22853
2967.53448
2967.567362
2967.695365
2968.491855
2968.720397
2968.766949
2969.121166
2969.558633
2969.651218
2969.849879
2969.877772
2970.008156
2970.055407
2970.162749
2970.263774
2970.40687
2970.472241
2970.681645
2970.938248
2971.154137
2971.378062
2971.385755
2972.069378
2972.108239
2972.18741
2972.496747
2972.539123
2972.66248
2972.824817
2973.031862
2973.327518
2973.677624
2973.833577
2974.134539
2974.327121
2974.391543
2974.670708
2974.720138
2975.327665
2975.436416
2975.650298
2975.698068
2975.887337
2976.016729
2976.420959
2976.496973
2977.032324
2977.045784
2977.271632
2977.357728
2977.481478
2977.844548
2977.960916
2978.046558
2978.162838
2979.274529
2979.582162
2979.922478
2979.98677
2980.032867
2980.717055
2980.729565
2980.834162
2981.067927
2981.976713
2981.997307
2982.601715
2982.632329
2983.632372
2983.693599
2983.867439
2984.340717
2984.758772
2984.996206
2985.051256
2985.257357
2985.760555
2985.765556
2986.275928
2986.438641
2986.826359
2986.877552
2986.905838
2986.952483
2987.288593
2988.242958
2988.262817
2988.379256
2989.430772
2989.43853
2989.476033
2990.416188
2990.668043
2991.02626
2991.053811
2991.071972
2991.205809
2991.220856
2991.389008
2991.470292
2991.55167
2991.80084
2991.817312
2992.831752
2993.560873
2993.690732
2993.782096
2993.859307
2993.990998
2994.372415
2994.977664
2995.259872
2995.583202
2995.596157
2995.835135
2995.957642
2996.356082
2996.683228
2996.711886
2996.922682
2997.239447
2998.313276
2998.782151
2999.46649
2999.829595
2999.847633
2999.871381
3000.262434
3000.547457
3000.649731
3000.71523
3001.225403
3001.387526
3001.532554
3001.696379
3002.396869
3002.404238
3003.327898
3003.346598
3003.538828
3004.028173
3005.34693
3005.572324
3005.711362
3005.839017
3005.892046
3006.672145
3007.661897
3007.736108
3007.765605
3008.090524
3008.520855
3008.722975
3009.029457
3010.401827
3010.468907
3010.960916
3011.50825
3011.906477
3011.955243
3012.095393
3012.13193
3012.448962
3012.75193
3012.932365
3013.526579
3013.750667
3014.303955
3014.465052
3014.708859
3014.77362
3015.177902
3016.213788
3017.550753
3017.751385
3017.848283
3017.904313
3018.266825
3018.402007
3018.624908
3019.083565
3020.212986
3021.17433
3021.40829
3022.268151
3022.589996
3022.685342
3024.564062
3024.607924
3024.773324
3024.891216
3024.898131
3025.106742
3025.520012
3025.588469
3026.177336
3026.323214
3026.594522
3027.297115
3027.716876
3028.56041
3028.602536
3029.626907
3029.930912
3030.243333
3030.507915
3031.518702
3031.849628
3032.238593
3032.408578
3032.440775
3033.380113
3033.498761
3033.684382
3033.689423
3033.770486
3034.993705
3035.10277
3035.205018
3035.573707
3035.731599
3035.969419
3036.002405
3036.520839
3037.057141
3038.741351
3039.925263
3040.167214
3040.397752
3041.41465
3042.275738
3042.48343
3043.080299
3043.149977
3043.785523
3044.248769
3044.682603
3045.651009
3046.74295
3047.74786
3047.969675
3048.021123
3048.081643
3048.265463
3048.958647
3049.14448
3050.520394
3051.069327
3052.444381
3053.768761
3054.950646
3055.421237
3055.823735
3057.160162
3057.493329
3058.115266
3058.275651
3062.292889
3062.315812
3062.525162
3062.914512
3063.048739
3063.476505
3063.881838
3065.117692
3067.552188
3068.363309
3068.608322
3068.67935
3069.908405
3070.065713
3070.226257
3070.804537
3071.342299
3072.47614
3072.727481
3073.150326
3073.667634
3074.014868
3074.047865
3074.438358
3074.477692
3075.877672
3076.16089
3076.315896
3076.338416
3076.510187
3077.511137
3077.885008
3080.683961
3082.528091
3083.326051
3084.352146
3085.851632
3085.854732
3085.994207
3086.122849
3086.183752
3086.711781
3087.627364
3088.264408
3088.997955
3089.275276
3090.588721
3091.2734
3091.451833
3091.976854
3091.983566
3092.12796
3094.30828
3095.040616
3096.915143
3097.520466
3098.457577
3099.867856
3099.886741
3100.634041
3100.718531
3102.105325
3102.220984
3102.351429
3102.359397
3102.567561
3103.570063
3106.441101
3106.47613
3108.157134
3108.555583
3110.550913
3110.669884
3110.946025
3111.033325
3111.576504
3111.907273
3112.25951
3112.555616
3113.852546
3115.224175
3115.856404
3117.165252
3118.043114
3118.176366
3120.090897
3120.916564
3130.430616
3131.953939
3132.840144
3133.216602
3134.60148
3135.15783
3137.810166
3137.99481
3141.164944
3144.331871
3146.983804
3150.0494
3150.974258
3151.260791
3155.455343
3156.047352
3157.216382
3158.882282
3159.408966
3160.300355
3161.299748
3161.968847
3162.539606
3162.868547
3166.995894
3168.187934
3170.853397
3171.575364
3173.630041
3174.152508
3174.618578
3175.960428
3180.190678
3180.481589
3180.500249
3184.319644
3186.184607
3186.799026
3193.883675
3196.640624
3197.519301
3199.775801
3208.911431
3209.748111
3210.775487
3211.110161
3211.436397
3214.182783
3221.089903
3222.016035
3224.506134
3225.890751
3227.491732
3229.394403
3229.475532
3231.366021
3231.560994
3232.36727
3233.353946
3237.703144
3239.117573
3241.391423
3243.58966
3250.298
3251.939693
3254.427028
3263.429922
3264.953601
3266.184545
3271.819331
3272.927837
3273.65731
3276.909124
3277.622638
3279.499336
3280.081017
3287.20617
3289.807692
3294.147501
3298.476951
3300.184613
3301.386814
3306.865297
3307.234538
3312.697485
3314.777909
3316.828414
3318.130677
3320.758788
3324.13556
3329.422923
3331.113527
3331.576115
3331.87049
3332.026489
3332.033601
3332.472703
3332.977297
3334.152433
3334.41886
3341.860285
3341.895525
3351.055449
3351.691418
3355.585708
3356.35104
3362.030674
3367.099078
3381.218359
3386.527927
3389.555903
3392.942081
3393.322756
3399.903259
3400.583228
3408.7001
3408.938963
3409.329556
3411.365948
3412.45861
3414.169476
3416.366659
3422.924249
3430.614575
3436.283652
3436.819384
3438.896006
3440.971521
3441.434931
3441.88227
3444.074852
3445.339357
3448.450527
3451.271709
3462.1835
3462.689915
3464.099132
3468.052933
3482.88349
3499.563704
3506.630789
3519.304703
3521.276664
3529.865778
3545.689719
3640.039306
3642.78761
3681.777114
3700.256885
3706.159768
3716.488569
3845.899168
5269.355513
7491.706962
