1.814505
8.82693
25.39919
138.112186
142.881462
147.462809
147.757709
148.860268
148.961248
151.075641
152.075687
152.088383
153.574914
154.053489
154.909555
159.659896
164.560033
166.015966
166.777433
168.212032
168.46105
169.575891
170.653573
172.787887
172.880511
173.975139
174.948151
175.293618
175.342363
175.351825
175.352848
177.328002
177.499031
177.916335
178.507624
178.767798
178.878526
179.086879
179.337237
180.63175
180.837424
180.875448
181.07213
181.355589
181.521057
181.643791
182.297286
182.790311
184.456862
185.159285
185.414219
185.708093
186.550074
186.670544
187.490427
188.231122
188.556957
189.129856
189.521171
189.905788
189.923067
190.305235
190.601282
190.856573
191.512125
191.532989
192.048722
192.075862
192.298391
192.426798
192.578226
192.687455
192.8496
192.922844
193.001133
193.31805
193.537971
194.012263
194.099092
194.769056
194.777927
195.073007
195.350897
195.408336
195.649215
195.906492
196.052137
196.368932
196.939463
197.31616
197.832902
198.352093
198.63951
198.676569
198.988633
199.185031
199.869786
200.253829
200.33422
201.217863
201.598359
201.770796
201.886529
202.409661
202.543384
202.701321
203.33085
203.427312
203.998287
205.655089
206.482674
206.66335
206.809631
207.252532
207.996418
208.755809
209.018259
209.828766
209.981205
211.288305
211.489683
211.930763
212.241982
214.490677
214.711993
216.290469
216.429006
217.719644
218.024568
222.180133
230.268933
232.887175
233.414963
243.52975
243.586793
243.7197
244.871086
249.63819
250.552147
255.667837
258.52509
260.729515
266.561937
267.216211
269.561623
274.781449
276.455924
277.554153
281.850254
282.484142
287.483565
292.902036
295.242151
307.307487
561.207471
