170.717075
177.242115
181.668208
190.701174
192.028234
194.568724
206.460013
210.024477
217.348573
219.414057
227.129155
227.993755
230.358024
232.965674
249.172414
251.641711
252.893548
265.325722
267.421472
268.552308
273.720049
275.318236
276.462176
276.484505
276.49086
276.589841
277.115987
277.944687
278.490295
278.638666
278.708662
279.671919
279.944871
280.192893
280.55126
280.642904
281.024101
281.355482
281.451916
281.506213
281.601076
281.602776
281.774798
281.933451
282.194904
282.461224
282.5344
282.685623
282.939557
283.058114
283.152154
283.174251
283.197509
283.602478
283.73832
283.752755
284.015258
284.072154
284.099527
284.250431
284.370259
284.371019
284.981438
285.002891
285.073168
285.165836
285.211831
285.430875
285.484504
285.50095
285.727456
285.739944
285.810832
285.834649
285.839653
285.840565
285.915317
285.94463
286.026005
286.042983
286.114801
286.125551
286.148147
286.149221
286.174172
286.229999
286.241238
286.309694
286.38732
286.439432
286.443925
286.513965
286.54595
286.628995
286.885682
287.057327
287.109338
287.112073
287.222718
287.297556
287.327157
287.347027
287.364146
287.462737
287.5326
287.538047
287.550531
287.558005
287.60332
287.655083
287.683017
287.696806
287.743075
287.788511
287.81803
287.843098
287.889275
287.981397
288.010109
288.096198
288.115503
288.135041
288.167676
288.179168
288.229984
288.237484
288.248883
288.278054
288.35502
288.395229
288.397766
288.400546
288.406747
288.440074
288.463643
288.48903
288.524617
288.571642
288.584663
288.609168
288.664146
288.797333
288.823825
288.856805
288.863265
288.898872
288.948508
289.058492
289.065375
289.105687
289.14527
289.151949
289.205123
289.23056
289.258355
289.342951
289.409879
289.419543
289.437827
289.462712
289.470438
289.512517
289.517699
289.521778
289.559343
289.568287
289.573938
289.599364
289.699995
289.717564
289.727835
289.751262
289.755371
289.769217
289.795834
289.818282
289.850162
289.891044
289.898295
289.912345
289.986324
289.991921
290.004872
290.025088
290.028955
290.029309
290.03783
290.060081
290.152999
290.196836
290.239739
290.281703
290.2923
290.296424
290.334317
290.373959
290.382575
290.388271
290.402204
290.429673
290.45252
290.454931
290.470427
290.474654
290.476999
290.501267
290.506564
290.515377
290.565232
290.586312
290.586819
290.591849
290.599564
290.602859
290.618971
290.631832
290.641645
290.657961
290.710782
290.737697
290.745179
290.796946
290.804204
290.826728
290.856933
290.898504
290.938462
290.962283
290.990799
290.998668
291.005844
291.082654
291.098663
291.115613
291.139631
291.145819
291.15319
291.193587
291.200081
291.210613
291.239161
291.242269
291.246166
291.253496
291.25708
291.281345
291.285504
291.291439
291.323806
291.337574
291.370083
291.380376
291.399693
291.407267
291.462079
291.472789
291.516749
291.629703
291.636093
291.688234
291.689577
291.708255
291.726838
291.742581
291.752043
291.758892
291.766933
291.816084
291.82782
291.86455
291.878025
291.922996
291.93737
291.944667
291.950186
291.953835
291.954265
291.982366
292.001442
292.01507
292.025001
292.038144
292.049851
292.051072
292.059345
292.068915
292.083826
292.122706
292.125094
292.149384
292.156252
292.161141
292.179811
292.186711
292.198148
292.198817
292.225766
292.25785
292.283096
292.298515
292.303487
292.324944
292.336199
292.348543
292.349554
292.357479
292.402154
292.403664
292.425097
292.452192
292.459309
292.461754
292.478
292.610968
292.637384
292.649217
292.655959
292.658766
292.712402
292.713987
292.722829
292.72427
292.75593
292.759348
292.759353
292.762317
292.76758
292.776377
292.788303
292.790943
292.819537
292.822767
292.828486
292.830196
292.841549
292.844703
292.853908
292.878697
292.88133
292.886125
292.889459
292.896134
292.8992
292.913961
292.925143
292.929883
292.957682
292.962284
293.000863
293.010428
293.017915
293.022047
293.034587
293.044898
293.057839
293.069487
293.069767
293.07231
293.078169
293.083018
293.085941
293.086413
293.109621
293.133989
293.146858
293.17239
293.176144
293.191216
293.196315
293.20143
293.213484
293.229469
293.252974
293.263468
293.274824
293.285037
293.293569
293.302037
293.316179
293.336329
293.341006
293.348445
293.359999
293.370191
293.381816
293.399306
293.403603
293.440238
293.440782
293.454846
293.457224
293.469083
293.477099
293.545451
293.562936
293.565392
293.577828
293.588865
293.645711
293.646282
293.664986
293.667658
293.669158
293.68531
293.686654
293.690073
293.692514
293.736163
293.752195
293.771724
293.779761
293.843096
293.844272
293.850323
293.85666
293.859251
293.864405
293.877023
293.885661
293.88786
293.891207
293.911905
293.918195
293.931468
293.956734
293.959664
293.96197
293.969692
293.975905
294.002076
294.00635
294.022421
294.030859
294.054305
294.054882
294.086364
294.099649
294.105493
294.115138
294.131069
294.133375
294.144054
294.186176
294.186326
294.197448
294.199852
294.20398
294.207908
294.215425
294.222441
294.240459
294.266433
294.270529
294.278378
294.279424
294.282926
294.284255
294.290457
294.301928
294.331651
294.333168
294.334683
294.34103
294.357113
294.361807
294.36451
294.385113
294.385903
294.419344
294.444311
294.468881
294.526403
294.529013
294.532239
294.532363
294.554948
294.558117
294.583755
294.585409
294.593885
294.59847
294.598625
294.602828
294.618457
294.628201
294.635404
294.652691
294.656854
294.676054
294.681573
294.690955
294.739781
294.743786
294.755076
294.759519
294.778979
294.792315
294.801539
294.810736
294.811919
294.829574
294.839303
294.83985
294.8428
294.847624
294.849451
294.850822
294.859355
294.866742
294.897426
294.9001
294.901128
294.907606
294.919853
294.936219
294.941129
294.957444
294.976402
294.98022
294.983841
294.989521
294.991696
295.016841
295.021863
295.027266
295.053044
295.076721
295.089115
295.093999
295.095317
295.103241
295.121889
295.126562
295.139223
295.14039
295.152346
295.176431
295.198595
295.224035
295.26071
295.265932
295.282187
295.28552
295.29368
295.297872
295.304885
295.327964
295.332108
295.339242
295.347752
295.347844
295.348619
295.373503
295.376897
295.409601
295.419322
295.42479
295.428371
295.431782
295.449032
295.453433
295.46583
295.471501
295.473238
295.477409
295.486825
295.492803
295.495157
295.51134
295.517488
295.535958
295.551639
295.569302
295.570428
295.573183
295.583208
295.590906
295.591229
295.60225
295.610616
295.615073
295.629916
295.635344
295.638581
295.6413
295.668724
295.672855
295.673165
295.685593
295.687248
295.688376
295.698754
295.706823
295.742489
295.750546
295.752078
295.76395
295.786314
295.793027
295.805571
295.813004
295.844166
295.848734
295.852763
295.856099
295.861701
295.89554
295.908715
295.925957
295.951433
295.974655
295.978775
296.000826
296.010147
296.011156
296.046282
296.058855
296.071227
296.078501
296.083195
296.152348
296.156625
296.17175
296.179972
296.180998
296.223588
296.223626
296.244957
296.245693
296.252409
296.263639
296.26487
296.265856
296.268702
296.276494
296.299296
296.305452
296.307023
296.325273
296.379987
296.380152
296.380362
296.388352
296.389868
296.413436
296.42443
296.427667
296.428812
296.429601
296.434291
296.438579
296.440584
296.447075
296.45766
296.486326
296.505571
296.508441
296.514009
296.528292
296.533393
296.534447
296.534531
296.55093
296.572994
296.57878
296.588824
296.589771
296.613383
296.647348
296.650436
296.654668
296.656143
296.657433
296.658668
296.662846
296.668179
296.671547
296.675388
296.694703
296.702831
296.714936
296.717232
296.721032
296.74789
296.758519
296.78067
296.790213
296.792786
296.800436
296.83314
296.834356
296.835702
296.853512
296.859939
296.870738
296.871046
296.8758
296.876919
296.883195
296.893669
296.894387
296.905033
296.912203
296.914492
296.92216
296.92786
296.963313
296.968555
296.985617
296.986852
296.995452
296.998424
297.002309
297.0329
297.034154
297.03766
297.043566
297.051805
297.06201
297.063067
297.077462
297.078238
297.091202
297.093702
297.094041
297.09644
297.098219
297.101078
297.121973
297.12346
297.144479
297.153979
297.154652
297.159888
297.162505
297.173623
297.176664
297.177448
297.189945
297.196156
297.209329
297.215035
297.217565
297.219717
297.228983
297.235729
297.244173
297.246386
297.246641
297.255465
297.273002
297.304972
297.317614
297.32264
297.34644
297.374057
297.375258
297.392625
297.392888
297.415702
297.428274
297.430973
297.43712
297.440947
297.448113
297.470983
297.479301
297.488381
297.503187
297.510712
297.525839
297.531439
297.54747
297.561159
297.562313
297.564404
297.565228
297.569283
297.584795
297.585796
297.595741
297.602276
297.60648
297.610221
297.611783
297.620516
297.625137
297.644221
297.649648
297.654892
297.661603
297.66558
297.670996
297.690889
297.69214
297.695675
297.702228
297.713729
297.713776
297.713868
297.717857
297.722579
297.728474
297.731407
297.732166
297.744278
297.748252
297.75106
297.773249
297.781584
297.837077
297.842955
297.844328
297.844343
297.845836
297.849985
297.850037
297.876415
297.879298
297.880534
297.884577
297.893881
297.895254
297.900631
297.91742
297.924574
297.93312
297.933413
297.968582
297.972988
297.9734
297.975802
297.981989
297.982269
297.988093
297.992421
297.997497
298.008425
298.010182
298.017329
298.021338
298.028089
298.048984
298.051961
298.053732
298.055637
298.056064
298.056156
298.06857
298.071454
298.087095
298.102146
298.104749
298.127947
298.130533
298.151894
298.160519
298.172603
298.197172
298.208456
298.21744
298.22736
298.231403
298.231514
298.243929
298.24893
298.255582
298.27307
298.305373
298.313291
298.322217
298.327077
298.329233
298.329602
298.335715
298.346262
298.355554
298.357992
298.364471
298.367058
298.377124
298.38072
298.384765
298.38721
298.389159
298.389541
298.422652
298.434631
298.441868
298.459369
298.463833
298.482866
298.484864
298.496607
298.508397
298.508555
298.509777
298.512814
298.516621
298.517621
298.526238
298.530032
298.530938
298.539361
298.540769
298.544598
298.55496
298.560469
298.560628
298.575812
298.584573
298.59562
298.601939
298.606466
298.632652
298.644749
298.663346
298.669295
298.669556
298.669906
298.689001
298.691392
298.691664
298.697361
298.720219
298.726978
298.73677
298.739134
298.754675
298.767605
298.78446
298.795081
298.79577
298.819127
298.820762
298.822363
298.837079
298.839166
298.850449
298.850861
298.85632
298.858354
298.858439
298.859956
298.862488
298.864803
298.86492
298.887031
298.893641
298.896144
298.897153
298.909988
298.918736
298.919252
298.919986
298.933135
298.940687
298.945099
298.966524
298.969736
298.972041
298.980489
298.988621
298.999062
299.008789
299.011036
299.013659
299.032849
299.037395
299.04352
299.044733
299.045782
299.061391
299.06697
299.073841
299.081583
299.090775
299.101019
299.106752
299.116497
299.118786
299.127497
299.128606
299.135841
299.139561
299.142513
299.143338
299.147353
299.150094
299.15079
299.153095
299.170551
299.178311
299.179489
299.183648
299.183847
299.192597
299.215555
299.216581
299.237812
299.244883
299.270003
299.271856
299.277389
299.294621
299.295558
299.309217
299.310666
299.330015
299.334949
299.354594
299.355204
299.357693
299.361876
299.367626
299.398213
299.403001
299.410966
299.420246
299.423801
299.427897
299.456991
299.459799
299.463756
299.472445
299.485584
299.492792
299.498383
299.509368
299.518991
299.532595
299.533376
299.53799
299.541536
299.542219
299.550687
299.565844
299.576278
299.576633
299.576687
299.58048
299.580822
299.584955
299.589586
299.591058
299.603198
299.606526
299.632657
299.646812
299.653548
299.664835
299.666185
299.670853
299.673404
299.685192
299.693561
299.69827
299.737483
299.738037
299.740598
299.742157
299.7481
299.75043
299.755103
299.75594
299.772306
299.779074
299.784212
299.787575
299.795874
299.797492
299.7981
299.811131
299.829832
299.831058
299.83483
299.835204
299.844316
299.848861
299.877124
299.878499
299.895548
299.902757
299.920413
299.929099
299.929915
299.940975
299.949872
299.953478
299.954613
299.980117
300.000507
300.014921
300.026732
300.028013
300.04499
300.04501
300.048888
300.057391
300.057743
300.058454
300.072392
300.07884
300.078876
300.079268
300.081926
300.098118
300.099534
300.104857
300.147242
300.148324
300.161346
300.162006
300.162475
300.16432
300.164656
300.171424
300.172268
300.18767
300.195957
300.197965
300.211872
300.223185
300.235724
300.253883
300.2551
300.273519
300.290584
300.312096
300.319477
300.321677
300.322404
300.322406
300.339473
300.348602
300.357715
300.360153
300.365112
300.367052
300.369002
300.374504
300.390604
300.39173
300.392403
300.396579
300.403203
300.403356
300.403746
300.407983
300.424243
300.429662
300.430348
300.461267
300.473073
300.488909
300.488981
300.510879
300.511357
300.517737
300.522857
300.536703
300.544441
300.545694
300.550612
300.563398
300.56937
300.572625
300.588665
300.601847
300.605783
300.606371
300.609104
300.612029
300.619199
300.628708
300.636411
300.646659
300.664337
300.691156
300.704437
300.706793
300.720358
300.723477
300.728611
300.733417
300.7437
300.755236
300.762451
300.771405
300.773687
300.777639
300.778359
300.789459
300.791574
300.803881
300.811029
300.811662
300.814758
300.818646
300.837001
300.852025
300.85449
300.858144
300.862046
300.866548
300.880168
300.889158
300.903909
300.91046
300.916622
300.916692
300.919475
300.939377
300.944681
300.948418
300.956557
300.96014
300.963888
300.964447
300.979539
300.982203
301.035055
301.04083
301.058577
301.059942
301.061487
301.063738
301.065118
301.073053
301.075593
301.0794
301.093447
301.095966
301.100228
301.113486
301.13696
301.137361
301.143382
301.148285
301.150887
301.15504
301.160612
301.161607
301.167578
301.16991
301.174415
301.184749
301.186489
301.207296
301.207405
301.212507
301.223854
301.225615
301.22739
301.229039
301.229569
301.231279
301.235674
301.244116
301.254048
301.257051
301.262512
301.263177
301.275232
301.278576
301.285451
301.288785
301.297374
301.298418
301.308532
301.318557
301.318849
301.319789
301.320672
301.320975
301.339241
301.349068
301.350768
301.359319
301.362226
301.377034
301.409559
301.412309
301.424667
301.455407
301.459094
301.472954
301.482714
301.501495
301.50692
301.51723
301.52091
301.539902
301.543426
301.54665
301.556334
301.561323
301.566432
301.567894
301.573112
301.587061
301.596621
301.602198
301.604731
301.607302
301.611731
301.617975
301.630474
301.639429
301.6401
301.643098
301.643175
301.649578
301.656049
301.666307
301.673278
301.674935
301.676473
301.689646
301.696907
301.703752
301.714308
301.731491
301.741292
301.771503
301.771634
301.793368
301.796928
301.814755
301.828355
301.830407
301.843522
301.844057
301.845684
301.853323
301.855835
301.907274
301.924252
301.929496
301.935545
301.936827
301.937531
301.950744
301.954964
301.966915
301.983321
301.983837
301.998573
301.998866
302.000133
302.003991
302.008955
302.012077
302.015267
302.017669
302.03209
302.036647
302.043922
302.050424
302.050483
302.059612
302.067307
302.070485
302.079649
302.094722
302.096728
302.109386
302.110079
302.111536
302.114857
302.115726
302.117612
302.122119
302.123099
302.168393
302.174229
302.179441
302.1801
302.185892
302.187869
302.188691
302.192272
302.200576
302.205827
302.210915
302.233847
302.242663
302.249759
302.254543
302.258825
302.261696
302.264224
302.267895
302.272274
302.307336
302.310659
302.325223
302.337614
302.362714
302.374309
302.39414
302.395489
302.397298
302.407445
302.416145
302.441269
302.456611
302.46825
302.479896
302.481703
302.491669
302.492614
302.494359
302.499539
302.500203
302.50932
302.518594
302.518931
302.52853
302.530701
302.535538
302.543273
302.543432
302.544912
302.547836
302.559223
302.583097
302.589488
302.599429
302.610485
302.612992
302.617193
302.628617
302.631233
302.636675
302.64452
302.650862
302.65167
302.664779
302.667556
302.673413
302.683972
302.708375
302.710759
302.714038
302.743957
302.74681
302.752604
302.808464
302.815704
302.829647
302.832661
302.842801
302.848614
302.879444
302.886339
302.887154
302.889262
302.893941
302.927488
302.935539
302.937219
302.948779
302.95148
302.960341
302.961623
302.965177
302.966513
302.968522
302.982576
302.987772
302.99352
303.001709
303.005699
303.023505
303.045983
303.057346
303.060621
303.063115
303.064739
303.071724
303.073907
303.083375
303.085274
303.086023
303.088149
303.089406
303.090036
303.10349
303.103603
303.113417
303.113628
303.117887
303.123304
303.127506
303.128172
303.138533
303.14672
303.157325
303.15785
303.16072
303.175165
303.18593
303.192864
303.195871
303.201017
303.21335
303.215348
303.218321
303.22525
303.238257
303.239308
303.245608
303.251845
303.269486
303.275457
303.306353
303.338071
303.346507
303.348735
303.353399
303.353589
303.359703
303.372844
303.37457
303.408887
303.410245
303.420912
303.425691
303.426586
303.435075
303.447107
303.450697
303.480451
303.492637
303.494327
303.506172
303.516824
303.520538
303.541499
303.547311
303.55079
303.552964
303.568434
303.581385
303.601095
303.614151
303.617491
303.623989
303.640822
303.656082
303.665602
303.674555
303.680101
303.683608
303.696875
303.696947
303.697127
303.705607
303.708749
303.716769
303.720774
303.724317
303.729424
303.737017
303.750372
303.758626
303.769588
303.793077
303.796319
303.797216
303.804028
303.825384
303.825447
303.848694
303.866649
303.871931
303.881115
303.891062
303.891168
303.898617
303.898916
303.904308
303.912708
303.972993
303.975492
304.01108
304.02367
304.024692
304.057764
304.062391
304.066702
304.080962
304.093107
304.104084
304.11495
304.130358
304.130616
304.141494
304.141881
304.171066
304.182394
304.187541
304.227882
304.232124
304.241887
304.249013
304.25642
304.258283
304.265254
304.281839
304.302609
304.331903
304.336328
304.34393
304.35488
304.35778
304.372462
304.386233
304.389289
304.405605
304.418666
304.427304
304.436371
304.442857
304.457629
304.465692
304.466684
304.489392
304.498579
304.503009
304.521726
304.530781
304.582533
304.614104
304.653227
304.700788
304.706554
304.721913
304.727009
304.72744
304.745409
304.748013
304.768306
304.775744
304.776538
304.78256
304.790507
304.792738
304.806915
304.811421
304.870771
304.877083
304.883469
304.886818
304.893688
304.901274
304.902023
304.906051
304.912419
304.934305
304.945682
304.946388
304.953053
304.95373
304.960501
304.962992
304.967602
304.969405
304.973991
304.983944
304.988988
304.997053
305.00375
305.027448
305.028783
305.031369
305.047152
305.05207
305.068203
305.081444
305.097075
305.127037
305.127438
305.15017
305.157488
305.160781
305.172592
305.176462
305.186449
305.189476
305.201376
305.20265
305.211545
305.220058
305.229486
305.235954
305.243429
305.247944
305.252404
305.253565
305.256707
305.269638
305.28823
305.307826
305.33014
305.330986
305.342458
305.348924
305.358103
305.37806
305.388418
305.39619
305.420697
305.424061
305.446042
305.453296
305.457928
305.465457
305.467127
305.469596
305.522179
305.540349
305.551773
305.56151
305.571249
305.598753
305.613674
305.614224
305.61597
305.642716
305.664495
305.666219
305.676932
305.677517
305.684079
305.692505
305.694696
305.695172
305.705345
305.709039
305.715344
305.738945
305.748357
305.756018
305.770945
305.772438
305.791247
305.823097
305.849866
305.850446
305.852981
305.85968
305.864447
305.866313
305.871578
305.877681
305.878923
305.880247
305.88736
305.887896
305.912539
305.922983
305.936132
305.941327
305.948951
305.952846
305.969483
305.979562
305.980455
305.984439
305.984843
306.01715
306.017894
306.02242
306.024578
306.029755
306.031501
306.057465
306.079569
306.104458
306.109854
306.110932
306.114298
306.116204
306.119515
306.155735
306.158379
306.158907
306.186834
306.192878
306.197952
306.211282
306.211559
306.21398
306.218028
306.229122
306.249682
306.263979
306.265133
306.267874
306.27509
306.276783
306.29223
306.296006
306.306784
306.307036
306.330907
306.335621
306.361581
306.361974
306.372736
306.373282
306.409693
306.423609
306.444202
306.447705
306.470108
306.484449
306.486248
306.514781
306.51734
306.519435
306.541584
306.555126
306.560647
306.562325
306.606454
306.614078
306.625914
306.637544
306.648184
306.653307
306.656318
306.659796
306.667059
306.673606
306.688376
306.697074
306.706139
306.729552
306.729883
306.765645
306.765758
306.79265
306.802517
306.807375
306.84632
306.851065
306.896639
306.915865
306.945447
306.949617
306.972045
306.995548
306.996059
307.000954
307.007783
307.013406
307.031157
307.042219
307.060295
307.068996
307.071483
307.073818
307.076042
307.083824
307.09867
307.107477
307.110421
307.124774
307.135251
307.141869
307.147051
307.148751
307.164385
307.20035
307.207353
307.216564
307.220329
307.244427
307.248451
307.26786
307.271373
307.291544
307.299088
307.303993
307.320767
307.335693
307.33677
307.348161
307.351263
307.35296
307.370765
307.379176
307.388056
307.411042
307.417243
307.420119
307.438744
307.449258
307.452265
307.473617
307.47502
307.483936
307.505759
307.526852
307.530777
307.531702
307.548137
307.577153
307.60622
307.611773
307.626679
307.660696
307.662982
307.668386
307.670136
307.684674
307.720225
307.727249
307.736111
307.73982
307.743745
307.769297
307.773232
307.786813
307.792275
307.802012
307.840227
307.842058
307.84651
307.854583
307.855571
307.861221
307.868679
307.888559
307.896192
307.95566
307.961606
307.978855
308.021202
308.030984
308.032885
308.063902
308.071607
308.085971
308.09339
308.104063
308.114779
308.125227
308.155717
308.172143
308.21263
308.241857
308.256769
308.297952
308.305274
308.338028
308.352073
308.392361
308.401238
308.401254
308.40687
308.428777
308.442557
308.456182
308.459092
308.473987
308.47766
308.479497
308.492377
308.505933
308.516405
308.527659
308.53324
308.534993
308.536765
308.548415
308.553366
308.557662
308.58175
308.593465
308.59439
308.605999
308.621056
308.625323
308.627934
308.648275
308.66848
308.720829
308.750542
308.753007
308.792535
308.804923
308.812518
308.818903
308.821182
308.849344
308.855658
308.887832
308.924208
308.927798
308.929356
308.936381
308.974484
309.008923
309.011023
309.033945
309.045902
309.058259
309.062667
309.071636
309.072672
309.103329
309.121
309.130036
309.135899
309.144826
309.162628
309.198839
309.209295
309.215882
309.216424
309.217831
309.225642
309.235536
309.249958
309.292048
309.313534
309.380661
309.392762
309.398605
309.416372
309.417126
309.431124
309.442814
309.445104
309.448551
309.465538
309.46865
309.501743
309.508413
309.551707
309.579945
309.618883
309.622759
309.636029
309.701118
309.779105
309.809743
309.810186
309.814301
309.814707
309.816251
309.845991
309.8624
309.879318
309.887234
309.894589
309.924268
309.952417
309.954616
309.958538
309.977265
310.012802
310.028289
310.04042
310.053741
310.058267
310.072945
310.083215
310.094259
310.120813
310.133274
310.146633
310.175089
310.181634
310.195259
310.201796
310.209214
310.28115
310.283033
310.286128
310.287883
310.299262
310.330115
310.354416
310.375035
310.388037
310.411481
310.416813
310.428757
310.454629
310.456369
310.487622
310.502852
310.51621
310.540982
310.544193
310.589987
310.602353
310.615903
310.633077
310.650049
310.663241
310.681495
310.683173
310.686635
310.738981
310.768927
310.813526
310.820627
310.82823
310.849697
310.853816
310.887596
310.904922
310.917723
310.924044
310.932877
310.950262
310.961774
310.964767
310.964905
310.989411
310.990629
310.999909
311.028772
311.029584
311.033193
311.124033
311.1356
311.179328
311.202681
311.219801
311.258791
311.258879
311.278664
311.343558
311.351697
311.390571
311.391996
311.393729
311.39502
311.397336
311.413112
311.41465
311.443385
311.452952
311.521953
311.523427
311.537534
311.564677
311.56484
311.572246
311.576919
311.614852
311.670099
311.692763
311.702086
311.710089
311.716927
311.718296
311.739434
311.747185
311.802373
311.85997
311.862231
311.872469
311.876324
311.882418
311.882419
311.906986
311.930544
311.939717
312.002824
312.064428
312.087416
312.100604
312.103438
312.130994
312.145432
312.153859
312.164924
312.178035
312.183424
312.188613
312.208358
312.325497
312.371586
312.372437
312.373385
312.419977
312.422108
312.430491
312.432736
312.504733
312.519043
312.580565
312.595248
312.607152
312.67075
312.69352
312.698463
312.699561
312.717126
312.790236
312.893994
312.952203
313.000782
313.043517
313.061805
313.06508
313.138976
313.141811
313.188464
313.206285
313.288573
313.324724
313.424172
313.441577
313.451005
313.472237
313.48919
313.493675
313.529597
313.538057
313.647364
313.697317
313.723974
313.738574
313.777634
313.796018
313.805756
313.810824
313.833672
313.836693
313.850359
313.861463
313.872309
313.895618
313.945867
314.003884
314.032093
314.044717
314.057948
314.10993
314.170266
314.2067
314.216944
314.21787
314.25609
314.267252
314.3108
314.316462
314.316505
314.342679
314.361463
314.380449
314.394096
314.42908
314.444437
314.465175
314.488564
314.48998
314.497796
314.498628
314.564177
314.566135
314.600254
314.732021
314.734917
314.739096
314.787615
314.856015
314.863832
314.873484
314.87517
314.896681
314.910263
314.973813
315.051541
315.057595
315.130967
315.163483
315.167326
315.176631
315.264667
315.346392
315.383235
315.422466
315.556239
315.556362
315.648463
315.671219
315.687004
315.744839
315.75749
315.766395
315.871671
315.8856
315.937037
315.950202
315.957437
315.969478
316.077004
316.095269
316.174332
316.272909
316.274665
316.384811
316.423529
316.424322
316.450235
316.471941
316.475635
316.536525
316.557305
316.558957
316.704984
316.786957
316.824399
316.841141
316.847214
316.913248
316.916428
316.955234
316.964307
316.993888
316.994234
317.042722
317.192137
317.194197
317.23774
317.305596
317.352141
317.359315
317.369676
317.484974
317.530612
317.563875
317.583415
317.620949
317.639006
317.685127
317.692859
317.806006
317.810666
317.871147
317.904543
318.072848
318.187562
318.277407
318.297215
318.297435
318.306081
318.351313
318.374189
318.46262
318.4684
318.520504
318.562153
318.593401
318.600302
318.637266
318.658026
318.819361
318.879604
318.914311
318.938865
319.123528
319.125538
319.308044
319.331315
319.345324
319.356453
319.464856
319.495898
319.527533
319.588565
319.727288
319.768582
319.859151
319.918076
319.999457
320.014459
320.047619
320.076684
320.07719
320.141102
320.151791
320.159015
320.161202
320.210584
320.224668
320.23787
320.243965
320.303529
320.328755
320.333265
320.374372
320.408067
320.433246
320.535376
320.568409
320.665732
320.727887
320.776362
320.785672
320.90947
320.917247
320.929388
320.965067
320.983714
321.022203
321.024267
321.06395
321.126953
321.275072
321.306961
321.336665
321.423594
321.43638
321.48539
321.550076
321.584217
321.624988
321.664079
321.718022
321.743752
321.785595
321.851815
321.990194
322.090923
322.118886
322.24345
322.243909
322.254493
322.350602
322.371536
322.382895
322.403795
322.409739
322.430874
322.642611
322.676282
322.725229
322.816465
322.906044
323.082245
323.092229
323.166756
323.188071
323.287528
323.296944
323.364261
323.41812
323.474833
323.511056
323.666598
323.886168
324.053022
324.087399
324.095734
324.147644
324.175338
324.199657
324.355986
324.400856
324.453683
324.454753
324.619802
324.669677
324.688604
324.718917
324.720141
324.788412
324.891264
324.945066
325.014674
325.098467
325.160877
325.48805
325.668543
325.71661
325.81274
325.819763
325.909614
325.954434
326.045168
326.06143
326.144879
326.208319
326.275635
326.349667
326.421317
326.437209
326.502727
326.599853
326.630094
326.651161
326.6657
326.762195
326.839381
326.873769
326.921225
326.999398
327.081939
327.088227
327.112326
327.188104
327.300389
327.599373
327.680432
327.698608
327.757901
328.260297
328.339757
328.379782
328.44302
328.468856
328.54962
328.563784
328.694531
328.835937
328.933901
328.973469
329.072392
329.12451
329.654784
329.701734
329.772413
329.802337
330.156359
330.204058
330.351549
330.486018
330.520059
330.619247
330.773912
330.788626
330.821612
330.877124
330.899574
331.227067
331.251508
331.347939
331.513461
331.786399
331.866235
332.397955
332.42184
332.574183
332.628321
332.717599
332.812262
332.869169
332.888901
333.467397
333.528972
333.966221
333.968548
334.060639
334.212628
334.388394
334.411429
334.445618
334.754484
334.912461
335.054779
335.064712
335.271279
335.969799
336.028183
336.03814
336.136902
336.409168
336.750699
336.968809
337.028534
337.095176
337.482708
337.844242
338.200153
338.243479
338.58183
338.89426
338.992386
339.035294
340.090274
340.138966
340.497894
340.564359
341.24931
341.52647
341.588467
341.661935
342.046179
342.255163
342.411511
342.420193
342.452039
343.02437
343.030954
343.143065
343.287362
343.578578
343.624424
343.790602
343.819523
343.849726
344.175004
344.428065
344.817393
344.868587
344.921721
345.372378
345.676647
345.939479
346.633008
346.694091
346.854056
347.258031
347.390413
347.467653
349.808188
349.93779
350.983439
351.049386
351.12332
351.373946
351.626344
351.971313
352.238522
353.761011
355.910338
356.12699
360.975335
362.576159
369.672034
370.570216
374.899754
383.126841
384.537724
392.734615
393.551865
398.311739
419.776576
422.343273
436.997581
438.760725
506.883114
513.03119
532.116908
544.903599
604.02657
641.673291
683.260809
1130.82849
1646.480151
