1.500055
1.814505
1.919609
7.475532
7.506281
7.574751
7.648891
7.726898
7.752518
8.050677
8.077098
8.099591
8.161933
8.518415
8.653907
8.654036
8.667909
8.692405
8.73348
8.81509
8.82693
8.898535
8.962917
9.094249
9.339139
9.421082
9.520192
9.545489
9.708559
9.709537
9.72087
9.768151
9.81043
9.920755
10.009248
10.025685
10.131029
10.157584
10.635219
10.650759
10.709105
10.919749
10.955495
10.958007
11.428546
11.845925
11.953621
12.065055
12.099461
12.158378
12.184421
12.204475
12.209716
12.288289
12.299329
12.338114
12.432082
12.556465
12.668724
12.70228
12.706932
12.755649
12.837191
12.905477
12.957749
12.991943
13.047905
13.420566
13.496393
13.498325
13.516081
13.541316
13.675475
13.69138
13.761222
13.790418
13.829739
14.149599
14.333273
14.341522
14.399049
14.42862
14.45451
14.454985
14.648183
14.894132
14.920336
15.065419
15.2282
15.28218
15.519233
15.524452
15.790645
15.937414
16.213016
16.224484
16.552734
16.7
17.279111
17.489073
17.529903
17.610623
17.717206
17.774032
17.989131
18.001465
18.086825
18.225445
18.249012
18.52241
18.656652
18.658189
18.689507
18.849549
19.569768
19.773909
19.819068
19.8807
20.377647
20.834753
21.4945
21.754325
22.081575
22.114895
22.665545
22.896475
23.194435
23.207668
23.250731
23.260862
23.293171
23.325877
24.889291
25.108363
25.39919
25.663459
25.747021
25.752643
25.776098
27.085448
27.131781
27.622609
27.783116
28.020894
28.027988
28.942047
30.069726
30.076012
30.182105
32.462679
32.793647
32.991192
33.166236
37.938396
38.954902
39.0828
39.228885
39.709523
41.785695
42.250853
42.280665
43.192828
43.502095
44.715717
44.818406
46.055219
46.147163
46.34086
46.991755
47.126716
47.690583
47.853097
48.652672
48.921582
49.57183
50.728148
52.000275
54.677112
56.022919
56.29497
58.147374
58.484122
63.353327
63.614179
63.69247
70.819598
72.507075
74.944706
75.225078
76.639609
77.399864
78.185506
79.66027
80.078239
83.296736
83.997645
84.297704
84.503182
85.998894
88.944737
89.745238
90.06223
90.083055
91.255607
91.626487
91.658164
92.222157
93.457416
94.240172
94.353017
94.643755
96.132566
96.572087
97.825304
98.525451
103.585702
104.535303
107.789248
108.592448
109.742403
112.529645
112.884731
115.724475
116.285329
117.038101
117.100877
117.575633
117.594863
118.381909
119.213601
120.029772
120.544366
120.604719
120.695847
120.902694
121.19262
122.683612
122.897538
123.636738
123.649942
123.860301
124.104929
124.639334
124.772235
124.889495
124.93698
124.942784
124.978708
125.015414
125.155991
125.27652
125.348712
125.514036
125.636395
125.663504
125.719189
125.842698
126.148507
126.259365
126.371634
126.390667
126.520302
126.95041
126.997192
127.709029
127.782732
127.792936
127.799812
127.873458
127.892342
128.218373
128.443087
128.47413
128.52417
128.723632
128.752665
128.785241
128.807154
129.120105
129.26382
129.351677
129.461672
129.544398
129.659738
129.922374
130.043354
130.062199
130.094076
130.339265
130.344106
130.484749
130.553322
130.557359
130.676969
130.790305
130.868038
130.893239
130.900384
131.076257
131.417262
131.467459
131.674863
131.67966
132.00328
132.013899
132.089048
132.195624
132.638952
132.710457
132.886591
132.956425
132.964286
132.978746
133.312503
133.388641
133.668692
133.993285
134.213931
134.569433
134.812373
135.335414
135.553187
135.62512
135.65562
135.695144
135.695302
135.836092
136.308372
136.662128
137.130238
137.449312
137.664041
137.779756
138.112186
138.595881
138.735634
139.732431
140.651426
141.228532
141.240642
141.919662
142.022461
142.15194
142.33696
142.775214
142.881462
142.992931
143.103853
143.402566
143.805553
144.031204
144.453939
145.134678
145.246148
145.528148
146.170929
146.31877
146.704344
146.841646
146.87987
146.880702
147.163354
147.348442
147.462809
147.757709
147.872915
148.011279
148.184211
148.300101
148.757433
148.803482
148.855695
148.858491
148.860268
148.961248
149.112083
149.363443
149.468653
149.707634
149.77373
149.871151
150.454964
150.608776
150.733559
150.928873
151.075641
151.473779
151.538021
151.600507
151.674642
151.732203
151.853444
151.925681
152.075687
152.088383
152.252936
152.289604
152.4802
153.100836
153.285034
153.34308
153.574914
153.650229
153.870322
153.926134
153.995244
154.053489
154.242559
154.304694
154.78547
154.909555
155.114249
155.393401
155.393632
155.396183
155.402337
155.638159
155.825993
155.832905
155.897123
156.19156
156.346902
156.608816
157.485619
157.959108
158.328516
158.443799
158.676441
158.82768
159.343571
159.346311
159.659896
159.755293
159.826599
160.262353
160.493574
160.58795
160.601209
160.811096
160.977497
161.011834
161.195935
161.1978
161.290901
161.367083
161.385052
161.400766
161.731073
161.764318
161.884419
162.208776
162.423992
162.482439
162.640611
162.905663
162.990445
163.096105
163.176209
163.218642
163.821595
164.029705
164.338912
164.37491
164.401575
164.560033
164.576359
164.632605
164.828284
164.954766
165.408094
165.675103
165.690098
165.746644
165.767126
166.015966
166.318298
166.421753
166.427361
166.454207
166.495974
166.535954
166.570971
166.619796
166.777433
166.817336
166.822852
167.001135
167.053648
167.192727
167.23388
167.395686
167.500116
167.520222
167.589659
167.674544
168.135273
168.212032
168.431337
168.46105
168.576614
168.587233
168.73046
168.747946
168.799194
168.882292
168.895209
168.990383
169.071937
169.122953
169.180298
169.240989
169.281024
169.305896
169.336988
169.352589
169.372109
169.393805
169.429916
169.569151
169.575891
169.624239
169.824597
170.109842
170.117828
170.131978
170.21505
170.328901
170.371739
170.406365
170.416633
170.417499
170.446548
170.514652
170.58611
170.653573
170.711964
170.779783
170.844437
170.848167
171.090764
171.143147
171.159036
171.199597
171.47089
171.470993
171.665907
171.803959
171.825883
171.928953
171.949116
172.053135
172.067316
172.185774
172.233723
172.312213
172.324876
172.380719
172.419999
172.448823
172.539829
172.66522
172.765794
172.778868
172.787887
172.797646
172.811287
172.880511
172.954445
172.986875
172.993322
173.036283
173.126681
173.150286
173.216731
173.309652
173.318431
173.526076
173.861209
173.975139
173.977431
174.043301
174.135653
174.294616
174.308245
174.523371
174.593916
174.653605
174.696489
174.846583
174.86734
174.886101
174.948151
174.955898
174.975635
175.028981
175.032006
175.033255
175.046743
175.082297
175.153858
175.253676
175.293618
175.298314
175.342363
175.351825
175.352848
175.758555
175.816266
175.828505
175.836979
175.853964
175.893842
176.014246
176.01665
176.122639
176.140015
176.186143
176.324794
176.468078
176.510218
176.694401
176.758703
176.780883
176.87355
176.974205
176.987889
177.020761
177.026083
177.227349
177.258286
177.328002
177.399793
177.499031
177.553626
177.558088
177.692054
177.693796
177.809147
177.872212
177.91168
177.916335
177.931346
178.055585
178.118042
178.173055
178.194853
178.290527
178.334327
178.402619
178.406079
178.48139
178.485684
178.507624
178.552344
178.607267
178.704496
178.730571
178.767798
178.782109
178.806253
178.83709
178.878526
178.887531
179.004306
179.086879
179.103243
179.130238
179.205571
179.281722
179.337237
179.360123
179.434467
179.516981
179.566532
179.635455
179.642477
179.699793
179.767657
179.799503
179.851799
179.855669
179.908217
180.01623
180.027804
180.03435
180.108097
180.435394
180.477239
180.514976
180.62698
180.629302
180.63175
180.704654
180.730858
180.758229
180.807338
180.837424
180.875448
180.978339
181.003829
181.07213
181.111009
181.154726
181.200543
181.256526
181.275613
181.338593
181.355589
181.402526
181.43107
181.521057
181.643791
181.666194
181.723078
181.729188
181.782479
181.978065
181.992971
182.029128
182.094578
182.113645
182.12084
182.142083
182.297286
182.303429
182.411495
182.433005
182.482833
182.49958
182.549038
182.776621
182.789007
182.790311
182.885086
182.955058
182.977151
182.989219
183.034718
183.13096
183.156439
183.158371
183.241212
183.290686
183.300653
183.530607
183.59586
183.601357
183.630025
183.691742
183.69647
183.709548
183.84041
183.845782
184.10025
184.13798
184.231448
184.313688
184.347178
184.37019
184.456862
184.543226
184.627237
184.646237
184.660697
184.817828
184.876736
184.955939
185.059862
185.069409
185.159285
185.311085
185.318719
185.403526
185.414219
185.453299
185.51361
185.601276
185.708093
185.708456
185.802407
185.833814
185.86101
185.915306
186.050922
186.076314
186.083583
186.210788
186.313438
186.374676
186.428212
186.475326
186.550074
186.670544
186.675833
186.723487
186.800534
186.821059
186.828558
186.900659
186.944204
187.031845
187.062117
187.08105
187.091489
187.185349
187.186882
187.200699
187.286044
187.300391
187.313458
187.410043
187.48764
187.490427
187.516591
187.548412
187.576371
187.636407
187.679314
187.680661
187.690464
187.73829
187.768868
187.814987
187.875949
187.882185
187.903269
187.91337
187.955039
188.141955
188.183479
188.19631
188.231122
188.258765
188.264821
188.266838
188.294699
188.344187
188.346136
188.354237
188.369588
188.386996
188.524796
188.531026
188.533887
188.556957
188.570247
188.631861
188.7011
188.747484
188.838477
188.887999
188.959765
188.975965
188.980092
189.000802
189.126249
189.129856
189.152691
189.157523
189.290778
189.417851
189.477696
189.521171
189.554429
189.587968
189.735603
189.739737
189.793661
189.905788
189.923067
189.926837
190.086196
190.167785
190.256645
190.262725
190.305235
190.359049
190.365855
190.385928
190.403696
190.537309
190.565336
190.582867
190.601282
190.620651
190.749823
190.752208
190.795561
190.856573
190.882626
190.891038
190.894263
190.923104
190.970187
191.027549
191.058098
191.227989
191.293351
191.318636
191.354504
191.415554
191.512125
191.516478
191.527572
191.532989
191.734438
191.774942
191.801509
191.893807
191.899174
191.93886
191.997925
192.048402
192.048722
192.075862
192.086052
192.105035
192.131828
192.189081
192.189468
192.190217
192.223054
192.280568
192.298085
192.298391
192.399328
192.413658
192.426798
192.521314
192.563406
192.578226
192.594944
192.63406
192.687455
192.806798
192.849534
192.8496
192.875778
192.922844
192.937887
192.995138
193.001133
193.067471
193.071051
193.096696
193.124475
193.147795
193.151915
193.182601
193.283835
193.303968
193.31805
193.326123
193.435039
193.45154
193.48676
193.527183
193.537971
193.578834
193.582699
193.60489
193.607456
193.651605
193.703351
193.732291
194.012263
194.022163
194.099092
194.122539
194.136036
194.149012
194.358111
194.476006
194.532574
194.54997
194.624914
194.632904
194.640696
194.668068
194.73524
194.769056
194.777927
194.833265
194.835372
194.871192
194.881761
194.888497
194.893579
194.907838
194.953227
194.980243
194.985905
195.06658
195.073007
195.113397
195.168587
195.177722
195.236469
195.279553
195.296228
195.350897
195.366895
195.408336
195.499011
195.511823
195.621216
195.647523
195.649215
195.742538
195.770566
195.801674
195.850487
195.852309
195.906492
195.924844
195.928617
195.932834
195.951631
196.038413
196.052137
196.216232
196.223798
196.244643
196.253813
196.294866
196.368932
196.384695
196.410214
196.421358
196.438485
196.492927
196.536905
196.590863
196.648957
196.65461
196.66855
196.682307
196.702567
196.760192
196.771338
196.813796
196.815465
196.828643
196.862791
196.885079
196.894243
196.939463
197.015222
197.066786
197.175447
197.199586
197.213516
197.240255
197.26252
197.288388
197.293276
197.31616
197.445562
197.461198
197.543215
197.553952
197.558555
197.58924
197.657391
197.687175
197.813544
197.832902
197.850229
197.897758
197.904673
197.984483
198.011871
198.022773
198.049752
198.055016
198.072808
198.094832
198.110849
198.124516
198.22739
198.235359
198.237367
198.251717
198.29749
198.352093
198.371899
198.39416
198.447044
198.511415
198.520312
198.5589
198.579484
198.624918
198.63951
198.646747
198.676569
198.712176
198.788985
198.814379
198.87043
198.872095
198.881982
198.885977
198.919919
198.961206
198.98383
198.988633
198.99342
198.997495
199.013494
199.032394
199.110032
199.144303
199.152891
199.15906
199.185031
199.196212
199.212
199.275776
199.298244
199.352412
199.388011
199.393461
199.406431
199.457404
199.485463
199.51757
199.647062
199.649205
199.681779
199.693747
199.694917
199.740942
199.742623
199.759932
199.788781
199.804876
199.807006
199.843494
199.869786
199.960406
200.004397
200.178649
200.200554
200.253829
200.256026
200.256773
200.285234
200.33422
200.35079
200.383595
200.400358
200.416786
200.535159
200.567648
200.575805
200.582216
200.601702
200.635778
200.654112
200.743193
200.836584
200.893515
201.015726
201.04536
201.110703
201.138587
201.140824
201.149436
201.179725
201.217863
201.223456
201.26572
201.271496
201.360009
201.375919
201.41335
201.41671
201.433802
201.48722
201.487584
201.490148
201.55776
201.565656
201.598359
201.626274
201.731471
201.736174
201.770796
201.774121
201.838863
201.842176
201.854161
201.886529
202.18067
202.35176
202.389786
202.4043
202.409661
202.42275
202.470785
202.543384
202.597479
202.701321
202.927057
202.949004
202.978918
203.037029
203.044753
203.07185
203.166181
203.313806
203.33085
203.347323
203.356343
203.40998
203.427312
203.45577
203.472985
203.512667
203.723648
203.874648
203.874816
203.998287
204.034501
204.290068
204.304236
204.424174
204.709954
204.830791
204.932875
205.015124
205.266488
205.279729
205.283681
205.409091
205.521469
205.647642
205.655089
205.679018
205.78319
206.133808
206.159553
206.381224
206.387746
206.422291
206.482674
206.66335
206.809631
206.830367
206.841451
206.919356
207.225414
207.247219
207.252532
207.334273
207.453317
207.488294
207.525585
207.680306
207.758321
207.854195
207.996418
208.119424
208.13361
208.257108
208.273099
208.396871
208.399508
208.593673
208.613361
208.618794
208.755809
208.755884
208.768309
208.839742
209.018259
209.138864
209.149037
209.169895
209.184579
209.330196
209.450419
209.574722
209.590357
209.619155
209.828766
209.981205
209.998143
210.092522
210.184769
210.220311
210.238224
210.262045
210.287416
210.462068
210.566959
210.696921
210.846622
210.984427
211.009144
211.114725
211.230186
211.275492
211.288305
211.489683
211.529334
211.643795
211.930763
212.241856
212.241982
212.283238
212.284429
212.38276
212.469586
212.880425
213.895227
213.989956
214.076483
214.268984
214.282915
214.340927
214.490677
214.586475
214.711993
215.166814
215.195676
215.24226
215.281953
215.607755
216.1045
216.276476
216.290469
216.371178
216.429006
216.819775
217.266899
217.353554
217.3915
217.45718
217.580087
217.719644
218.024568
218.215986
218.692968
218.968514
219.142019
219.484519
220.676885
220.747071
221.309483
221.989387
222.180133
222.445609
222.523103
222.608901
222.896399
223.12788
223.325022
223.826614
223.894473
223.94499
224.047685
224.178698
224.180255
224.40853
224.648169
225.151989
225.670007
225.828787
225.854102
226.208476
226.261155
226.293045
226.345282
226.669457
227.229971
227.253203
227.467913
227.625271
227.627806
227.816259
228.528726
228.841078
230.268933
230.388292
230.406755
230.415526
230.985274
231.04267
231.596359
231.748765
232.887175
233.327244
233.393142
233.401607
233.414963
233.642468
233.96806
234.285457
234.352633
234.77197
235.054904
235.18817
235.431535
235.657896
235.768942
236.089378
236.130986
236.340143
236.516207
236.900128
236.923379
237.178557
237.201429
237.385759
237.438183
237.460811
237.48491
237.826648
237.846528
238.294215
238.69622
238.790608
239.607333
239.650445
239.670426
240.291017
240.40518
241.315574
242.087554
242.31272
242.447723
242.774424
242.915987
242.98226
243.299296
243.52975
243.586793
243.657875
243.692028
243.706519
243.7197
243.942565
244.068433
244.246559
244.782579
244.78763
244.871086
245.259289
245.263726
245.618456
245.741409
245.926838
246.600818
246.633149
246.973067
247.281304
247.410276
247.46417
247.69046
247.953349
248.230772
248.284325
248.325391
248.5585
248.710028
248.966106
249.047991
249.449255
249.473395
249.63819
249.803858
250.470716
250.552147
250.916102
251.307072
251.469109
252.390749
252.460535
252.891229
252.936998
253.063544
253.135013
253.333174
253.715014
253.822191
253.841011
254.025885
254.399832
254.487097
254.671449
255.168411
255.281281
255.428984
255.667837
256.07194
256.802853
257.80295
258.12137
258.303337
258.457572
258.52509
258.633698
258.883033
259.645331
260.521722
260.729515
261.003005
261.045907
261.290632
261.566205
262.856586
263.465963
264.410995
264.442443
264.645317
264.720365
265.227986
265.39903
265.404819
265.671409
266.032425
266.561937
266.657374
266.994711
267.216211
268.363195
268.848199
269.245152
269.561623
269.736154
270.52362
270.930068
271.374078
271.83718
273.089845
273.628571
274.781449
276.455924
277.002488
277.554153
279.922836
281.850254
282.484142
285.07792
286.323195
286.986222
287.483565
287.613945
289.527559
290.735103
291.072879
292.44353
292.501867
292.902036
293.997006
295.242151
297.584683
297.599818
305.340677
307.307487
309.656779
309.840137
309.987657
317.633366
318.829747
322.817884
323.341402
323.461057
323.887012
331.952527
332.038985
332.68029
337.94543
362.888889
363.487707
364.84193
374.900367
377.79187
402.294812
427.173392
451.898943
475.610608
481.8183
488.01809
510.79747
545.895396
553.029653
561.207471
3854.400582
6576.864997
10800.353705
10800.43237
10801.919996
