1014.060345
1018.027123
1035.409605
1037.126433
1040.758053
1053.499583
1082.434646
1132.841222
1134.333406
1143.738537
1146.305946
1152.480724
1155.892262
1156.612864
1157.794111
1160.968241
1163.283504
1164.404425
1169.263523
1176.545769
1177.882748
1179.228949
1186.257857
1190.518253
1194.971048
1195.745458
1195.964258
1197.218026
1197.972718
1199.558982
1199.745306
1201.596951
1201.673369
1201.942662
1201.979669
1203.149352
1203.190868
1203.936794
1204.438917
1204.448445
1205.095878
1205.336345
1205.340103
1205.494413
1205.831157
1206.833559
1206.894713
1207.246158
1208.00573
1208.171292
1208.654957
1208.874812
1209.035059
1209.046034
1210.488678
1210.6454
1210.853941
1211.133657
1211.173606
1211.227516
1211.332644
1211.572895
1212.668344
1213.06437
1213.124204
1213.685424
1213.9485
1214.925834
1216.993317
1218.05246
1218.102398
1218.40789
1218.601517
1218.738263
1219.071659
1219.516333
1219.587002
1219.824098
1220.069074
1220.167145
1220.313533
1220.356965
1220.503981
1220.702331
1221.343852
1221.847448
1221.899683
1222.263401
1222.442248
1222.974827
1223.285736
1223.728653
1223.779415
1224.072917
1224.502132
1224.955324
1225.019921
1225.671915
1225.709406
1226.079179
1226.59706
1226.8853
1227.469835
1227.730378
1228.361086
1228.452701
1228.62445
1228.690874
1228.961863
1229.006999
1229.092089
1229.327386
1229.745583
1229.919982
1229.983207
1230.227116
1230.475371
1230.598724
1230.721131
1230.843239
1230.86481
1230.886735
1232.400575
1232.812806
1232.837529
1232.875746
1232.9767
1233.125636
1233.311414
1233.43676
1233.778097
1233.833082
1233.911613
1234.159431
1234.277419
1234.411196
1234.561893
1234.646404
1234.912629
1234.980908
1235.076837
1235.250476
1235.25987
1235.641041
1235.752594
1236.232444
1236.337043
1236.976103
1237.048324
1237.061347
1237.21952
1237.227141
1237.384335
1237.474934
1237.494434
1237.644692
1237.864001
1237.991007
1238.004945
1238.135394
1238.284154
1238.498841
1238.704458
1238.77579
1239.034028
1239.343853
1239.649697
1239.680691
1239.935837
1240.000238
1240.213098
1240.231184
1240.425767
1240.896906
1241.308856
1241.3555
1241.665739
1241.776612
1242.214526
1242.245149
1242.2604
1242.431444
1242.534519
1242.955485
1243.042677
1243.194555
1243.327476
1243.438949
1243.944158
1244.067084
1244.192156
1244.320555
1244.40219
1244.626866
1245.118584
1245.145875
1245.167751
1245.171549
1245.266817
1245.291991
1245.371645
1245.457979
1245.50062
1245.530952
1245.647905
1245.901755
1245.957819
1246.212266
1246.345231
1246.345524
1246.532758
1246.929548
1246.968725
1247.391718
1247.598649
1247.672385
1247.680658
1247.722816
1247.772465
1247.86646
1247.959181
1247.997259
1248.174402
1248.248618
1248.336182
1248.489873
1248.498954
1248.582743
1248.652901
1248.704807
1248.732134
1248.783687
1248.78642
1248.856301
1248.868242
1248.896455
1248.93909
1248.998479
1249.010725
1249.163753
1249.197882
1249.587626
1249.679753
1249.71879
1249.823835
1249.837727
1249.920527
1249.944124
1250.090693
1250.103128
1250.133441
1250.196439
1250.217451
1250.371756
1250.496832
1250.690813
1250.813907
1251.115397
1251.179277
1251.385593
1251.434548
1251.502759
1251.538003
1251.591118
1251.730421
1251.868946
1252.102732
1252.108981
1252.166168
1252.284257
1252.306648
1252.370903
1252.461275
1252.489397
1252.510585
1252.653293
1252.749746
1252.765406
1252.895706
1252.935979
1253.013586
1253.055334
1253.113739
1253.132208
1253.174791
1253.189157
1253.363608
1253.505476
1253.522162
1253.713285
1253.719937
1253.735936
1253.791157
1253.884294
1254.206747
1254.253923
1254.302825
1254.363333
1254.404866
1254.505026
1254.583226
1254.593216
1255.031298
1255.075119
1255.2025
1255.232877
1255.279722
1255.299649
1255.333222
1255.484534
1255.594074
1255.613509
1255.65024
1255.741665
1255.743367
1255.917124
1255.995438
1256.129626
1256.19208
1256.204313
1256.246034
1256.286858
1256.35203
1256.385321
1256.450092
1256.658757
1256.772459
1256.996162
1257.01941
1257.042772
1257.228264
1257.378655
1257.563181
1257.569474
1257.753396
1257.757655
1257.880259
1257.883947
1257.928614
1258.152083
1258.166877
1258.20158
1258.491087
1258.615078
1258.708944
1258.718621
1258.763234
1259.018562
1259.095707
1259.120549
1259.202036
1259.322375
1259.455237
1259.639933
1259.65704
1259.668721
1259.731986
1259.843693
1259.851632
1260.210309
1260.276489
1260.292472
1260.339887
1260.401223
1260.426333
1260.51151
1260.575334
1260.727563
1260.901527
1260.924734
1261.018219
1261.25351
1261.258002
1261.389409
1261.507022
1261.637493
1261.660488
1261.76983
1261.859344
1261.985442
1262.097486
1262.323312
1262.407574
1262.492316
1262.633908
1262.720761
1262.835946
1263.026079
1263.090714
1263.094804
1263.099508
1263.140416
1263.337611
1263.396664
1263.607948
1263.64102
1263.817738
1263.819762
1263.906128
1263.975634
1263.98198
1264.05177
1264.149905
1264.223946
1264.538784
1264.601449
1264.705737
1264.914195
1265.089133
1265.103941
1265.179895
1265.286351
1265.306608
1265.32593
1265.326126
1265.386353
1265.544186
1265.694
1265.696076
1265.751578
1265.762251
1265.889897
1265.985766
1266.250194
1266.423281
1266.477783
1266.563148
1266.618109
1266.8185
1266.834739
1267.012591
1267.019964
1267.022277
1267.19468
1267.253333
1267.284237
1267.315736
1267.343404
1267.411842
1267.423239
1267.478762
1267.483574
1267.509187
1267.622643
1267.655158
1267.669798
1267.69321
1267.823329
1267.852439
1268.070965
1268.164954
1268.207885
1268.209461
1268.23777
1268.338218
1268.403811
1268.406065
1268.514999
1268.523037
1268.793498
1268.825835
1269.084354
1269.212921
1269.347755
1269.374384
1269.49972
1269.626812
1269.643857
1269.741844
1269.747889
1269.769569
1269.882334
1269.932004
1269.933923
1269.941001
1269.963228
1270.380832
1270.420232
1270.441199
1270.483466
1270.559433
1270.661951
1270.679985
1270.729004
1270.75526
1270.823267
1270.918239
1271.032574
1271.074934
1271.255124
1271.375401
1271.442145
1271.476507
1271.502382
1271.534266
1271.557618
1271.673083
1271.809969
1272.010559
1272.091367
1272.177796
1272.305572
1272.34536
1272.375881
1272.442943
1272.544996
1272.615944
1272.811222
1272.887124
1273.041712
1273.042007
1273.102797
1273.123462
1273.200143
1273.242906
1273.269601
1273.317711
1273.402033
1273.448773
1273.520439
1273.58186
1273.592307
1273.671499
1273.833637
1274.045184
1274.106156
1274.130407
1274.158659
1274.197112
1274.283953
1274.313752
1274.491448
1274.635808
1274.728445
1274.914253
1274.935453
1274.994529
1275.011566
1275.134694
1275.168289
1275.276007
1275.415022
1275.452301
1275.699905
1275.837152
1275.857439
1275.97597
1276.08278
1276.159761
1276.189862
1276.191687
1276.340153
1276.405337
1276.522519
1276.809142
1276.817085
1276.867187
1276.988108
1277.098513
1277.181664
1277.428251
1277.440644
1277.485693
1277.501066
1277.513912
1277.516902
1277.579862
1277.587616
1277.62827
1277.674942
1277.879855
1277.929242
1278.032752
1278.037193
1278.135211
1278.220237
1278.335602
1278.356226
1278.451379
1278.615223
1278.66855
1278.811655
1279.000272
1279.121252
1279.20491
1279.334421
1279.341478
1279.354084
1279.448947
1279.510954
1279.588821
1279.778649
1279.779514
1279.795442
1279.872509
1279.895053
1279.947585
1279.954755
1280.037917
1280.0773
1280.088731
1280.186968
1280.214309
1280.232126
1280.348487
1280.353596
1280.470606
1280.47994
1280.65404
1280.669303
1280.698056
1280.70885
1280.746945
1280.815347
1280.832893
1281.044506
1281.173727
1281.352698
1281.407427
1281.467891
1281.490708
1281.539871
1281.77948
1281.837246
1281.876622
1281.877542
1281.911947
1281.962436
1281.974281
1282.027001
1282.169891
1282.184586
1282.235615
1282.426248
1282.547254
1282.585622
1282.764192
1282.778221
1282.832595
1283.041713
1283.218171
1283.235096
1283.380116
1283.478969
1283.511853
1283.625767
1283.679093
1283.715412
1283.756997
1283.778517
1283.843891
1283.878519
1283.87993
1283.920608
1283.933409
1283.941972
1284.024875
1284.196331
1284.224541
1284.633154
1284.701631
1284.769382
1284.795631
1284.859679
1284.932773
1284.932841
1284.997755
1285.17736
1285.189087
1285.198359
1285.215504
1285.229676
1285.386655
1285.504626
1285.584287
1285.655041
1285.661266
1285.679235
1285.877079
1285.93326
1286.022205
1286.08345
1286.136887
1286.169654
1286.211161
1286.236378
1286.276802
1286.28185
1286.42126
1286.449661
1286.450339
1286.554386
1286.580568
1286.598212
1286.74469
1286.779939
1286.825471
1286.867105
1286.941001
1287.043957
1287.093299
1287.108873
1287.140904
1287.226594
1287.255946
1287.272347
1287.433224
1287.470081
1287.471933
1287.48711
1287.512788
1287.684097
1287.736045
1287.926713
1288.067507
1288.105122
1288.140966
1288.156114
1288.214647
1288.234699
1288.265246
1288.284529
1288.308354
1288.326872
1288.352958
1288.363545
1288.391327
1288.597357
1288.661864
1288.733555
1288.754432
1288.760093
1288.761086
1288.927992
1288.932334
1288.980151
1289.082671
1289.319251
1289.320696
1289.360376
1289.523315
1289.544593
1289.586383
1289.626552
1289.635617
1289.785135
1289.883252
1290.003241
1290.046131
1290.309509
1290.319166
1290.356741
1290.506517
1290.593006
1290.703757
1290.738729
1290.765506
1290.866012
1290.909222
1290.966575
1291.016929
1291.063003
1291.084686
1291.361727
1291.393427
1291.4404
1291.490668
1291.595191
1291.607276
1291.674941
1291.779927
1291.897321
1291.91368
1292.087712
1292.101276
1292.130079
1292.154433
1292.186051
1292.203987
1292.221565
1292.240164
1292.409458
1292.479954
1292.510061
1292.549072
1292.551799
1292.588836
1292.610235
1292.611008
1292.715519
1292.720195
1292.723569
1292.751143
1292.820925
1292.897126
1292.926289
1292.991707
1293.07054
1293.243015
1293.375139
1293.403637
1293.515711
1293.551053
1293.622207
1293.633788
1293.677501
1293.714858
1293.759555
1293.827861
1293.907027
1293.928249
1293.950953
1294.014329
1294.045184
1294.050534
1294.163904
1294.264908
1294.337317
1294.411643
1294.473048
1294.615311
1294.657541
1294.690197
1294.73114
1294.736733
1294.857155
1295.023267
1295.051299
1295.08274
1295.168516
1295.198164
1295.224339
1295.275273
1295.299638
1295.388104
1295.388116
1295.45092
1295.453935
1295.501785
1295.514136
1295.543383
1295.573015
1295.597876
1295.69675
1295.730078
1295.737514
1295.857071
1295.919956
1295.926006
1295.94447
1295.966769
1296.024013
1296.057253
1296.09122
1296.121382
1296.14839
1296.267091
1296.402551
1296.424918
1296.569327
1296.704864
1296.848708
1296.868792
1297.008525
1297.011615
1297.013843
1297.182667
1297.249909
1297.369977
1297.440797
1297.442146
1297.450343
1297.480972
1297.484231
1297.490737
1297.65369
1297.678025
1297.689436
1297.821949
1297.862701
1297.862999
1297.93715
1297.963686
1298.072185
1298.093174
1298.135824
1298.159749
1298.205288
1298.434846
1298.476136
1298.495711
1298.553327
1298.618985
1298.647169
1298.658578
1298.835004
1298.837872
1298.905469
1299.066968
1299.119308
1299.133333
1299.198012
1299.415089
1299.4463
1299.466121
1299.517265
1299.639833
1299.692439
1299.76362
1299.785288
1299.785779
1299.995114
1300.036973
1300.145172
1300.173657
1300.238545
1300.433149
1300.434851
1300.480484
1300.53217
1300.560992
1300.78962
1300.805637
1300.823817
1300.982726
1301.025333
1301.053879
1301.066737
1301.078401
1301.147355
1301.269698
1301.306865
1301.315731
1301.367431
1301.512965
1301.57875
1301.622735
1301.63131
1301.641218
1301.680008
1301.772912
1301.892906
1302.095681
1302.294124
1302.306633
1302.430026
1302.457433
1302.552923
1302.558258
1302.575059
1302.597822
1302.636147
1302.854454
1302.884173
1302.941687
1302.950499
1303.018228
1303.081013
1303.121223
1303.143601
1303.157304
1303.2013
1303.258661
1303.281377
1303.284088
1303.305322
1303.391166
1303.407547
1303.471511
1303.477813
1303.484832
1303.499725
1303.588881
1303.613518
1303.641453
1303.691859
1303.702868
1303.761239
1303.813617
1303.829414
1303.894784
1303.909604
1304.043014
1304.171034
1304.216793
1304.263031
1304.29884
1304.337784
1304.339283
1304.359733
1304.3631
1304.408622
1304.42137
1304.508854
1304.535399
1304.584269
1304.698695
1304.708852
1304.723635
1304.782928
1304.82576
1304.895412
1304.948994
1304.962213
1305.058896
1305.133938
1305.163544
1305.171597
1305.2474
1305.279754
1305.29439
1305.338752
1305.377672
1305.397854
1305.441734
1305.506821
1305.609446
1305.645177
1305.652086
1305.710742
1305.73781
1305.789958
1305.795577
1305.823425
1305.829938
1305.836981
1305.851662
1305.910891
1305.981778
1306.160912
1306.23753
1306.32705
1306.392047
1306.413886
1306.445971
1306.504735
1306.527012
1306.539883
1306.541322
1306.604585
1306.630334
1306.694128
1306.765181
1306.84611
1306.868585
1306.891611
1306.91564
1306.979338
1307.148047
1307.17993
1307.181191
1307.301216
1307.370275
1307.489214
1307.54704
1307.561779
1307.566108
1307.600188
1307.693018
1307.815666
1307.816571
1307.857728
1307.903372
1307.945663
1308.037241
1308.075732
1308.17806
1308.183407
1308.198011
1308.221668
1308.232647
1308.247598
1308.325657
1308.357909
1308.385376
1308.435356
1308.486544
1308.502339
1308.573401
1308.616866
1308.622683
1308.697191
1308.830948
1308.832404
1308.857361
1308.932878
1308.994105
1309.016973
1309.10186
1309.241783
1309.281181
1309.344256
1309.355163
1309.459117
1309.530176
1309.555551
1309.718477
1309.796852
1309.870169
1310.026986
1310.158357
1310.211547
1310.265923
1310.27314
1310.4617
1310.51242
1310.545145
1310.548441
1310.559203
1310.567258
1310.632688
1310.703825
1310.714223
1310.758743
1310.762982
1310.825975
1310.857559
1310.93391
1310.955107
1311.057366
1311.210639
1311.254968
1311.487565
1311.501969
1311.6305
1311.761219
1311.857984
1311.936855
1311.943902
1311.951262
1311.970895
1312.014398
1312.054883
1312.146318
1312.149125
1312.175047
1312.177925
1312.238075
1312.285376
1312.290671
1312.387653
1312.412192
1312.581063
1312.720511
1312.802577
1312.92301
1312.955463
1313.190243
1313.33562
1313.353405
1313.3913
1313.425729
1313.582011
1313.613558
1313.635103
1313.637372
1313.734136
1313.78641
1313.831858
1313.877501
1313.924521
1313.925211
1313.987034
1314.037832
1314.084147
1314.320497
1314.391009
1314.405569
1314.407054
1314.429034
1314.429246
1314.491126
1314.585466
1314.663352
1314.785145
1314.815867
1314.843092
1314.87451
1314.888632
1314.904372
1314.99737
1315.002679
1315.156798
1315.227516
1315.239038
1315.264364
1315.277659
1315.334103
1315.36682
1315.439114
1315.47665
1315.538689
1315.555092
1315.570479
1315.687598
1315.710965
1315.733498
1315.791203
1315.829855
1315.937459
1315.957354
1316.002922
1316.104566
1316.15809
1316.194922
1316.320106
1316.343048
1316.404188
1316.411673
1316.414293
1316.424241
1316.500473
1316.517766
1316.622024
1316.651108
1316.789746
1316.877325
1316.933004
1316.958417
1316.966161
1316.997503
1317.037017
1317.139976
1317.159535
1317.188338
1317.254016
1317.271279
1317.381828
1317.391682
1317.413432
1317.415247
1317.433994
1317.525557
1317.592824
1317.668488
1317.674661
1317.72414
1317.775368
1317.863551
1317.881033
1318.046704
1318.061525
1318.080361
1318.0814
1318.138583
1318.274996
1318.275248
1318.34504
1318.365059
1318.374834
1318.398528
1318.404613
1318.491262
1318.538919
1318.621881
1318.64539
1318.661989
1318.699448
1318.728373
1318.754565
1318.776163
1318.87958
1318.883668
1318.892462
1318.937661
1318.96252
1318.975049
1319.009386
1319.039754
1319.047602
1319.063209
1319.092409
1319.148693
1319.318727
1319.321067
1319.325456
1319.470682
1319.521222
1319.708072
1319.754914
1319.768976
1319.783046
1319.810302
1319.827709
1319.838509
1319.958823
1320.003514
1320.013685
1320.041472
1320.04324
1320.120843
1320.131867
1320.226403
1320.268432
1320.294062
1320.309731
1320.328964
1320.355029
1320.382607
1320.60101
1320.660684
1320.66282
1320.669659
1320.683025
1320.798194
1320.835383
1320.908111
1320.914593
1320.963837
1320.984385
1320.991968
1321.023815
1321.068789
1321.06967
1321.235476
1321.266334
1321.355737
1321.366727
1321.422085
1321.536108
1321.537966
1321.576778
1321.780605
1322.007576
1322.091948
1322.0946
1322.199695
1322.211808
1322.249448
1322.298996
1322.323011
1322.339961
1322.356396
1322.484998
1322.50895
1322.660269
1322.693456
1322.833108
1322.838894
1322.868678
1322.886255
1322.889617
1322.890565
1322.981104
1323.002292
1323.160969
1323.230298
1323.241135
1323.299357
1323.356136
1323.369078
1323.496281
1323.502632
1323.592102
1323.631628
1323.704294
1323.849692
1323.890818
1323.953611
1324.120205
1324.241711
1324.311505
1324.349024
1324.447122
1324.481686
1324.503257
1324.693715
1324.701551
1324.725919
1324.730666
1324.881311
1325.443594
1325.489975
1325.500191
1325.582388
1325.63889
1325.665309
1325.686169
1325.815813
1325.820834
1325.937795
1325.974336
1325.9759
1326.087828
1326.090946
1326.113168
1326.122034
1326.157039
1326.222027
1326.330703
1326.394691
1326.431883
1326.450138
1326.476561
1326.624957
1326.704623
1326.816359
1326.912595
1327.024072
1327.041271
1327.105297
1327.17066
1327.204523
1327.209659
1327.236985
1327.264407
1327.277126
1327.331279
1327.412246
1327.490854
1327.593044
1327.604311
1327.639382
1327.640767
1327.646233
1327.723957
1327.733894
1327.75314
1327.847572
1327.866518
1327.884006
1328.062734
1328.074211
1328.089948
1328.143282
1328.171073
1328.2574
1328.269877
1328.284846
1328.321441
1328.365763
1328.366674
1328.43916
1328.490058
1328.655823
1328.726709
1328.741746
1328.775495
1328.86977
1328.953699
1328.986746
1329.127486
1329.129423
1329.148012
1329.150282
1329.154846
1329.173156
1329.19592
1329.235651
1329.292498
1329.340824
1329.390722
1329.436527
1329.44376
1329.453411
1329.525519
1329.559115
1329.564211
1329.576283
1329.577014
1329.587098
1329.592546
1329.634193
1329.643532
1329.651269
1329.751679
1329.778875
1329.816844
1329.849574
1329.941457
1330.086591
1330.093029
1330.214185
1330.23893
1330.23919
1330.327765
1330.472287
1330.552196
1330.648132
1330.651831
1330.856718
1330.889374
1330.954339
1330.97889
1331.019313
1331.04027
1331.125636
1331.125718
1331.220395
1331.263716
1331.344924
1331.35662
1331.424157
1331.447769
1331.531597
1331.543637
1331.601342
1331.638238
1331.647325
1331.760165
1331.820964
1331.836401
1331.968139
1332.008968
1332.0696
1332.099855
1332.101239
1332.116626
1332.138494
1332.142719
1332.210106
1332.267147
1332.290198
1332.298964
1332.346204
1332.391983
1332.53337
1332.585835
1332.675256
1332.692579
1332.706122
1332.763173
1332.830424
1332.896586
1332.907808
1332.952813
1332.968511
1332.985407
1333.046709
1333.131212
1333.150155
1333.187627
1333.293363
1333.325757
1333.386049
1333.396379
1333.424467
1333.445299
1333.462312
1333.496376
1333.52149
1333.64062
1333.662353
1333.775502
1333.79088
1333.852138
1333.858222
1333.915404
1333.968753
1334.093778
1334.165853
1334.188414
1334.22013
1334.26515
1334.270222
1334.418019
1334.457107
1334.490413
1334.493865
1334.551179
1334.582845
1334.585022
1334.590039
1334.623864
1334.837317
1334.841924
1334.857705
1334.909618
1334.920592
1334.924526
1334.966831
1335.00351
1335.020394
1335.028512
1335.084031
1335.147403
1335.176829
1335.229151
1335.322168
1335.39714
1335.398227
1335.402937
1335.507692
1335.54781
1335.572191
1335.589798
1335.764244
1335.806486
1335.847101
1335.858597
1335.867315
1335.89235
1335.988124
1336.013844
1336.07714
1336.161516
1336.189833
1336.221553
1336.333008
1336.404606
1336.467372
1336.505831
1336.616644
1336.623832
1336.668734
1336.710471
1336.761776
1336.849791
1336.87671
1336.913539
1337.136152
1337.190035
1337.225564
1337.243184
1337.349958
1337.408064
1337.455982
1337.620738
1337.705173
1337.711085
1337.731909
1337.737145
1337.793935
1337.861402
1337.881136
1338.058237
1338.063166
1338.080896
1338.132534
1338.182111
1338.242848
1338.262865
1338.266702
1338.268713
1338.301717
1338.396006
1338.457606
1338.483432
1338.52742
1338.717462
1338.769927
1338.809323
1338.820328
1338.838256
1338.90876
1338.945019
1338.947634
1339.016762
1339.045856
1339.051788
1339.05465
1339.108932
1339.150015
1339.220568
1339.22813
1339.27764
1339.28778
1339.314656
1339.324608
1339.390405
1339.420151
1339.532016
1339.533914
1339.54799
1339.574672
1339.594459
1339.645958
1339.691127
1339.741273
1339.88987
1340.003935
1340.020697
1340.059235
1340.065322
1340.095467
1340.107849
1340.198424
1340.281079
1340.369314
1340.469702
1340.511461
1340.54176
1340.546553
1340.618409
1340.878511
1340.922418
1341.050216
1341.07129
1341.11827
1341.213973
1341.284275
1341.310829
1341.412871
1341.416271
1341.425664
1341.520644
1341.56074
1341.569063
1341.62395
1341.680117
1341.689879
1341.706457
1341.816154
1341.916863
1341.95955
1341.989273
1342.162144
1342.346002
1342.588702
1342.607023
1342.803931
1342.878338
1342.907318
1342.908755
1343.004504
1343.1848
1343.189087
1343.238693
1343.252896
1343.278363
1343.398815
1343.434434
1343.438703
1343.499858
1343.589411
1343.62219
1343.699618
1343.778731
1343.782487
1343.876422
1344.089905
1344.10875
1344.121762
1344.173431
1344.234947
1344.336111
1344.507288
1344.52269
1344.554126
1344.587602
1344.662602
1344.737088
1344.751618
1344.757021
1344.759064
1344.768807
1344.827011
1344.916102
1344.926236
1344.940088
1345.212215
1345.213255
1345.32747
1345.361977
1345.4068
1345.408218
1345.480507
1345.59688
1345.624384
1345.654542
1345.660812
1345.799849
1345.802695
1345.82655
1345.846123
1345.868473
1345.885919
1345.897578
1345.900632
1346.099994
1346.129919
1346.143688
1346.164019
1346.206047
1346.227338
1346.360898
1346.39463
1346.477657
1346.63414
1346.638755
1346.706236
1346.720689
1346.748412
1346.760854
1346.827992
1346.871475
1346.889268
1346.952317
1347.257902
1347.268221
1347.298064
1347.314763
1347.434063
1347.58754
1347.729946
1347.796458
1347.88553
1347.891372
1347.949933
1347.962425
1348.042588
1348.07004
1348.070986
1348.095961
1348.103308
1348.108611
1348.117733
1348.135153
1348.151357
1348.214218
1348.281781
1348.315516
1348.363958
1348.377049
1348.405195
1348.443119
1348.477641
1348.495254
1348.515871
1348.596499
1348.623384
1348.650082
1348.673692
1348.680218
1348.727206
1348.839104
1348.927987
1348.937811
1348.970007
1348.971514
1348.980435
1349.012437
1349.021039
1349.033395
1349.066826
1349.085961
1349.21067
1349.276476
1349.412478
1349.492526
1349.54581
1349.625881
1349.664287
1349.721284
1349.729531
1349.793711
1349.842806
1349.860789
1349.903244
1349.963766
1349.96618
1349.997506
1350.125228
1350.129013
1350.194106
1350.212255
1350.244774
1350.325744
1350.333896
1350.357256
1350.408311
1350.476895
1350.572621
1350.62999
1350.652234
1350.895661
1350.920451
1351.0312
1351.04596
1351.073621
1351.083471
1351.229342
1351.24295
1351.258178
1351.274121
1351.435792
1351.489715
1351.514505
1351.528371
1351.609386
1351.613858
1351.854141
1351.930284
1351.935089
1352.010097
1352.155905
1352.169472
1352.189642
1352.326612
1352.342145
1352.365638
1352.435665
1352.458861
1352.494907
1352.571298
1352.618349
1352.725627
1352.976078
1353.089459
1353.100408
1353.125834
1353.224597
1353.374998
1353.476452
1353.487479
1353.59892
1353.746779
1353.825148
1353.863346
1353.897735
1353.907201
1353.91354
1353.993718
1354.075597
1354.181994
1354.219241
1354.252343
1354.288643
1354.298787
1354.331881
1354.421866
1354.441876
1354.503582
1354.50865
1354.534285
1354.545413
1354.565231
1354.586227
1354.595914
1354.608342
1354.687905
1354.776264
1354.81331
1354.817637
1354.853684
1354.979714
1355.011141
1355.108146
1355.126493
1355.135132
1355.178441
1355.203111
1355.213949
1355.236105
1355.323636
1355.473224
1355.542357
1355.583097
1355.587172
1355.65302
1355.757246
1355.776154
1355.826145
1355.901796
1355.905733
1355.941978
1355.970543
1355.98158
1356.074725
1356.074979
1356.181196
1356.310062
1356.407248
1356.622205
1356.631369
1356.67762
1356.736434
1356.856404
1356.89429
1356.99402
1357.004497
1357.122879
1357.138278
1357.356957
1357.480292
1357.676889
1357.838884
1357.873988
1357.913603
1358.062061
1358.311791
1358.450984
1358.526548
1358.722584
1358.726215
1358.748492
1358.755285
1358.763106
1358.964965
1359.023693
1359.03187
1359.078128
1359.298937
1359.336377
1359.381851
1359.457813
1359.799786
1359.800816
1359.994263
1360.044885
1360.048895
1360.096956
1360.159973
1360.218501
1360.293533
1360.349359
1360.352619
1360.393481
1360.483639
1360.540138
1360.571738
1360.636183
1360.643883
1360.763787
1361.173405
1361.248274
1361.347336
1361.517704
1361.716506
1361.757567
1361.782898
1361.912463
1361.988151
1362.150808
1362.191972
1362.266611
1362.358765
1362.485462
1362.687048
1362.692053
1362.871873
1362.973239
1363.08391
1363.204123
1363.208127
1363.221872
1363.226582
1363.284298
1363.347716
1363.392066
1363.475465
1363.482124
1363.53857
1363.664923
1363.727529
1363.887731
1363.919074
1364.312058
1364.566362
1364.580874
1364.623017
1364.741875
1364.97039
1364.971923
1365.003298
1365.042021
1365.061215
1365.278821
1365.396237
1365.437102
1365.549274
1365.689249
1365.729455
1365.76123
1365.77905
1365.824987
1365.863274
1365.892049
1365.97692
1366.054052
1366.141506
1366.243294
1366.334929
1366.479811
1366.613052
1366.647896
1366.711418
1366.829449
1366.844738
1366.998139
1367.010493
1367.217277
1367.223512
1367.282749
1367.546478
1367.561303
1367.583773
1367.686448
1368.061926
1368.068176
1368.156347
1368.297239
1368.420669
1368.464014
1368.559002
1368.571474
1368.758354
1368.772612
1368.784676
1368.926018
1368.951404
1368.980584
1369.02789
1369.036259
1369.12608
1369.207586
1369.378104
1369.447075
1369.520171
1369.57824
1369.587949
1369.987656
1370.197743
1370.304372
1370.312385
1370.39745
1370.73681
1370.82378
1370.966096
1370.971326
1371.422447
1371.47122
1371.673221
1371.911465
1371.920192
1371.97928
1372.129689
1372.226256
1372.532641
1372.660587
1372.68817
1372.950617
1372.968296
1373.146625
1373.174569
1373.202194
1373.224739
1373.28188
1373.35352
1373.360029
1373.547498
1373.77879
1373.779101
1373.909723
1374.006269
1374.163274
1374.187721
1374.199973
1374.32166
1374.326397
1374.400176
1374.549579
1374.619905
1374.668638
1374.725408
1374.906143
1375.060465
1375.105342
1375.247297
1375.282919
1375.376437
1375.582049
1375.655429
1375.718539
1375.862205
1375.911394
1376.169699
1376.52127
1376.542874
1376.608593
1376.90301
1377.049112
1377.153213
1377.172542
1377.35756
1377.380611
1377.721698
1377.837858
1377.857822
1377.868721
1377.933439
1378.011609
1378.159739
1378.182531
1378.223944
1378.345339
1378.454499
1378.563482
1378.586963
1378.657254
1378.6713
1378.718746
1378.744163
1378.859125
1378.874903
1378.91388
1379.098264
1379.249699
1379.400719
1379.422857
1379.702078
1379.755778
1379.775139
1379.975938
1380.119251
1380.157877
1380.20397
1380.250117
1380.274801
1380.294043
1380.393222
1380.422772
1380.51174
1380.738447
1380.883644
1381.020222
1381.268823
1381.336822
1381.349324
1381.377886
1381.382828
1381.525653
1381.601205
1381.607972
1381.924958
1381.93099
1382.153825
1382.155785
1382.18436
1382.284504
1382.446047
1382.458583
1382.514019
1382.593853
1382.764751
1382.938183
1382.982993
1383.065205
1383.261393
1383.301283
1383.427866
1383.525862
1383.539275
1383.676722
1383.706709
1383.7361
1383.772321
1383.825886
1383.831907
1384.053622
1384.142405
1384.168569
1384.25783
1384.268236
1384.802577
1384.982229
1385.141395
1385.326529
1385.355471
1385.457752
1385.643466
1385.692431
1386.136724
1386.194778
1386.260203
1386.289919
1386.385886
1386.660514
1386.666709
1386.738201
1386.872881
1386.965094
1387.154152
1387.464231
1387.693505
1387.693998
1387.733908
1387.80099
1387.844159
1387.872338
1387.881987
1387.905179
1388.037108
1388.059265
1388.24693
1388.249814
1388.299899
1388.416398
1388.760888
1388.826668
1388.944104
1389.408128
1389.500449
1389.616883
1389.623456
1389.719108
1389.754324
1389.802724
1390.160609
1390.319881
1390.474578
1390.618404
1390.736553
1390.824436
1390.868617
1390.936719
1391.359109
1391.65688
1391.660431
1391.676728
1391.778667
1391.925593
1392.17724
1392.219456
1392.341887
1392.453141
1392.456307
1392.492858
1392.549387
1392.581231
1392.596689
1393.012304
1393.149427
1393.336408
1393.564345
1393.611035
1394.239948
1394.332471
1394.793999
1394.903178
1394.931459
1395.117496
1395.221472
1395.327549
1395.346508
1395.428937
1395.488697
1395.643506
1395.839618
1396.071864
1396.205561
1396.213226
1396.223349
1396.315384
1396.770075
1397.233393
1397.253766
1397.480278
1397.959624
1397.982863
1398.221289
1398.569642
1398.613966
1398.722443
1398.760384
1398.847031
1399.141075
1399.20141
1399.498493
1399.728293
1399.805327
1399.93185
1400.207968
1400.28086
1400.332102
1400.378215
1400.799825
1400.869003
1400.9999
1401.004352
1401.036031
1401.194868
1401.49033
1401.60621
1401.89828
1402.518535
1402.522389
1402.568983
1402.585844
1402.947744
1403.00655
1403.123796
1403.319664
1403.714346
1403.780455
1403.787259
1403.999552
1404.102284
1404.12219
1404.221547
1404.47756
1404.48872
1404.802713
1404.893189
1405.13206
1405.297057
1405.50845
1405.583513
1405.95914
1406.388193
1406.43134
1406.670795
1406.704824
1406.823638
1406.909582
1406.976573
1407.139766
1407.246287
1407.373753
1407.51358
1407.62437
1407.703748
1407.723314
1408.142037
1408.241473
1408.266802
1408.694697
1408.866006
1409.246721
1409.546816
1409.555484
1409.715588
1410.397947
1410.515355
1410.694725
1410.814026
1411.095669
1411.348975
1411.664473
1412.381148
1412.584287
1412.77977
1412.869116
1412.9956
1413.074633
1413.121413
1413.157657
1413.200451
1413.681344
1413.692487
1413.920907
1414.54972
1415.05009
1415.814972
1416.052352
1416.106967
1416.342337
1416.515695
1417.181017
1417.427062
1417.433279
1417.463878
1417.64038
1418.011236
1418.027386
1418.204673
1418.743378
1419.061616
1419.809516
1419.842196
1420.112435
1420.143886
1420.15114
1421.038399
1421.324899
1421.400332
1421.65446
1421.856877
1422.04918
1422.229656
1422.420052
1422.70721
1422.730838
1422.935692
1423.140126
1423.487519
1423.57787
1423.590407
1423.840569
1423.927895
1424.040527
1424.253633
1424.313912
1424.329718
1424.514281
1424.626705
1425.10573
1425.36825
1425.912008
1426.381086
1426.653571
1426.938709
1427.419757
1427.464664
1427.588194
1428.060751
1428.399014
1428.559846
1430.426248
1430.549064
1431.113756
1433.239591
1433.30615
1433.809588
1434.972363
1435.491707
1435.625733
1436.115137
1436.634675
1436.665185
1437.380398
1437.397164
1437.950756
1438.172007
1438.270763
1438.772754
1438.846344
1439.029631
1439.18416
1439.339697
1439.602758
1440.745055
1441.054974
1441.317856
1442.205473
1442.591277
1442.758885
1442.768752
1443.271637
1443.557546
1443.664357
1443.726031
1443.948212
1444.055528
1444.134338
1444.247923
1444.619907
1444.805838
1444.921305
1445.177225
1445.513306
1445.626341
1446.902731
1447.432151
1448.355791
1448.817475
1449.574422
1449.918327
1450.138479
1450.247392
1450.276413
1451.320771
1451.393318
1452.859302
1454.336371
1454.428909
1454.661369
1454.968258
1455.22988
1455.522184
1456.222118
1456.62018
1456.717689
1456.963088
1457.188365
1457.691946
1457.852809
1459.031795
1460.002371
1460.851529
1460.893972
1460.941834
1460.980949
1461.368116
1461.906193
1462.793183
1463.01888
1463.074716
1463.46579
1464.82503
1464.922241
1465.742913
1465.828939
1467.115888
1468.98582
1469.117012
1469.279291
1469.349555
1469.715113
1470.644702
1471.153473
1472.332629
1472.670165
1472.717261
1472.976968
1473.688994
1473.984707
1476.031816
1476.187837
1476.708105
1477.093758
1477.546708
1477.81504
1478.283087
1478.444523
1478.444738
1478.673742
1478.675431
1479.203743
1479.913131
1482.624692
1483.050227
1483.49321
1484.194583
1484.434595
1486.035318
1486.148669
1486.65817
1487.056902
1487.312812
1488.19947
1489.437314
1490.160158
1490.388457
1490.790824
1491.340177
1491.350683
1491.519253
1493.064328
1493.491847
1495.904916
1496.576004
1497.069297
1497.433962
1497.705754
1497.738893
1499.142238
1499.43583
1500.755453
1500.930238
1501.344005
1504.537564
1505.200933
1506.030513
1506.211994
1506.319857
1506.873936
1507.160573
1510.61747
1511.784061
1512.570471
1513.54643
1513.98983
1515.459612
1516.502362
1516.875297
1517.486005
1518.781288
1521.194795
1522.545314
1523.388529
1527.176893
1527.182861
1528.759083
1529.569856
1531.872608
1533.705954
1533.838625
1536.831844
1538.684952
1539.52542
1539.7832
1546.296961
1546.523252
1546.886136
1547.032516
1555.553786
1556.076329
1556.777562
1557.641283
1575.026259
1575.077943
1575.34684
1591.727261
1592.988704
1598.406874
1601.162921
1604.015529
1609.012032
1609.459431
1610.171051
1612.764523
1614.971526
1616.504916
1618.356301
1621.073697
1623.249337
1631.813835
1631.964683
1632.006208
1633.835023
1635.39846
1638.879756
1639.784175
1641.06616
1641.700083
1646.263875
1647.245651
1651.051678
1660.036354
1662.980647
1663.96991
1690.140714
1701.373923
1761.72162
1815.992293
1963.949846
2315.323057
2480.636744
