7.755599
10.889409
12.453171
13.00452
14.634692
14.895807
14.956206
16.453404
16.748024
16.994988
17.06448
17.719735
18.222215
18.725487
19.141392
19.144288
19.464212
20.062494
20.593522
21.475143
21.541932
21.658864
22.075217
22.402553
23.853245
24.483477
25.398837
25.563915
26.867734
29.123394
36.069
37.859609
39.605654
42.89678
44.30275
50.076971
65.181369
66.807451
99.743646
145.81971
146.028691
146.03173
146.850894
147.317503
148.000044
149.301955
149.416264
150.335724
150.835662
150.914357
151.239803
151.578168
151.776316
151.902797
152.268693
153.208205
154.441348
155.233536
156.116145
156.667185
157.204592
161.28174
173.595282
194.469431
384.746322
389.312924
448.351208
454.584828
462.780854
1654.583339
