1014.060345
1018.027123
1026.768444
1027.894793
1035.409605
1037.126433
1039.450068
1040.758053
1044.251189
1044.64751
1049.895527
1050.17033
1050.791379
1053.119291
1053.499583
1053.694531
1055.943248
1056.456867
1058.629124
1058.715818
1062.434755
1063.123337
1064.950271
1065.837012
1065.866349
1067.393836
1069.605731
1074.321424
1077.403898
1077.730585
1078.000241
1081.363146
1082.434646
1086.77822
1087.431762
1090.722699
1093.013791
1098.243852
1102.313364
1102.660502
1104.106423
1105.170027
1107.428815
1108.312381
1108.34987
1109.348078
1110.484483
1111.719157
1114.321833
1119.672802
1123.067272
1123.666854
1123.733294
1129.995708
1132.841222
1133.634045
1134.333406
1143.738537
1144.519733
1144.536614
1146.305946
1152.480724
1155.892262
1156.612864
1156.909858
1157.794111
1160.758813
1160.968241
1161.352994
1162.588062
1162.933677
1163.283504
1163.491155
1164.404425
1165.152541
1165.58721
1165.907464
1166.794551
1167.900798
1168.923667
1169.263523
1170.864511
1171.511801
1174.336041
1174.528083
1174.964388
1174.978157
1176.545769
1177.882748
1178.969723
1179.228949
1182.579774
1183.583639
1184.22715
1185.047336
1186.257857
1186.756623
1186.824292
1187.64679
1188.650934
1190.518253
1191.85661
1192.373273
1193.363849
1194.364201
1194.522498
1194.971048
1195.640676
1195.745458
1195.964258
1196.676785
1197.195048
1197.218026
1197.972718
1198.642361
1198.65225
1199.558982
1199.745306
1201.596951
1201.673369
1201.942662
1201.979669
1203.149352
1203.190868
1203.668762
1203.936794
1204.438917
1204.448445
1205.084718
1205.095878
1205.336345
1205.340103
1205.494413
1205.831157
1206.382613
1206.601156
1206.833559
1206.894713
1207.246158
1207.310143
1208.00573
1208.171292
1208.532903
1208.651188
1208.654957
1208.874812
1209.035059
1209.046034
1210.488678
1210.6454
1210.853941
1211.133657
1211.173606
1211.227516
1211.332644
1211.386566
1211.572895
1212.668344
1213.06437
1213.124204
1213.31468
1213.685424
1213.9485
1214.925834
1215.181057
1216.993317
1217.671753
1218.05246
1218.102398
1218.40789
1218.601517
1218.693805
1218.738263
1219.066074
1219.071659
1219.187135
1219.21256
1219.516333
1219.587002
1219.824098
1220.069074
1220.167145
1220.284874
1220.313533
1220.356965
1220.503981
1220.702331
1221.147665
1221.343852
1221.847448
1221.899683
1221.971831
1222.263401
1222.442248
1222.472732
1222.974827
1223.285736
1223.533325
1223.728653
1223.779415
1224.072917
1224.111487
1224.502132
1224.955324
1225.019921
1225.671915
1225.709406
1226.065495
1226.079179
1226.59706
1226.8853
1227.469835
1227.730378
1227.793152
1228.084862
1228.117127
1228.361086
1228.452701
1228.62445
1228.690874
1228.853244
1228.961863
1229.006999
1229.092089
1229.327386
1229.345365
1229.745583
1229.919982
1229.983207
1230.227116
1230.475371
1230.598724
1230.721131
1230.843239
1230.86481
1230.886735
1231.142826
1231.401418
1231.494853
1231.529716
1231.714386
1232.102816
1232.400575
1232.812806
1232.837529
1232.875746
1232.9767
1233.091464
1233.125636
1233.198754
1233.311414
1233.43676
1233.778097
1233.833082
1233.911613
1234.159431
1234.277419
1234.411196
1234.561893
1234.646404
1234.666444
1234.912629
1234.980908
1235.076837
1235.250476
1235.25987
1235.641041
1235.752594
1236.186331
1236.232444
1236.337043
1236.976103
1237.048324
1237.061347
1237.21952
1237.227141
1237.384335
1237.474934
1237.494434
1237.644692
1237.864001
1237.991007
1238.004945
1238.101194
1238.135394
1238.177002
1238.284154
1238.3579
1238.498841
1238.704458
1238.77579
1238.840638
1238.945651
1239.034028
1239.343853
1239.406176
1239.649697
1239.680691
1239.729701
1239.854483
1239.935837
1240.000238
1240.162244
1240.213098
1240.231184
1240.351964
1240.425767
1240.474481
1240.846193
1240.896906
1241.308856
1241.3555
1241.665739
1241.776612
1241.915151
1242.028941
1242.214526
1242.245149
1242.2604
1242.431444
1242.534519
1242.551392
1242.620403
1242.763704
1242.955485
1243.042677
1243.194555
1243.327476
1243.438949
1243.702176
1243.842187
1243.944158
1244.067084
1244.192156
1244.320555
1244.40219
1244.626866
1245.100892
1245.118584
1245.145875
1245.147574
1245.15719
1245.167751
1245.171549
1245.266817
1245.291991
1245.371645
1245.457979
1245.50062
1245.530952
1245.552731
1245.594465
1245.647905
1245.822978
1245.84731
1245.892461
1245.901755
1245.957819
1246.212266
1246.345231
1246.345524
1246.532758
1246.929548
1246.968725
1247.391718
1247.397464
1247.598649
1247.672385
1247.680658
1247.68606
1247.722816
1247.772465
1247.86646
1247.959181
1247.997259
1248.174402
1248.248618
1248.336182
1248.489873
1248.498954
1248.582743
1248.652901
1248.704807
1248.732134
1248.783687
1248.78642
1248.856301
1248.868242
1248.87861
1248.896455
1248.93909
1248.998479
1249.010725
1249.163753
1249.197882
1249.587626
1249.679753
1249.71879
1249.823835
1249.837727
1249.920527
1249.944124
1250.090693
1250.103128
1250.133441
1250.196439
1250.217451
1250.371756
1250.447053
1250.496832
1250.690813
1250.699322
1250.757502
1250.813907
1251.115397
1251.172866
1251.179277
1251.385593
1251.434548
1251.502759
1251.538003
1251.591118
1251.647525
1251.703518
1251.730421
1251.868946
1252.102732
1252.108981
1252.166168
1252.284257
1252.293404
1252.306648
1252.370903
1252.461275
1252.489397
1252.510585
1252.653293
1252.749746
1252.765406
1252.895706
1252.935979
1253.013586
1253.055334
1253.113739
1253.132208
1253.174791
1253.189157
1253.327582
1253.363608
1253.505476
1253.522162
1253.713285
1253.719937
1253.735936
1253.791157
1253.884294
1254.206747
1254.253923
1254.302825
1254.363333
1254.404866
1254.505026
1254.521805
1254.583226
1254.593216
1255.031298
1255.075119
1255.180082
1255.2025
1255.232877
1255.279722
1255.299649
1255.333222
1255.484534
1255.594074
1255.613509
1255.65024
1255.741665
1255.743367
1255.838432
1255.917124
1255.995438
1256.129626
1256.19208
1256.194503
1256.204313
1256.246034
1256.286858
1256.35203
1256.385321
1256.450092
1256.557714
1256.658757
1256.772459
1256.996162
1257.01941
1257.042772
1257.228264
1257.378655
1257.563181
1257.569474
1257.611734
1257.727484
1257.753396
1257.757655
1257.880259
1257.883947
1257.928614
1258.044083
1258.115758
1258.11931
1258.152083
1258.166877
1258.20158
1258.274664
1258.491087
1258.509453
1258.615078
1258.708944
1258.718621
1258.763234
1258.889224
1258.965816
1259.018562
1259.067884
1259.095707
1259.120549
1259.202036
1259.322375
1259.455237
1259.639933
1259.65704
1259.668721
1259.731986
1259.843693
1259.851632
1260.210309
1260.236731
1260.276489
1260.292472
1260.339887
1260.35394
1260.401223
1260.426333
1260.51151
1260.575334
1260.65286
1260.667268
1260.697998
1260.727563
1260.901527
1260.924734
1260.979522
1261.018219
1261.190261
1261.25351
1261.258002
1261.389409
1261.507022
1261.637493
1261.660488
1261.76983
1261.859344
1261.985442
1262.097486
1262.323312
1262.407574
1262.452373
1262.492316
1262.633908
1262.720761
1262.835946
1263.026079
1263.090714
1263.094804
1263.099508
1263.119922
1263.140416
1263.259512
1263.337611
1263.396664
1263.607948
1263.64102
1263.817738
1263.819762
1263.906128
1263.975634
1263.98198
1264.05177
1264.149905
1264.223946
1264.250428
1264.385963
1264.538784
1264.601449
1264.705737
1264.824302
1264.914195
1265.089133
1265.103941
1265.179895
1265.286351
1265.306608
1265.32593
1265.326126
1265.33605
1265.386353
1265.544186
1265.553082
1265.650189
1265.694
1265.696076
1265.751578
1265.762251
1265.889897
1265.985766
1266.250194
1266.257303
1266.319261
1266.423281
1266.477783
1266.563148
1266.618109
1266.8185
1266.834739
1267.012591
1267.019964
1267.022277
1267.19468
1267.253333
1267.284237
1267.315736
1267.343404
1267.411842
1267.423239
1267.425076
1267.478762
1267.483574
1267.509187
1267.622643
1267.655158
1267.669798
1267.69321
1267.823329
1267.852439
1267.918475
1268.070965
1268.164954
1268.207885
1268.209461
1268.23777
1268.338218
1268.366535
1268.403811
1268.406065
1268.514999
1268.523037
1268.739036
1268.748354
1268.793498
1268.825835
1268.938117
1268.938308
1269.084354
1269.212921
1269.251258
1269.347755
1269.374384
1269.49972
1269.626812
1269.643857
1269.741844
1269.747889
1269.769569
1269.844168
1269.882334
1269.932004
1269.933923
1269.941001
1269.963228
1270.380832
1270.420232
1270.441199
1270.452533
1270.483466
1270.559433
1270.661951
1270.679985
1270.686615
1270.729004
1270.74648
1270.75526
1270.823267
1270.918239
1271.032574
1271.074934
1271.255124
1271.375401
1271.442145
1271.476507
1271.502382
1271.534266
1271.557618
1271.66571
1271.673083
1271.809969
1272.010559
1272.041316
1272.091367
1272.139096
1272.177796
1272.225413
1272.305572
1272.34536
1272.375881
1272.442943
1272.503644
1272.544996
1272.615944
1272.811222
1272.887124
1273.041712
1273.042007
1273.100111
1273.102797
1273.123462
1273.200143
1273.242906
1273.269601
1273.317711
1273.32539
1273.345322
1273.402033
1273.448773
1273.520439
1273.58186
1273.592307
1273.671499
1273.833637
1274.045184
1274.106156
1274.130407
1274.158659
1274.197112
1274.283953
1274.313752
1274.491448
1274.635808
1274.728445
1274.732101
1274.914253
1274.935453
1274.994529
1275.011566
1275.134694
1275.138927
1275.168289
1275.276007
1275.374217
1275.415022
1275.452301
1275.699905
1275.837152
1275.857439
1275.928522
1275.97597
1276.08278
1276.159761
1276.189862
1276.191687
1276.340153
1276.405337
1276.522519
1276.809142
1276.817085
1276.867187
1276.868968
1276.988108
1277.098513
1277.181664
1277.428251
1277.440644
1277.485693
1277.501066
1277.513912
1277.516902
1277.539055
1277.579862
1277.587616
1277.59948
1277.62827
1277.674942
1277.879855
1277.929242
1278.032752
1278.037193
1278.135211
1278.220237
1278.335602
1278.356226
1278.451379
1278.615223
1278.66855
1278.811655
1278.826885
1279.000272
1279.105043
1279.121252
1279.147464
1279.18067
1279.20491
1279.263349
1279.334421
1279.341478
1279.354084
1279.398098
1279.448947
1279.466186
1279.510954
1279.588821
1279.680179
1279.778649
1279.779514
1279.795442
1279.872509
1279.895053
1279.947585
1279.954755
1279.967392
1280.037917
1280.0773
1280.088731
1280.186968
1280.214309
1280.232126
1280.259714
1280.348487
1280.353596
1280.470606
1280.47994
1280.65404
1280.669303
1280.698056
1280.70885
1280.746945
1280.752186
1280.815347
1280.832893
1281.044506
1281.173727
1281.352698
1281.407427
1281.467891
1281.490708
1281.539871
1281.77948
1281.837246
1281.876622
1281.877542
1281.911947
1281.962436
1281.974281
1282.027001
1282.169891
1282.184586
1282.235615
1282.345118
1282.426248
1282.547254
1282.585622
1282.721637
1282.764192
1282.778221
1282.832595
1283.041713
1283.064405
1283.218171
1283.235096
1283.243607
1283.380116
1283.478969
1283.511853
1283.54539
1283.625767
1283.676345
1283.679093
1283.715412
1283.756997
1283.778517
1283.843891
1283.878519
1283.87993
1283.920608
1283.933409
1283.941972
1283.974399
1284.01418
1284.024875
1284.090404
1284.165651
1284.196331
1284.224541
1284.485964
1284.633154
1284.701631
1284.769382
1284.795631
1284.835299
1284.859679
1284.932773
1284.932841
1284.943293
1284.997755
1285.17736
1285.189087
1285.198359
1285.215504
1285.229676
1285.247019
1285.386655
1285.504626
1285.584287
1285.655041
1285.661266
1285.679235
1285.862497
1285.877079
1285.93326
1286.022205
1286.08345
1286.136887
1286.169654
1286.211161
1286.236378
1286.276802
1286.28185
1286.42126
1286.449661
1286.450339
1286.554386
1286.580568
1286.598212
1286.74469
1286.779939
1286.825471
1286.867105
1286.941001
1287.043957
1287.093299
1287.108873
1287.136036
1287.140904
1287.205199
1287.226594
1287.255946
1287.272347
1287.419246
1287.433224
1287.470081
1287.471933
1287.48711
1287.512788
1287.684097
1287.736045
1287.926713
1288.067507
1288.105122
1288.130455
1288.140966
1288.156114
1288.196687
1288.214647
1288.234699
1288.2391
1288.265246
1288.284529
1288.308354
1288.326872
1288.352958
1288.363545
1288.391327
1288.597357
1288.605783
1288.661864
1288.733555
1288.749823
1288.754432
1288.760093
1288.761086
1288.833441
1288.927992
1288.932334
1288.980151
1289.039547
1289.082671
1289.110745
1289.319251
1289.320696
1289.360376
1289.523315
1289.544593
1289.586383
1289.606443
1289.626552
1289.635617
1289.722457
1289.751676
1289.785135
1289.883252
1290.003241
1290.046131
1290.072384
1290.173367
1290.309509
1290.319166
1290.356741
1290.506517
1290.593006
1290.703757
1290.738729
1290.765506
1290.866012
1290.909222
1290.927079
1290.966575
1291.016929
1291.023402
1291.063003
1291.06562
1291.084686
1291.113776
1291.28506
1291.361727
1291.393427
1291.4404
1291.442166
1291.490668
1291.595191
1291.607276
1291.674941
1291.730361
1291.779927
1291.89033
1291.897321
1291.91368
1291.948923
1292.087712
1292.08916
1292.101276
1292.130079
1292.154433
1292.186051
1292.203987
1292.221565
1292.240164
1292.291653
1292.409458
1292.418616
1292.479954
1292.510061
1292.549072
1292.551799
1292.588836
1292.610235
1292.611008
1292.613218
1292.715519
1292.720195
1292.723569
1292.751143
1292.820925
1292.897126
1292.926289
1292.991707
1293.068133
1293.07054
1293.243015
1293.375139
1293.403637
1293.505693
1293.515711
1293.551053
1293.622207
1293.633788
1293.677501
1293.714858
1293.758167
1293.759555
1293.820363
1293.827861
1293.907027
1293.928249
1293.950953
1294.014329
1294.032929
1294.045184
1294.050534
1294.163904
1294.264908
1294.337317
1294.400546
1294.411643
1294.473048
1294.533064
1294.611455
1294.615311
1294.657541
1294.66004
1294.690197
1294.73114
1294.736733
1294.857155
1295.023267
1295.051299
1295.08274
1295.168516
1295.198164
1295.224339
1295.275273
1295.299638
1295.387448
1295.388104
1295.388116
1295.427896
1295.45092
1295.453935
1295.501785
1295.514136
1295.543383
1295.573015
1295.582705
1295.597616
1295.597876
1295.69675
1295.730078
1295.737514
1295.745501
1295.857071
1295.890903
1295.917285
1295.919956
1295.926006
1295.94447
1295.966769
1296.024013
1296.037374
1296.041101
1296.057253
1296.09122
1296.121382
1296.14839
1296.267091
1296.402551
1296.424918
1296.569327
1296.575129
1296.704864
1296.848708
1296.868792
1296.931136
1297.008525
1297.011615
1297.013688
1297.013843
1297.165393
1297.182667
1297.248804
1297.249909
1297.293786
1297.294179
1297.369977
1297.440797
1297.442146
1297.450343
1297.480972
1297.484231
1297.490737
1297.65369
1297.678025
1297.689436
1297.715577
1297.803186
1297.821949
1297.856386
1297.862701
1297.862999
1297.905257
1297.93715
1297.963686
1298.072185
1298.093174
1298.135824
1298.159749
1298.205288
1298.354693
1298.434846
1298.476136
1298.495711
1298.553327
1298.618985
1298.647169
1298.658578
1298.682779
1298.835004
1298.837872
1298.905469
1298.974166
1299.066968
1299.119308
1299.133333
1299.176816
1299.198012
1299.415089
1299.4463
1299.466121
1299.517265
1299.522167
1299.561642
1299.639833
1299.692439
1299.719979
1299.76362
1299.785288
1299.785779
1299.824813
1299.831284
1299.872569
1299.995114
1300.036973
1300.145172
1300.173657
1300.217733
1300.238545
1300.304512
1300.415161
1300.433149
1300.434851
1300.449837
1300.476217
1300.480484
1300.492127
1300.53217
1300.560992
1300.78962
1300.805637
1300.823817
1300.942612
1300.982726
1301.025333
1301.053879
1301.066737
1301.078401
1301.147355
1301.269698
1301.306865
1301.315731
1301.343918
1301.367431
1301.471681
1301.512965
1301.513778
1301.565282
1301.57875
1301.622735
1301.63045
1301.63131
1301.641218
1301.680008
1301.740943
1301.772912
1301.884036
1301.892906
1301.900407
1302.095681
1302.113931
1302.22197
1302.251541
1302.259275
1302.294124
1302.306633
1302.430026
1302.453223
1302.457433
1302.552923
1302.558258
1302.575059
1302.597822
1302.599014
1302.636147
1302.717435
1302.801939
1302.853692
1302.854454
1302.884173
1302.937276
1302.941687
1302.950499
1303.018228
1303.057453
1303.081013
1303.121223
1303.143601
1303.157304
1303.2013
1303.226997
1303.253386
1303.258661
1303.281377
1303.284088
1303.305322
1303.330783
1303.391166
1303.407547
1303.471511
1303.477813
1303.484832
1303.499725
1303.504621
1303.588881
1303.613518
1303.641453
1303.691859
1303.702868
1303.761239
1303.813617
1303.829414
1303.894784
1303.909604
1304.043014
1304.091414
1304.139979
1304.171034
1304.216793
1304.263031
1304.29884
1304.337784
1304.339283
1304.359733
1304.3631
1304.408622
1304.42137
1304.459791
1304.486755
1304.508854
1304.511358
1304.535399
1304.584269
1304.698695
1304.708852
1304.723635
1304.764325
1304.782928
1304.82576
1304.895412
1304.898969
1304.924544
1304.948994
1304.962213
1304.96375
1304.991689
1304.994758
1305.058896
1305.131822
1305.133938
1305.163544
1305.171597
1305.2474
1305.259984
1305.279754
1305.29439
1305.338752
1305.377672
1305.397854
1305.441734
1305.479278
1305.506821
1305.609446
1305.61244
1305.616436
1305.645177
1305.652086
1305.710742
1305.73781
1305.765265
1305.789958
1305.792271
1305.795577
1305.823425
1305.829938
1305.836981
1305.851662
1305.910891
1305.941782
1305.981778
1306.012024
1306.012239
1306.102297
1306.160912
1306.23753
1306.2388
1306.32705
1306.381683
1306.392047
1306.413302
1306.413886
1306.445971
1306.504735
1306.527012
1306.539883
1306.541322
1306.603237
1306.604585
1306.630334
1306.694128
1306.765181
1306.84611
1306.868585
1306.891611
1306.91564
1306.978562
1306.979338
1307.145214
1307.148047
1307.17939
1307.17993
1307.181191
1307.301216
1307.327349
1307.359091
1307.370275
1307.489214
1307.531207
1307.54704
1307.561779
1307.566108
1307.600188
1307.693018
1307.815666
1307.816571
1307.857728
1307.859733
1307.903372
1307.945663
1307.949225
1308.037241
1308.075732
1308.17806
1308.183407
1308.197965
1308.198011
1308.221668
1308.232647
1308.247598
1308.325657
1308.357909
1308.385376
1308.435356
1308.437361
1308.486544
1308.502339
1308.503596
1308.573401
1308.616866
1308.622683
1308.670236
1308.697191
1308.77332
1308.830948
1308.832404
1308.857361
1308.920356
1308.932878
1308.994105
1309.016973
1309.058495
1309.060782
1309.063853
1309.10186
1309.174894
1309.241783
1309.281181
1309.344256
1309.355163
1309.357707
1309.459117
1309.516348
1309.520253
1309.530176
1309.544116
1309.555551
1309.60867
1309.712552
1309.718477
1309.796852
1309.870169
1309.929556
1310.026986
1310.158357
1310.211547
1310.265923
1310.27314
1310.345012
1310.4617
1310.51242
1310.545145
1310.548441
1310.559203
1310.560974
1310.567258
1310.627658
1310.632688
1310.703825
1310.714223
1310.758743
1310.762982
1310.798631
1310.809243
1310.825975
1310.857559
1310.93391
1310.955107
1310.98879
1311.057366
1311.095742
1311.115158
1311.117193
1311.155968
1311.210639
1311.254968
1311.272674
1311.296519
1311.415395
1311.480823
1311.487565
1311.501969
1311.6305
1311.761219
1311.780186
1311.857984
1311.918706
1311.936855
1311.943902
1311.951262
1311.970895
1312.005704
1312.014398
1312.046024
1312.054883
1312.129932
1312.146318
1312.149125
1312.175047
1312.177925
1312.238075
1312.285376
1312.290671
1312.304769
1312.351708
1312.387653
1312.39496
1312.397304
1312.412192
1312.499942
1312.581063
1312.720511
1312.802577
1312.832216
1312.874326
1312.891639
1312.892143
1312.92301
1312.955463
1313.093387
1313.190243
1313.194653
1313.307989
1313.33562
1313.353405
1313.358751
1313.377562
1313.380585
1313.3913
1313.425729
1313.582011
1313.597661
1313.613558
1313.614888
1313.635103
1313.637372
1313.734136
1313.78641
1313.831858
1313.877501
1313.924521
1313.925211
1313.983656
1313.987034
1314.037832
1314.084147
1314.176803
1314.189164
1314.194059
1314.226331
1314.312002
1314.320497
1314.391009
1314.405569
1314.407054
1314.429034
1314.429246
1314.491126
1314.563578
1314.585466
1314.627369
1314.648998
1314.66038
1314.663352
1314.730345
1314.785145
1314.792239
1314.815867
1314.843092
1314.87451
1314.888632
1314.904372
1314.99737
1315.002679
1315.07147
1315.146532
1315.152717
1315.156798
1315.179497
1315.227516
1315.239038
1315.264364
1315.277659
1315.334103
1315.362886
1315.36682
1315.373785
1315.439114
1315.47665
1315.538689
1315.555092
1315.570479
1315.627873
1315.687598
1315.710965
1315.733498
1315.791203
1315.829855
1315.864042
1315.937459
1315.957354
1316.002922
1316.093864
1316.103782
1316.104566
1316.157185
1316.15809
1316.167499
1316.194922
1316.217893
1316.320106
1316.343048
1316.387786
1316.404188
1316.411673
1316.414293
1316.424241
1316.500033
1316.500473
1316.517766
1316.622024
1316.651108
1316.652261
1316.711093
1316.789746
1316.877325
1316.933004
1316.958417
1316.966161
1316.997503
1317.037017
1317.063834
1317.139976
1317.142849
1317.15515
1317.159535
1317.188338
1317.215425
1317.254016
1317.271279
1317.312452
1317.34724
1317.381828
1317.391682
1317.413432
1317.415247
1317.433994
1317.481978
1317.497744
1317.525557
1317.555236
1317.592824
1317.668488
1317.674661
1317.72414
1317.738794
1317.775368
1317.852662
1317.863551
1317.881033
1318.046704
1318.061525
1318.075409
1318.080361
1318.0814
1318.138583
1318.274996
1318.275248
1318.310519
1318.337963
1318.34504
1318.365059
1318.374834
1318.398528
1318.404613
1318.491262
1318.497484
1318.538919
1318.621881
1318.641943
1318.64539
1318.661989
1318.699448
1318.728373
1318.754565
1318.776163
1318.801504
1318.87958
1318.883668
1318.892462
1318.937661
1318.96252
1318.975049
1319.009386
1319.039754
1319.047602
1319.063209
1319.092409
1319.108976
1319.148693
1319.182117
1319.230467
1319.247803
1319.252882
1319.273511
1319.30006
1319.318727
1319.321067
1319.321671
1319.325456
1319.341539
1319.360134
1319.360428
1319.431677
1319.470682
1319.506185
1319.52028
1319.521222
1319.681295
1319.708072
1319.754914
1319.768976
1319.783046
1319.795741
1319.804206
1319.810302
1319.827709
1319.827896
1319.838509
1319.869003
1319.934834
1319.958823
1320.003514
1320.009163
1320.010177
1320.013685
1320.041472
1320.04324
1320.061578
1320.074084
1320.091638
1320.109594
1320.120843
1320.131867
1320.226403
1320.265656
1320.268432
1320.294062
1320.309177
1320.309731
1320.328964
1320.346451
1320.355029
1320.382607
1320.60101
1320.61941
1320.629978
1320.660684
1320.66282
1320.669659
1320.683025
1320.760892
1320.798194
1320.826273
1320.835383
1320.872854
1320.899477
1320.908111
1320.914593
1320.963837
1320.984385
1320.991968
1321.023815
1321.068789
1321.06967
1321.094748
1321.174614
1321.235476
1321.266334
1321.323364
1321.355737
1321.366727
1321.372481
1321.422085
1321.440624
1321.467059
1321.520997
1321.536108
1321.537966
1321.576778
1321.625829
1321.702587
1321.780605
1321.988095
1322.007576
1322.063424
1322.091948
1322.0946
1322.1241
1322.199695
1322.20979
1322.211808
1322.249448
1322.298996
1322.323011
1322.339961
1322.356396
1322.395348
1322.426528
1322.484998
1322.50895
1322.536904
1322.565039
1322.570876
1322.660269
1322.693456
1322.733471
1322.833108
1322.838894
1322.868678
1322.872375
1322.878441
1322.886255
1322.889617
1322.890565
1322.899031
1322.905553
1322.981104
1323.002292
1323.154966
1323.160969
1323.230298
1323.241135
1323.299357
1323.326069
1323.356136
1323.369078
1323.43861
1323.496281
1323.502632
1323.54513
1323.586615
1323.592102
1323.631628
1323.641119
1323.704093
1323.704294
1323.737201
1323.826052
1323.849692
1323.890818
1323.927708
1323.94039
1323.953611
1324.107284
1324.110129
1324.120205
1324.159082
1324.162845
1324.206737
1324.241711
1324.304328
1324.311505
1324.340463
1324.349024
1324.351014
1324.387277
1324.447122
1324.463877
1324.481686
1324.503257
1324.644474
1324.688754
1324.693715
1324.701551
1324.725919
1324.730666
1324.829362
1324.881311
1324.965372
1324.99659
1325.020439
1325.036713
1325.048067
1325.116594
1325.119895
1325.161133
1325.206096
1325.231811
1325.269525
1325.371162
1325.384797
1325.39043
1325.390718
1325.443594
1325.471485
1325.489975
1325.499917
1325.500191
1325.505219
1325.520859
1325.53238
1325.532548
1325.554007
1325.582388
1325.63889
1325.650494
1325.665309
1325.686169
1325.689902
1325.764502
1325.815813
1325.820834
1325.833495
1325.873904
1325.929921
1325.937795
1325.974336
1325.9759
1326.087828
1326.090946
1326.096626
1326.113168
1326.122034
1326.157039
1326.208585
1326.222027
1326.330703
1326.336973
1326.345558
1326.394691
1326.406209
1326.431883
1326.43723
1326.439946
1326.450138
1326.476561
1326.485782
1326.539044
1326.568689
1326.624957
1326.642683
1326.704623
1326.808183
1326.816359
1326.883979
1326.896435
1326.912595
1326.988041
1326.997217
1327.023628
1327.024072
1327.029944
1327.041271
1327.046738
1327.06319
1327.078917
1327.105297
1327.149806
1327.17066
1327.204523
1327.209659
1327.236985
1327.264407
1327.277126
1327.287575
1327.331279
1327.412246
1327.469885
1327.490854
1327.509319
1327.52547
1327.52561
1327.562525
1327.593044
1327.604311
1327.639382
1327.640767
1327.646233
1327.723957
1327.726484
1327.731559
1327.733894
1327.750402
1327.75314
1327.847572
1327.853849
1327.866518
1327.884006
1327.994675
1328.024664
1328.039211
1328.042276
1328.054895
1328.060429
1328.062734
1328.071591
1328.074211
1328.089948
1328.094802
1328.114081
1328.139679
1328.143282
1328.171073
1328.179986
1328.180914
1328.2574
1328.269877
1328.284846
1328.321441
1328.365763
1328.366674
1328.396061
1328.434032
1328.43916
1328.490058
1328.499135
1328.599777
1328.655823
1328.698571
1328.719574
1328.726709
1328.741746
1328.775495
1328.77778
1328.855124
1328.86977
1328.934216
1328.953699
1328.97239
1328.986746
1329.037387
1329.041786
1329.043022
1329.054473
1329.065957
1329.078565
1329.101833
1329.127486
1329.129423
1329.148012
1329.150282
1329.154846
1329.173156
1329.19592
1329.235651
1329.292498
1329.334854
1329.340824
1329.380086
1329.390722
1329.436527
1329.44376
1329.453411
1329.48375
1329.525519
1329.559115
1329.564211
1329.576283
1329.577014
1329.587098
1329.592546
1329.600577
1329.634193
1329.643532
1329.651269
1329.680706
1329.74271
1329.751679
1329.76015
1329.778875
1329.796271
1329.799727
1329.800874
1329.816844
1329.849574
1329.875417
1329.881541
1329.941457
1329.949255
1329.950838
1329.966391
1330.014889
1330.086591
1330.093029
1330.177833
1330.19206
1330.200776
1330.214185
1330.23893
1330.23919
1330.294973
1330.327765
1330.327939
1330.344986
1330.379302
1330.446071
1330.456115
1330.463261
1330.472287
1330.500622
1330.543345
1330.552196
1330.63637
1330.648132
1330.649724
1330.651831
1330.687912
1330.69534
1330.723202
1330.768016
1330.777896
1330.856718
1330.889374
1330.914355
1330.954339
1330.97889
1330.996547
1331.019313
1331.04027
1331.054078
1331.12036
1331.125636
1331.125718
1331.208825
1331.220395
1331.263716
1331.300742
1331.328196
1331.344924
1331.35662
1331.359976
1331.376576
1331.382141
1331.424157
1331.43636
1331.447769
1331.493984
1331.531597
1331.543637
1331.570543
1331.598453
1331.601342
1331.630727
1331.638238
1331.646859
1331.647325
1331.726902
1331.760165
1331.814375
1331.820964
1331.836401
1331.838536
1331.858232
1331.908643
1331.967993
1331.968139
1332.005209
1332.008968
1332.027
1332.0696
1332.071086
1332.099855
1332.101239
1332.116626
1332.135961
1332.138494
1332.139854
1332.142719
1332.195505
1332.210106
1332.214765
1332.267147
1332.283158
1332.290198
1332.298964
1332.299867
1332.346204
1332.347438
1332.350233
1332.367935
1332.372884
1332.385643
1332.391983
1332.393533
1332.409282
1332.45004
1332.53337
1332.585835
1332.596264
1332.60283
1332.627686
1332.669619
1332.675256
1332.692579
1332.697691
1332.706122
1332.712471
1332.763173
1332.770143
1332.830424
1332.85108
1332.896586
1332.907808
1332.922528
1332.952813
1332.968511
1332.985407
1332.99389
1333.046709
1333.074656
1333.131212
1333.150155
1333.187627
1333.189521
1333.293363
1333.322594
1333.325757
1333.386049
1333.396379
1333.424467
1333.437941
1333.445299
1333.448554
1333.462312
1333.496376
1333.50253
1333.52149
1333.523967
1333.555123
1333.579977
1333.64062
1333.650876
1333.651096
1333.662353
1333.720962
1333.729151
1333.74177
1333.748862
1333.775502
1333.79088
1333.803718
1333.821073
1333.835906
1333.852138
1333.858222
1333.893509
1333.900465
1333.915404
1333.925193
1333.937121
1333.942074
1333.968753
1334.010051
1334.029598
1334.057719
1334.093778
1334.165853
1334.188414
1334.199074
1334.22013
1334.249395
1334.26515
1334.270222
1334.346069
1334.392395
1334.403764
1334.418019
1334.433675
1334.438623
1334.457107
1334.490413
1334.493865
1334.549968
1334.551179
1334.582845
1334.585022
1334.590039
1334.612787
1334.623864
1334.760899
1334.763346
1334.808683
1334.837317
1334.841924
1334.857705
1334.909618
1334.920592
1334.924526
1334.966831
1335.00351
1335.020394
1335.028512
1335.061017
1335.067349
1335.084031
1335.136365
1335.147403
1335.176829
1335.179346
1335.229151
1335.234403
1335.322168
1335.324894
1335.360259
1335.368555
1335.391006
1335.39191
1335.39714
1335.398227
1335.402937
1335.419402
1335.426573
1335.46839
1335.494512
1335.507692
1335.54781
1335.556435
1335.572191
1335.589798
1335.62836
1335.647337
1335.653955
1335.763815
1335.764244
1335.806486
1335.810111
1335.847101
1335.858597
1335.867315
1335.89235
1335.900552
1335.988124
1336.013844
1336.043115
1336.047092
1336.07714
1336.094327
1336.10001
1336.129975
1336.152924
1336.161516
1336.189833
1336.221553
1336.239606
1336.317477
1336.333008
1336.404606
1336.42135
1336.467372
1336.505831
1336.597402
1336.59911
1336.606876
1336.616644
1336.623832
1336.668734
1336.710471
1336.727852
1336.761776
1336.775337
1336.795672
1336.825517
1336.849791
1336.87671
1336.913539
1336.988894
1337.084984
1337.134333
1337.136152
1337.165751
1337.172036
1337.178819
1337.190035
1337.218054
1337.224632
1337.225564
1337.243184
1337.320321
1337.324233
1337.349958
1337.408064
1337.418891
1337.455982
1337.583161
1337.616209
1337.620738
1337.705173
1337.711085
1337.728934
1337.731909
1337.736465
1337.737145
1337.757765
1337.760544
1337.7772
1337.793935
1337.861029
1337.861402
1337.881136
1337.900835
1337.924921
1337.977595
1338.050268
1338.058237
1338.058497
1338.063166
1338.080896
1338.118695
1338.132534
1338.136138
1338.149902
1338.180952
1338.182111
1338.223111
1338.228375
1338.242848
1338.262865
1338.266702
1338.268713
1338.301717
1338.396006
1338.397065
1338.457606
1338.483432
1338.52742
1338.551446
1338.587854
1338.593562
1338.597276
1338.600523
1338.604778
1338.609049
1338.629632
1338.717462
1338.769927
1338.809323
1338.820328
1338.836644
1338.838256
1338.873321
1338.892113
1338.90876
1338.931804
1338.945019
1338.947634
1338.963422
1338.979528
1338.988556
1339.016762
1339.038093
1339.042852
1339.044038
1339.045856
1339.051788
1339.05465
1339.108932
1339.150015
1339.220568
1339.22813
1339.262531
1339.27764
1339.28778
1339.314656
1339.324608
1339.331164
1339.336884
1339.377944
1339.390405
1339.3938
1339.420151
1339.466587
1339.532016
1339.533914
1339.54799
1339.551548
1339.574672
1339.588127
1339.594459
1339.645958
1339.691127
1339.741273
1339.786266
1339.821026
1339.821703
1339.827036
1339.88987
1339.895273
1339.896193
1339.924817
1339.957368
1339.971706
1339.99861
1340.001904
1340.003935
1340.012899
1340.020697
1340.035022
1340.059235
1340.065322
1340.070237
1340.084592
1340.095467
1340.107849
1340.148861
1340.152615
1340.198424
1340.221165
1340.281079
1340.369314
1340.446019
1340.469702
1340.477628
1340.501029
1340.511461
1340.54176
1340.546553
1340.618409
1340.629822
1340.78722
1340.878511
1340.922418
1340.982848
1341.002934
1341.050216
1341.070066
1341.07129
1341.074905
1341.086146
1341.11827
1341.124497
1341.135473
1341.161209
1341.165464
1341.174582
1341.210244
1341.213555
1341.213973
1341.284275
1341.310829
1341.394218
1341.412871
1341.416271
1341.41814
1341.425664
1341.447167
1341.520644
1341.56074
1341.569063
1341.607594
1341.609549
1341.609942
1341.62395
1341.638568
1341.680117
1341.689879
1341.690605
1341.706457
1341.710966
1341.717147
1341.742723
1341.816154
1341.908991
1341.916863
1341.94124
1341.95955
1341.97552
1341.989273
1342.038518
1342.052395
1342.070044
1342.089442
1342.154982
1342.162144
1342.272967
1342.346002
1342.426741
1342.430186
1342.538928
1342.568993
1342.588702
1342.602511
1342.607023
1342.668182
1342.675639
1342.686294
1342.69584
1342.721552
1342.735736
1342.750328
1342.757813
1342.769221
1342.787931
1342.803931
1342.878338
1342.893421
1342.907318
1342.908755
1342.964448
1342.984725
1342.999548
1343.004504
1343.012201
1343.114989
1343.157217
1343.181939
1343.1848
1343.189087
1343.199243
1343.238693
1343.252896
1343.278363
1343.355925
1343.361088
1343.398815
1343.434434
1343.438703
1343.466337
1343.490909
1343.499858
1343.543643
1343.546525
1343.546894
1343.589411
1343.62219
1343.622403
1343.673478
1343.699618
1343.717782
1343.733473
1343.778731
1343.782487
1343.813473
1343.839761
1343.876422
1343.975895
1343.994728
1343.999051
1344.089905
1344.092662
1344.094682
1344.10875
1344.121762
1344.173431
1344.185736
1344.210154
1344.213565
1344.214432
1344.231194
1344.234947
1344.335417
1344.336111
1344.343592
1344.373176
1344.398515
1344.496054
1344.507288
1344.517385
1344.52269
1344.554126
1344.567658
1344.572608
1344.587602
1344.65899
1344.662602
1344.685822
1344.712426
1344.719174
1344.731563
1344.737088
1344.751618
1344.757021
1344.759064
1344.765663
1344.768807
1344.769952
1344.8017
1344.827011
1344.916102
1344.926236
1344.927967
1344.940088
1344.986457
1345.040708
1345.065339
1345.132498
1345.212215
1345.213255
1345.223237
1345.32747
1345.345472
1345.361977
1345.371372
1345.4068
1345.408218
1345.435018
1345.480507
1345.488303
1345.577348
1345.579417
1345.59688
1345.624384
1345.630231
1345.654542
1345.660812
1345.688279
1345.712294
1345.752988
1345.762014
1345.772767
1345.799849
1345.802695
1345.821286
1345.82655
1345.846123
1345.868473
1345.885919
1345.893423
1345.896801
1345.897578
1345.900632
1345.913912
1346.07805
1346.082798
1346.099994
1346.105624
1346.110088
1346.129919
1346.143688
1346.164019
1346.164734
1346.192443
1346.206047
1346.227338
1346.266705
1346.360898
1346.390387
1346.39463
1346.407138
1346.477657
1346.489996
1346.565845
1346.570172
1346.606359
1346.63414
1346.638755
1346.681516
1346.706236
1346.720689
1346.748412
1346.760854
1346.794732
1346.827992
1346.850252
1346.871475
1346.889268
1346.920401
1346.938337
1346.952317
1346.996568
1347.03804
1347.045288
1347.048445
1347.090095
1347.141947
1347.165199
1347.193923
1347.201315
1347.257902
1347.268221
1347.298064
1347.310256
1347.314763
1347.319807
1347.383655
1347.428974
1347.43037
1347.434063
1347.45301
1347.48514
1347.58754
1347.62262
1347.677439
1347.700632
1347.729946
1347.732346
1347.740048
1347.796458
1347.88553
1347.891372
1347.907452
1347.908161
1347.949933
1347.955182
1347.962425
1347.985831
1347.988544
1348.0292
1348.033376
1348.042588
1348.043132
1348.07004
1348.070986
1348.093218
1348.095961
1348.099632
1348.103308
1348.105189
1348.108611
1348.117733
1348.135153
1348.151357
1348.214218
1348.259769
1348.266567
1348.281781
1348.315516
1348.32642
1348.347806
1348.351996
1348.360437
1348.363958
1348.377049
1348.405195
1348.412939
1348.419843
1348.429613
1348.443119
1348.44811
1348.477641
1348.491614
1348.495254
1348.504863
1348.512882
1348.515871
1348.596499
1348.623384
1348.638313
1348.650082
1348.673692
1348.680218
1348.680295
1348.727206
1348.728946
1348.733163
1348.739508
1348.765833
1348.778593
1348.839104
1348.852257
1348.86885
1348.897236
1348.927987
1348.937811
1348.970007
1348.971514
1348.980435
1348.980931
1348.984703
1349.012437
1349.021039
1349.033395
1349.066826
1349.085961
1349.105545
1349.146797
1349.21067
1349.276476
1349.284677
1349.28927
1349.412478
1349.423991
1349.435398
1349.441297
1349.492526
1349.494099
1349.505069
1349.54581
1349.549819
1349.586279
1349.605142
1349.625881
1349.649564
1349.664287
1349.721284
1349.726265
1349.729531
1349.745033
1349.793711
1349.818797
1349.842806
1349.849325
1349.860789
1349.8994
1349.903244
1349.934416
1349.963766
1349.964162
1349.96618
1349.98245
1349.990144
1349.997506
1350.003179
1350.09204
1350.119138
1350.125228
1350.129013
1350.194106
1350.212255
1350.244774
1350.248631
1350.3038
1350.325744
1350.333896
1350.339288
1350.34506
1350.357256
1350.389529
1350.408311
1350.428033
1350.462037
1350.476895
1350.486513
1350.500156
1350.569228
1350.572621
1350.580328
1350.62999
1350.644855
1350.651916
1350.652234
1350.678751
1350.86082
1350.895661
1350.920451
1350.927792
1350.946257
1351.001726
1351.008871
1351.0312
1351.04596
1351.073621
1351.083471
1351.219391
1351.229342
1351.24295
1351.246969
1351.258178
1351.262212
1351.274121
1351.27546
1351.284172
1351.300784
1351.319623
1351.324614
1351.347535
1351.391168
1351.420331
1351.426365
1351.435792
1351.472796
1351.489715
1351.514505
1351.528371
1351.533878
1351.538043
1351.540287
1351.557297
1351.586516
1351.609386
1351.613858
1351.625712
1351.636168
1351.639757
1351.649068
1351.667534
1351.721588
1351.743869
1351.794941
1351.802298
1351.849561
1351.854141
1351.930284
1351.935089
1351.953882
1351.958026
1351.967733
1351.968791
1352.010097
1352.063776
1352.138716
1352.155905
1352.15825
1352.169472
1352.189642
1352.310163
1352.314012
1352.326612
1352.342145
1352.365638
1352.435665
1352.458861
1352.471611
1352.494907
1352.512467
1352.571298
1352.579023
1352.588286
1352.603546
1352.618349
1352.663118
1352.663708
1352.719298
1352.724267
1352.725627
1352.755279
1352.826337
1352.858633
1352.933539
1352.976078
1353.009708
1353.023019
1353.056053
1353.089459
1353.100408
1353.125834
1353.149883
1353.199091
1353.207105
1353.224597
1353.229942
1353.244142
1353.249204
1353.277403
1353.313591
1353.350932
1353.355399
1353.374998
1353.395005
1353.474868
1353.476452
1353.487479
1353.493967
1353.522822
1353.570507
1353.59892
1353.613964
1353.654075
1353.670711
1353.696579
1353.739694
1353.746779
1353.754984
1353.762455
1353.778862
1353.825148
1353.835936
1353.84466
1353.863346
1353.867846
1353.897735
1353.907201
1353.91354
1353.929044
1353.935068
1353.961598
1353.975511
1353.980318
1353.993718
1354.049727
1354.075597
1354.078554
1354.085913
1354.116927
1354.146545
1354.181994
1354.216718
1354.219241
1354.252343
1354.288643
1354.298787
1354.329709
1354.331881
1354.421866
1354.441876
1354.450744
1354.485398
1354.503582
1354.507871
1354.50865
1354.534285
1354.542464
1354.545413
1354.555159
1354.565231
1354.586227
1354.595914
1354.602328
1354.608342
1354.641052
1354.658597
1354.683512
1354.687905
1354.690757
1354.711225
1354.74969
1354.751319
1354.776264
1354.798511
1354.81331
1354.817637
1354.841355
1354.853684
1354.858839
1354.87132
1354.889089
1354.979714
1355.011141
1355.0287
1355.049631
1355.06589
1355.108146
1355.109998
1355.124622
1355.126493
1355.135132
1355.163645
1355.178441
1355.203111
1355.206608
1355.213949
1355.226098
1355.236105
1355.291162
1355.323636
1355.448849
1355.473224
1355.52365
1355.542357
1355.54731
1355.561225
1355.561377
1355.576135
1355.583097
1355.587172
1355.616358
1355.638991
1355.65302
1355.727216
1355.757246
1355.757702
1355.776154
1355.784424
1355.826145
1355.901796
1355.905733
1355.941978
1355.948701
1355.970543
1355.98085
1355.98158
1355.998539
1356.000492
1356.062611
1356.074725
1356.074979
1356.082758
1356.087844
1356.099934
1356.100391
1356.115009
1356.117351
1356.118179
1356.1397
1356.181196
1356.187188
1356.238965
1356.247428
1356.310062
1356.325361
1356.337608
1356.407248
1356.457585
1356.480468
1356.494404
1356.507499
1356.521604
1356.528922
1356.595391
1356.602357
1356.622205
1356.631369
1356.645938
1356.652661
1356.67762
1356.736434
1356.830029
1356.836431
1356.856404
1356.858255
1356.89429
1356.954167
1356.958494
1356.99402
1357.004497
1357.085122
1357.122879
1357.138278
1357.233906
1357.240384
1357.257872
1357.259677
1357.330122
1357.33257
1357.35257
1357.356957
1357.364161
1357.368816
1357.445228
1357.451465
1357.459812
1357.480292
1357.554405
1357.569145
1357.58435
1357.644229
1357.650892
1357.675092
1357.676889
1357.72241
1357.734456
1357.735649
1357.765182
1357.790575
1357.838884
1357.851197
1357.851956
1357.858434
1357.873885
1357.873988
1357.883515
1357.895999
1357.900356
1357.913603
1357.991634
1357.998337
1358.008148
1358.016303
1358.017479
1358.058921
1358.062061
1358.075025
1358.109822
1358.111127
1358.114546
1358.11805
1358.129575
1358.166301
1358.194048
1358.242466
1358.301374
1358.311791
1358.355876
1358.387674
1358.400666
1358.450984
1358.459794
1358.479253
1358.481633
1358.526548
1358.588499
1358.592805
1358.620929
1358.662755
1358.668922
1358.722584
1358.726215
1358.748492
1358.749166
1358.755285
1358.75639
1358.763106
1358.764891
1358.783038
1358.845495
1358.851234
1358.882193
1358.961089
1358.961715
1358.964965
1359.006237
1359.023693
1359.024318
1359.025752
1359.03187
1359.066432
1359.078128
1359.086775
1359.093248
1359.110746
1359.132403
1359.132494
1359.139682
1359.146057
1359.177819
1359.181944
1359.182041
1359.29368
1359.298937
1359.336377
1359.37067
1359.381851
1359.395831
1359.415541
1359.42564
1359.457813
1359.465097
1359.48676
1359.5184
1359.605469
1359.661344
1359.778524
1359.787599
1359.799786
1359.800816
1359.814425
1359.822487
1359.841347
1359.892745
1359.931007
1359.994263
1360.001413
1360.044885
1360.048895
1360.096956
1360.101552
1360.104127
1360.105707
1360.120323
1360.151555
1360.159973
1360.198402
1360.218501
1360.261865
1360.281899
1360.289764
1360.293533
1360.306731
1360.309427
1360.349359
1360.352619
1360.38657
1360.387627
1360.393481
1360.398602
1360.403486
1360.411209
1360.477275
1360.483639
1360.538933
1360.540138
1360.554496
1360.571738
1360.635973
1360.636183
1360.643883
1360.763787
1360.834329
1360.836387
1360.888367
1360.891417
1360.928435
1360.940353
1360.944537
1360.961984
1361.015514
1361.034524
1361.077367
1361.092807
1361.109006
1361.112669
1361.173405
1361.212739
1361.248274
1361.288148
1361.330351
1361.347336
1361.348048
1361.401938
1361.404165
1361.430835
1361.48535
1361.499971
1361.517704
1361.529747
1361.575715
1361.654842
1361.661707
1361.716506
1361.734676
1361.747243
1361.757567
1361.782898
1361.783916
1361.7989
1361.800071
1361.824904
1361.883124
1361.912463
1361.919983
1361.926577
1361.933509
1361.948161
1361.988151
1362.104454
1362.148435
1362.150808
1362.191972
1362.237632
1362.264514
1362.266611
1362.282508
1362.358765
1362.408575
1362.422436
1362.471551
1362.485462
1362.486087
1362.522981
1362.572228
1362.576075
1362.591697
1362.604718
1362.687048
1362.692053
1362.695256
1362.734299
1362.771708
1362.867998
1362.871873
1362.896953
1362.917632
1362.924369
1362.934758
1362.967768
1362.973239
1363.010868
1363.01473
1363.027614
1363.08391
1363.090786
1363.116313
1363.154248
1363.155223
1363.204123
1363.208127
1363.221872
1363.226582
1363.254362
1363.284298
1363.33676
1363.347716
1363.392066
1363.399646
1363.402084
1363.420209
1363.443831
1363.445181
1363.475465
1363.482124
1363.494888
1363.49586
1363.51139
1363.53857
1363.648275
1363.664923
1363.711957
1363.727189
1363.727529
1363.749266
1363.763109
1363.772944
1363.83184
1363.849125
1363.88208
1363.887731
1363.893629
1363.900186
1363.903486
1363.919074
1363.926397
1363.935804
1363.974152
1363.980424
1364.00405
1364.039566
1364.060954
1364.082639
1364.139058
1364.144514
1364.169368
1364.194974
1364.226828
1364.268209
1364.284553
1364.285765
1364.294795
1364.312058
1364.501143
1364.56008
1364.566362
1364.580874
1364.616412
1364.623017
1364.708732
1364.712038
1364.741875
1364.785508
1364.812778
1364.860273
1364.884266
1364.886096
1364.89205
1364.912501
1364.930641
1364.945857
1364.955658
1364.964657
1364.97039
1364.971923
1365.003298
1365.042021
1365.05635
1365.056843
1365.061215
1365.086761
1365.127099
1365.170065
1365.187657
1365.198271
1365.219195
1365.254281
1365.278821
1365.300048
1365.316927
1365.376953
1365.396237
1365.413795
1365.418635
1365.437102
1365.461442
1365.546399
1365.549274
1365.563676
1365.571652
1365.674867
1365.680262
1365.689249
1365.689841
1365.729455
1365.76123
1365.777983
1365.77905
1365.791201
1365.814901
1365.824987
1365.863274
1365.877286
1365.887509
1365.892049
1365.924984
1365.97692
1366.054052
1366.068183
1366.073195
1366.096398
1366.102515
1366.108316
1366.141506
1366.192459
1366.223892
1366.243294
1366.274767
1366.282057
1366.290907
1366.294662
1366.314113
1366.334929
1366.373606
1366.415337
1366.428891
1366.471014
1366.479811
1366.488308
1366.53338
1366.55849
1366.613052
1366.647896
1366.689585
1366.711418
1366.713107
1366.721824
1366.783792
1366.78608
1366.795018
1366.829449
1366.836254
1366.844738
1366.868096
1366.870668
1366.913984
1366.942243
1366.944005
1366.958506
1366.967412
1366.986575
1366.995321
1366.998139
1367.002528
1367.010493
1367.031502
1367.044537
1367.045402
1367.060234
1367.062765
1367.069696
1367.074526
1367.17148
1367.194138
1367.217277
1367.221046
1367.223512
1367.23115
1367.253182
1367.282749
1367.292979
1367.36117
1367.376269
1367.38598
1367.423094
1367.423564
1367.50734
1367.508416
1367.534729
1367.543708
1367.545535
1367.546478
1367.561303
1367.567818
1367.580016
1367.583773
1367.586336
1367.637417
1367.653877
1367.656099
1367.686448
1367.72637
1367.794757
1367.880053
1367.91074
1367.953082
1367.969032
1367.971108
1368.00043
1368.024199
1368.033535
1368.05139
1368.061926
1368.062187
1368.068176
1368.112262
1368.128682
1368.156347
1368.164562
1368.175284
1368.2053
1368.27321
1368.297239
1368.41771
1368.420669
1368.448367
1368.464014
1368.518338
1368.522044
1368.559002
1368.559214
1368.56194
1368.571474
1368.586632
1368.654662
1368.714622
1368.756616
1368.758354
1368.769032
1368.772612
1368.784676
1368.79134
1368.824944
1368.885284
1368.923258
1368.926018
1368.951404
1368.970509
1368.980584
1368.990109
1368.998511
1369.012808
1369.02166
1369.02789
1369.036259
1369.098115
1369.111428
1369.12608
1369.146056
1369.157214
1369.16568
1369.199396
1369.207586
1369.279733
1369.304896
1369.310157
1369.324508
1369.325912
1369.344313
1369.378104
1369.396897
1369.401226
1369.404489
1369.412712
1369.440427
1369.441141
1369.447075
1369.477791
1369.482934
1369.48348
1369.507281
1369.512777
1369.517761
1369.520171
1369.57824
1369.587949
1369.663554
1369.696364
1369.72377
1369.726971
1369.776723
1369.810053
1369.839757
1369.857834
1369.875451
1369.902237
1369.906824
1369.916028
1369.923629
1369.987656
1370.036319
1370.084724
1370.120258
1370.124042
1370.136013
1370.13621
1370.142385
1370.162222
1370.197743
1370.245539
1370.286506
1370.296628
1370.298176
1370.304372
1370.312385
1370.318521
1370.334064
1370.344753
1370.39745
1370.427315
1370.450312
1370.452528
1370.488179
1370.515316
1370.522426
1370.621998
1370.627229
1370.63051
1370.656255
1370.731085
1370.73681
1370.742455
1370.748784
1370.793665
1370.810379
1370.812591
1370.82378
1370.828496
1370.884696
1370.885386
1370.901093
1370.927848
1370.966096
1370.971326
1370.995151
1371.028614
1371.050036
1371.056542
1371.073452
1371.085475
1371.097025
1371.151346
1371.190523
1371.19141
1371.24948
1371.356207
1371.361015
1371.380161
1371.409943
1371.422447
1371.47122
1371.474898
1371.550084
1371.617909
1371.666958
1371.673221
1371.673731
1371.690127
1371.726248
1371.767678
1371.791076
1371.79254
1371.816583
1371.896116
1371.911465
1371.920192
1371.932201
1371.966264
1371.97928
1371.981274
1372.056158
1372.098527
1372.129689
1372.151656
1372.168019
1372.190626
1372.226256
1372.267964
1372.319402
1372.367521
1372.371599
1372.388394
1372.415859
1372.480597
1372.48543
1372.487562
1372.519263
1372.532641
1372.580432
1372.590871
1372.598076
1372.656141
1372.660587
1372.68817
1372.714443
1372.735329
1372.772932
1372.777719
1372.804771
1372.821009
1372.833066
1372.842084
1372.89588
1372.948163
1372.950617
1372.968296
1372.988908
1372.994218
1373.000056
1373.019527
1373.032614
1373.081314
1373.097952
1373.122009
1373.128319
1373.129196
1373.146625
1373.165625
1373.174569
1373.202194
1373.224739
1373.227106
1373.233528
1373.256676
1373.274214
1373.28188
1373.341321
1373.35352
1373.360029
1373.371562
1373.416987
1373.453881
1373.466185
1373.481174
1373.489939
1373.500002
1373.547498
1373.610147
1373.718521
1373.719393
1373.728529
1373.72853
1373.77879
1373.779101
1373.805904
1373.820584
1373.869317
1373.909723
1373.917199
1373.931238
1373.941029
1373.953114
1373.990555
1374.001006
1374.006269
1374.039613
1374.070902
1374.110312
1374.163274
1374.187721
1374.199973
1374.213514
1374.215514
1374.288084
1374.32166
1374.326397
1374.343496
1374.365381
1374.369536
1374.400176
1374.424456
1374.431888
1374.44491
1374.467247
1374.489971
1374.499647
1374.542676
1374.549579
1374.551031
1374.604027
1374.605572
1374.619905
1374.658708
1374.668638
1374.691477
1374.706334
1374.716728
1374.725408
1374.733603
1374.779198
1374.784139
1374.795661
1374.799536
1374.881545
1374.906143
1374.906917
1374.92436
1374.925203
1374.998836
1375.013371
1375.050621
1375.060465
1375.070599
1375.105342
1375.114072
1375.131433
1375.176431
1375.241019
1375.242968
1375.247297
1375.25387
1375.282919
1375.298206
1375.306092
1375.338594
1375.355623
1375.376437
1375.39327
1375.398427
1375.449901
1375.50362
1375.540837
1375.54696
1375.555448
1375.559828
1375.582049
1375.591291
1375.625382
1375.655429
1375.657621
1375.661638
1375.679392
1375.700509
1375.718539
1375.762523
1375.806497
1375.822152
1375.828761
1375.842131
1375.846018
1375.860671
1375.862205
1375.86373
1375.893973
1375.904268
1375.906869
1375.911394
1375.914678
1375.920681
1375.973379
1375.986961
1376.001487
1376.011075
1376.066264
1376.104449
1376.118799
1376.169699
1376.248745
1376.264492
1376.269805
1376.280007
1376.345895
1376.34687
1376.373583
1376.383784
1376.469926
1376.513208
1376.52127
1376.542874
1376.550324
1376.571346
1376.580603
1376.608593
1376.647754
1376.661131
1376.671981
1376.714325
1376.716098
1376.720849
1376.736167
1376.757234
1376.784571
1376.805314
1376.90301
1376.921998
1376.951033
1376.962003
1377.013149
1377.049112
1377.06703
1377.088251
1377.092758
1377.12188
1377.143397
1377.151363
1377.153213
1377.168717
1377.172542
1377.208003
1377.220134
1377.238682
1377.247797
1377.253673
1377.267183
1377.282774
1377.286723
1377.344474
1377.348868
1377.35756
1377.370282
1377.373596
1377.380611
1377.394621
1377.408311
1377.477075
1377.503813
1377.559256
1377.579393
1377.591778
1377.592562
1377.632029
1377.665365
1377.67283
1377.694447
1377.710117
1377.721698
1377.788639
1377.837858
1377.857822
1377.868721
1377.880848
1377.89625
1377.907424
1377.931051
1377.933439
1377.952315
1377.976011
1378.00101
1378.006534
1378.011609
1378.011996
1378.058166
1378.108728
1378.141888
1378.148599
1378.159739
1378.182531
1378.20263
1378.204623
1378.223944
1378.233639
1378.254121
1378.263196
1378.289453
1378.319958
1378.321857
1378.339887
1378.345339
1378.356868
1378.381613
1378.454499
1378.456638
1378.456941
1378.498124
1378.515059
1378.542068
1378.561784
1378.563482
1378.586963
1378.608628
1378.624653
1378.657254
1378.658653
1378.6713
1378.680953
1378.707779
1378.718746
1378.744163
1378.762274
1378.785971
1378.832543
1378.856373
1378.859125
1378.864612
1378.869442
1378.874903
1378.91388
1378.926814
1378.966636
1379.030662
1379.098264
1379.106557
1379.153751
1379.180286
1379.201681
1379.218293
1379.228032
1379.239048
1379.249699
1379.293919
1379.319484
1379.358567
1379.392551
1379.400719
1379.422857
1379.434217
1379.539802
1379.586819
1379.605006
1379.620771
1379.634111
1379.681672
1379.702078
1379.745404
1379.755778
1379.775139
1379.822473
1379.836166
1379.849856
1379.856187
1379.867827
1379.874788
1379.893877
1379.922626
1379.974221
1379.975938
1379.975961
1379.978962
1379.980422
1379.994322
1379.996161
1380.049126
1380.106821
1380.119251
1380.157877
1380.160365
1380.20397
1380.209823
1380.23297
1380.250117
1380.258751
1380.270414
1380.27428
1380.274801
1380.287409
1380.294043
1380.309735
1380.320095
1380.338589
1380.371453
1380.389312
1380.393222
1380.405476
1380.407321
1380.414093
1380.422772
1380.51174
1380.516027
1380.531637
1380.546992
1380.554969
1380.558534
1380.60168
1380.709174
1380.738447
1380.766698
1380.852799
1380.872286
1380.883644
1380.922882
1380.99567
1381.020222
1381.023432
1381.112825
1381.115597
1381.130817
1381.132775
1381.143097
1381.173435
1381.202758
1381.228532
1381.236059
1381.252358
1381.268823
1381.301759
1381.304998
1381.310038
1381.336822
1381.349324
1381.377886
1381.382828
1381.387865
1381.390776
1381.398921
1381.480939
1381.499837
1381.524315
1381.524951
1381.525653
1381.548456
1381.601205
1381.607972
1381.618589
1381.681005
1381.694599
1381.74008
1381.777277
1381.832262
1381.849606
1381.889657
1381.893723
1381.898247
1381.924958
1381.93099
1381.93203
1381.991047
1381.998319
1381.999596
1382.020316
1382.052838
1382.064428
1382.153825
1382.155785
1382.18436
1382.205705
1382.214178
1382.257627
1382.275635
1382.284504
1382.298147
1382.30349
1382.311003
1382.446047
1382.458157
1382.458583
1382.477189
1382.477457
1382.483614
1382.514019
1382.519838
1382.526706
1382.593853
1382.637463
1382.648449
1382.648845
1382.65616
1382.670422
1382.673531
1382.71759
1382.759206
1382.764751
1382.773838
1382.882112
1382.930167
1382.938183
1382.954048
1382.981784
1382.982993
1383.025632
1383.065205
1383.129641
1383.152994
1383.251081
1383.260766
1383.261393
1383.301283
1383.336138
1383.338359
1383.382182
1383.412673
1383.419405
1383.427866
1383.442837
1383.446695
1383.525862
1383.539275
1383.600557
1383.605822
1383.613693
1383.66177
1383.676474
1383.676722
1383.698706
1383.702057
1383.706709
1383.723857
1383.730685
1383.7361
1383.750242
1383.772321
1383.825886
1383.831907
1383.851622
1383.852855
1383.986103
1384.002301
1384.02616
1384.035937
1384.053622
1384.124961
1384.142405
1384.147284
1384.168569
1384.177428
1384.179513
1384.183435
1384.198627
1384.204511
1384.231249
1384.252115
1384.25783
1384.268236
1384.302301
1384.333253
1384.341539
1384.358766
1384.386344
1384.449758
1384.458301
1384.458862
1384.504083
1384.504908
1384.512902
1384.533468
1384.56036
1384.561902
1384.585507
1384.607322
1384.608306
1384.609839
1384.611633
1384.632887
1384.6477
1384.671006
1384.696005
1384.712035
1384.744311
1384.787853
1384.802577
1384.824932
1384.832308
1384.835608
1384.84634
1384.855404
1384.976702
1384.982229
1385.055454
1385.063522
1385.098694
1385.141395
1385.1691
1385.196388
1385.206253
1385.212005
1385.26165
1385.27186
1385.273925
1385.282495
1385.291039
1385.291302
1385.326529
1385.329373
1385.355471
1385.382406
1385.424551
1385.441282
1385.457752
1385.531265
1385.555293
1385.561648
1385.608243
1385.609133
1385.640157
1385.643466
1385.663154
1385.668291
1385.683771
1385.692431
1385.70294
1385.728906
1385.738161
1385.75761
1385.785108
1385.83866
1385.855728
1385.870455
1385.939978
1385.95369
1386.049714
1386.055283
1386.070101
1386.103957
1386.111864
1386.136724
1386.192795
1386.194778
1386.222777
1386.228116
1386.236915
1386.260203
1386.267897
1386.287978
1386.288613
1386.289919
1386.304873
1386.373228
1386.385886
1386.394854
1386.404794
1386.427132
1386.431868
1386.432208
1386.571387
1386.576011
1386.584416
1386.615674
1386.660514
1386.666709
1386.695374
1386.703887
1386.70881
1386.712204
1386.724648
1386.738201
1386.777783
1386.792192
1386.8035
1386.839229
1386.844191
1386.859453
1386.864636
1386.872881
1386.883195
1386.952673
1386.954203
1386.965094
1387.006076
1387.03713
1387.052108
1387.058109
1387.064199
1387.131755
1387.13682
1387.137461
1387.143735
1387.154152
1387.204789
1387.248167
1387.315081
1387.3295
1387.374223
1387.383941
1387.413493
1387.454171
1387.464231
1387.504859
1387.579113
1387.589584
1387.616768
1387.663199
1387.693505
1387.693998
1387.7122
1387.733908
1387.739956
1387.742279
1387.782337
1387.789915
1387.789979
1387.80099
1387.844159
1387.85151
1387.858153
1387.861192
1387.871569
1387.872338
1387.878922
1387.881987
1387.905179
1387.919034
1387.929144
1387.933595
1387.939611
1388.006805
1388.010537
1388.034799
1388.037108
1388.037355
1388.043767
1388.059265
1388.089461
1388.096856
1388.10455
1388.139388
1388.139638
1388.161305
1388.161558
1388.16216
1388.219325
1388.246724
1388.24693
1388.247403
1388.249814
1388.265531
1388.284812
1388.292487
1388.299899
1388.329574
1388.359005
1388.363177
1388.386562
1388.391493
1388.416398
1388.432375
1388.454131
1388.47536
1388.506484
1388.515086
1388.552743
1388.558451
1388.589225
1388.594759
1388.600501
1388.629558
1388.645193
1388.697424
1388.736027
1388.757416
1388.760888
1388.760997
1388.762406
1388.774891
1388.803584
1388.826668
1388.855583
1388.871666
1388.88562
1388.889241
1388.933705
1388.934677
1388.941206
1388.944104
1388.946069
1389.0237
1389.04195
1389.066374
1389.083257
1389.113576
1389.255702
1389.280708
1389.360828
1389.408128
1389.41878
1389.429693
1389.500449
1389.504878
1389.511477
1389.539839
1389.567061
1389.616883
1389.623456
1389.624248
1389.712699
1389.713975
1389.719108
1389.738635
1389.754324
1389.758413
1389.799406
1389.802724
1389.832784
1389.840312
1389.850319
1389.918963
1389.961727
1389.999321
1390.109266
1390.160609
1390.196076
1390.301477
1390.305412
1390.30723
1390.319881
1390.33477
1390.369988
1390.376452
1390.383383
1390.432105
1390.45436
1390.469451
1390.474578
1390.489921
1390.566503
1390.569405
1390.585927
1390.590342
1390.618404
1390.6225
1390.659632
1390.685661
1390.713582
1390.728529
1390.729807
1390.736553
1390.738223
1390.812429
1390.824436
1390.868617
1390.929014
1390.936719
1390.966594
1390.987559
1391.008504
1391.018897
1391.051203
1391.078584
1391.086068
1391.094629
1391.11857
1391.148278
1391.151888
1391.204468
1391.21967
1391.260321
1391.277164
1391.285946
1391.33024
1391.347777
1391.359109
1391.389664
1391.402363
1391.423689
1391.465679
1391.475215
1391.495918
1391.502043
1391.621506
1391.636249
1391.65688
1391.659916
1391.660431
1391.676728
1391.686806
1391.741856
1391.75106
1391.76314
1391.778667
1391.812769
1391.815389
1391.925593
1391.94268
1391.951709
1391.966514
1391.967341
1391.97274
1391.991784
1392.008563
1392.04959
1392.091636
1392.09674
1392.126276
1392.154276
1392.17724
1392.21816
1392.219456
1392.265749
1392.341887
1392.387845
1392.389313
1392.396225
1392.431363
1392.446808
1392.453141
1392.456307
1392.492858
1392.521608
1392.521916
1392.529061
1392.531007
1392.532905
1392.549387
1392.559051
1392.581231
1392.590482
1392.596689
1392.614009
1392.615597
1392.643487
1392.7005
1392.752893
1392.760554
1392.772135
1392.783367
1392.789856
1392.838301
1392.913295
1392.913859
1392.918133
1392.971469
1392.974991
1392.980603
1393.012304
1393.015977
1393.019239
1393.024758
1393.038007
1393.045049
1393.107544
1393.109624
1393.116764
1393.149427
1393.158711
1393.185001
1393.211572
1393.216877
1393.237158
1393.324056
1393.33604
1393.336408
1393.337495
1393.395395
1393.40592
1393.436241
1393.439858
1393.446058
1393.564345
1393.611035
1393.643817
1393.662984
1393.721863
1393.732681
1393.733239
1393.738579
1393.765294
1393.812437
1393.83457
1393.872491
1393.88904
1393.985938
1393.992603
1394.135931
1394.144977
1394.165717
1394.239948
1394.263516
1394.287689
1394.293961
1394.304105
1394.309255
1394.332471
1394.360416
1394.369701
1394.392795
1394.407561
1394.424966
1394.456812
1394.457882
1394.46022
1394.548087
1394.622028
1394.639428
1394.692006
1394.717438
1394.75245
1394.780837
1394.793999
1394.794146
1394.796669
1394.797936
1394.809066
1394.813368
1394.821421
1394.84234
1394.859607
1394.903178
1394.927128
1394.931459
1394.942467
1394.945763
1394.95972
1394.981105
1395.046304
1395.091279
1395.115837
1395.117496
1395.119914
1395.133304
1395.166628
1395.172907
1395.17616
1395.178205
1395.216855
1395.221472
1395.26469
1395.287704
1395.316939
1395.327549
1395.342864
1395.346363
1395.346391
1395.346508
1395.347888
1395.381136
1395.38404
1395.399871
1395.408237
1395.412309
1395.4154
1395.428937
1395.432615
1395.433133
1395.488697
1395.534083
1395.543939
1395.56254
1395.635058
1395.639261
1395.643506
1395.652765
1395.661886
1395.672262
1395.70587
1395.725836
1395.727556
1395.737513
1395.740182
1395.744618
1395.77649
1395.777914
1395.795536
1395.799961
1395.839618
1395.848568
1395.910236
1395.927486
1396.007847
1396.019324
1396.06151
1396.071864
1396.198718
1396.205561
1396.213226
1396.223349
1396.313821
1396.315384
1396.320328
1396.34184
1396.34193
1396.354946
1396.358386
1396.371381
1396.371801
1396.383885
1396.487089
1396.49633
1396.516594
1396.565036
1396.565259
1396.578776
1396.599374
1396.643681
1396.645881
1396.671181
1396.725625
1396.754269
1396.757686
1396.770075
1396.789568
1396.824081
1396.839467
1396.87379
1396.882592
1396.899458
1396.948199
1396.951363
1397.000305
1397.018121
1397.057927
1397.084714
1397.098318
1397.112819
1397.124107
1397.163321
1397.209609
1397.222307
1397.233393
1397.233547
1397.253766
1397.255156
1397.257025
1397.295096
1397.370393
1397.380279
1397.466747
1397.477307
1397.480278
1397.498679
1397.529384
1397.567693
1397.655561
1397.689911
1397.715368
1397.7903
1397.798606
1397.864122
1397.959624
1397.977844
1397.982863
1397.993177
1398.025125
1398.097316
1398.110174
1398.127477
1398.184245
1398.209459
1398.221289
1398.223461
1398.233596
1398.258347
1398.272105
1398.295699
1398.297586
1398.301167
1398.30958
1398.322151
1398.327233
1398.328656
1398.334427
1398.439873
1398.446762
1398.455184
1398.455809
1398.559077
1398.569642
1398.572151
1398.597715
1398.613966
1398.639515
1398.688079
1398.692636
1398.712182
1398.713187
1398.718396
1398.722443
1398.760384
1398.793514
1398.805848
1398.809596
1398.810068
1398.836987
1398.846153
1398.847031
1398.868881
1398.881597
1398.89262
1398.910267
1398.923718
1398.962541
1398.966577
1398.967177
1398.991752
1399.073234
1399.076657
1399.121534
1399.141075
1399.181901
1399.20141
1399.35088
1399.386649
1399.491266
1399.498493
1399.500259
1399.531139
1399.581221
1399.610999
1399.620436
1399.630081
1399.653501
1399.662252
1399.665467
1399.672931
1399.692659
1399.710875
1399.728293
1399.743323
1399.758787
1399.787684
1399.805327
1399.806915
1399.825287
1399.839114
1399.852647
1399.854397
1399.869714
1399.896478
1399.93185
1399.939069
1399.958644
1399.978622
1399.982766
1400.000223
1400.008907
1400.016867
1400.057439
1400.068711
1400.088147
1400.091142
1400.150363
1400.204176
1400.207968
1400.28086
1400.284959
1400.316279
1400.31875
1400.332102
1400.335809
1400.378215
1400.395965
1400.432764
1400.444611
1400.45982
1400.464388
1400.491541
1400.498515
1400.522198
1400.527179
1400.564845
1400.602123
1400.611132
1400.616091
1400.624786
1400.658197
1400.708766
1400.736226
1400.799825
1400.800259
1400.825528
1400.869003
1400.931632
1400.937653
1400.947566
1400.9999
1401.004352
1401.03078
1401.036031
1401.041047
1401.075469
1401.108778
1401.158796
1401.194868
1401.203122
1401.2305
1401.297375
1401.338238
1401.347381
1401.392998
1401.420743
1401.426844
1401.431475
1401.437049
1401.447339
1401.451654
1401.49033
1401.50756
1401.551956
1401.580453
1401.600854
1401.602739
1401.60621
1401.612916
1401.629225
1401.670196
1401.721897
1401.739929
1401.765102
1401.783467
1401.784736
1401.812381
1401.818002
1401.827604
1401.855428
1401.862331
1401.873485
1401.891251
1401.89828
1401.930301
1401.981974
1402.042074
1402.137607
1402.155765
1402.205486
1402.251767
1402.325678
1402.428951
1402.455102
1402.49458
1402.500678
1402.509527
1402.514933
1402.518535
1402.522389
1402.543463
1402.550489
1402.568983
1402.585844
1402.607643
1402.60787
1402.655829
1402.668681
1402.692155
1402.723022
1402.728839
1402.749812
1402.782038
1402.832354
1402.848603
1402.850581
1402.947744
1402.999595
1403.00655
1403.040742
1403.056184
1403.092489
1403.105285
1403.123796
1403.189297
1403.224492
1403.319387
1403.319664
1403.395298
1403.431265
1403.473991
1403.481504
1403.496852
1403.518068
1403.521672
1403.53678
1403.557714
1403.569469
1403.570683
1403.573881
1403.605363
1403.629959
1403.660365
1403.666395
1403.714346
1403.722832
1403.739987
1403.776857
1403.780455
1403.786915
1403.787259
1403.792043
1403.944626
1403.966134
1403.967021
1403.980142
1403.982488
1403.999552
1404.02494
1404.043891
1404.102284
1404.12219
1404.127818
1404.135428
1404.138232
1404.145153
1404.16337
1404.189047
1404.221547
1404.230469
1404.27861
1404.286489
1404.304346
1404.371426
1404.47756
1404.48872
1404.587742
1404.590214
1404.627329
1404.629862
1404.645958
1404.698968
1404.747691
1404.792024
1404.802351
1404.802713
1404.834996
1404.842451
1404.848844
1404.893189
1404.895465
1405.020553
1405.051578
1405.056729
1405.088859
1405.103758
1405.13206
1405.208675
1405.216295
1405.228845
1405.236582
1405.262517
1405.28329
1405.297057
1405.391641
1405.393521
1405.40475
1405.418303
1405.474424
1405.490935
1405.504062
1405.50845
1405.561135
1405.583513
1405.617879
1405.663077
1405.676995
1405.705545
1405.712525
1405.775037
1405.78115
1405.856216
1405.899338
1405.910187
1405.928146
1405.95914
1405.97882
1405.99177
1406.043927
1406.045976
1406.068769
1406.099787
1406.103341
1406.106903
1406.129603
1406.158172
1406.178484
1406.205172
1406.222844
1406.26193
1406.277164
1406.303093
1406.311958
1406.316489
1406.388193
1406.411189
1406.414644
1406.43134
1406.438265
1406.471667
1406.474496
1406.499359
1406.516486
1406.547324
1406.583353
1406.631568
1406.670795
1406.699207
1406.701827
1406.704824
1406.714814
1406.748584
1406.749758
1406.76191
1406.762977
1406.763062
1406.779903
1406.823638
1406.827235
1406.842795
1406.854815
1406.909582
1406.976573
1407.012134
1407.040783
1407.056646
1407.068036
1407.079281
1407.102137
1407.130705
1407.139766
1407.150386
1407.156273
1407.220129
1407.246287
1407.260358
1407.264239
1407.27377
1407.287017
1407.373753
1407.410816
1407.41738
1407.42868
1407.51358
1407.519947
1407.535366
1407.541809
1407.571515
1407.5754
1407.603838
1407.611063
1407.62437
1407.641353
1407.644027
1407.682289
1407.683895
1407.703748
1407.723314
1407.768427
1407.779201
1407.84825
1407.880135
1407.882159
1407.887802
1407.927729
1407.956944
1407.962879
1407.97136
1407.999683
1408.033687
1408.142037
1408.188929
1408.211533
1408.241473
1408.266802
1408.271457
1408.308602
1408.347721
1408.357144
1408.367427
1408.38715
1408.418972
1408.425506
1408.456211
1408.469587
1408.480712
1408.536144
1408.553589
1408.565795
1408.604267
1408.64981
1408.664301
1408.675865
1408.685652
1408.694697
1408.744899
1408.750393
1408.798901
1408.814244
1408.814627
1408.836472
1408.866006
1408.868626
1408.882186
1408.938723
1408.946137
1408.986765
1408.992751
1409.000125
1409.048202
1409.050981
1409.057533
1409.09418
1409.11976
1409.15974
1409.206167
1409.227903
1409.234289
1409.246721
1409.346995
1409.477341
1409.488003
1409.511797
1409.539928
1409.546816
1409.553694
1409.555484
1409.593154
1409.599001
1409.654803
1409.715588
1409.723497
1409.733584
1409.795476
1409.816925
1409.81777
1409.830457
1409.850029
1409.925126
1409.959168
1409.98199
1409.996972
1410.005733
1410.049707
1410.078502
1410.086905
1410.206555
1410.24711
1410.250534
1410.280964
1410.297696
1410.316146
1410.317845
1410.357328
1410.397947
1410.444694
1410.508534
1410.509367
1410.515355
1410.525021
1410.590566
1410.590964
1410.618011
1410.619641
1410.621477
1410.694725
1410.746678
1410.751576
1410.772307
1410.775688
1410.781002
1410.814026
1410.827112
1410.876029
1410.895563
1410.917346
1410.939506
1410.945386
1410.970504
1410.99728
1411.060019
1411.086798
1411.095669
1411.097475
1411.110697
1411.165409
1411.234854
1411.283841
1411.288343
1411.348975
1411.386003
1411.446047
1411.599988
1411.616743
1411.621186
1411.627016
1411.639045
1411.657505
1411.658065
1411.664473
1411.736796
1411.799745
1411.862938
1411.889516
1411.989534
1412.002477
1412.023215
1412.034569
1412.081714
1412.094093
1412.148724
1412.192143
1412.204401
1412.212005
1412.235254
1412.239072
1412.261399
1412.368194
1412.381148
1412.397756
1412.441335
1412.442573
1412.518876
1412.52789
1412.584287
1412.588595
1412.619391
1412.658575
1412.670333
1412.670977
1412.673325
1412.774786
1412.77977
1412.78968
1412.869116
1412.9956
1413.064425
1413.074633
1413.107986
1413.121413
1413.129151
1413.157657
1413.18164
1413.195217
1413.1956
1413.200451
1413.282711
1413.303701
1413.335288
1413.371123
1413.404319
1413.438699
1413.541001
1413.54316
1413.639991
1413.65343
1413.681344
1413.692487
1413.694814
1413.729349
1413.796321
1413.838864
1413.840531
1413.860584
1413.920907
1413.934086
1413.985251
1414.067623
1414.101165
1414.143097
1414.201505
1414.213456
1414.224299
1414.283846
1414.325156
1414.360523
1414.406608
1414.424704
1414.42578
1414.43785
1414.449598
1414.509178
1414.54972
1414.573287
1414.604611
1414.626051
1414.661397
1414.696384
1414.756052
1414.796095
1414.829727
1414.859406
1414.865804
1414.86849
1414.893393
1414.911798
1414.931529
1414.94592
1414.94708
1414.979565
1415.015207
1415.020794
1415.05009
1415.064765
1415.143552
1415.161177
1415.193918
1415.213484
1415.223652
1415.267137
1415.276997
1415.28032
1415.280832
1415.383708
1415.462778
1415.474753
1415.480951
1415.508801
1415.539296
1415.555733
1415.57011
1415.606044
1415.619109
1415.630847
1415.665945
1415.695306
1415.714146
1415.737314
1415.777545
1415.790108
1415.814972
1415.94289
1415.9453
1415.948653
1415.979408
1415.999084
1416.009636
1416.018666
1416.019449
1416.030782
1416.038339
1416.04801
1416.051159
1416.052352
1416.059342
1416.106967
1416.118542
1416.140742
1416.153733
1416.194023
1416.198471
1416.200475
1416.20048
1416.218526
1416.272612
1416.342337
1416.360566
1416.420547
1416.450728
1416.489711
1416.515695
1416.528908
1416.594582
1416.598755
1416.599514
1416.599827
1416.604243
1416.647508
1416.670365
1416.681557
1416.686098
1416.694347
1416.698202
1416.715293
1416.854589
1416.894841
1416.925885
1416.927105
1416.954561
1416.967555
1417.006565
1417.03504
1417.065254
1417.089863
1417.100345
1417.119809
1417.181017
1417.183432
1417.202587
1417.205527
1417.234269
1417.237948
1417.264247
1417.281116
1417.287879
1417.330319
1417.34112
1417.365606
1417.392805
1417.427062
1417.433279
1417.463878
1417.469212
1417.505142
1417.571378
1417.605642
1417.621625
1417.64038
1417.645939
1417.669524
1417.696715
1417.78359
1417.90175
1417.9118
1418.011236
1418.027386
1418.087211
1418.185969
1418.190586
1418.204673
1418.206616
1418.223771
1418.276114
1418.281049
1418.281196
1418.301445
1418.336594
1418.372554
1418.404312
1418.410099
1418.437009
1418.457936
1418.52966
1418.555522
1418.56261
1418.606215
1418.707453
1418.729483
1418.743378
1418.874088
1418.883963
1418.897075
1418.945907
1419.061616
1419.07622
1419.086426
1419.215942
1419.224363
1419.277936
1419.321003
1419.387389
1419.437766
1419.456317
1419.466426
1419.510737
1419.516056
1419.521705
1419.561949
1419.566101
1419.638474
1419.658239
1419.678237
1419.70767
1419.762542
1419.769337
1419.784318
1419.804037
1419.809516
1419.835302
1419.842196
1419.871941
1419.950425
1420.012313
1420.042041
1420.056918
1420.065879
1420.068105
1420.069062
1420.096868
1420.111727
1420.112435
1420.143886
1420.15114
1420.177617
1420.191355
1420.210592
1420.243312
1420.291047
1420.441891
1420.478001
1420.556393
1420.560463
1420.5869
1420.705098
1420.739474
1420.79693
1420.806891
1420.925
1420.945671
1420.984698
1421.028897
1421.038399
1421.047435
1421.134772
1421.190105
1421.220644
1421.270702
1421.303351
1421.303647
1421.314584
1421.324899
1421.358472
1421.361911
1421.379029
1421.389912
1421.400332
1421.445498
1421.451838
1421.461402
1421.506032
1421.530816
1421.532841
1421.544049
1421.570515
1421.592279
1421.61277
1421.65446
1421.668111
1421.705619
1421.725919
1421.744006
1421.777275
1421.810187
1421.842599
1421.856877
1421.864821
1421.874278
1421.903059
1421.929314
1421.937906
1421.947147
1421.975423
1421.982941
1422.04918
1422.098722
1422.11921
1422.229656
1422.241358
1422.29013
1422.361953
1422.420052
1422.471849
1422.496871
1422.579664
1422.601629
1422.613562
1422.619052
1422.648219
1422.70721
1422.730838
1422.779899
1422.825331
1422.82721
1422.831605
1422.855495
1422.856401
1422.887429
1422.926293
1422.935692
1422.962482
1422.969803
1423.00207
1423.004979
1423.011801
1423.047528
1423.107488
1423.140126
1423.160974
1423.203059
1423.220466
1423.245086
1423.303183
1423.317715
1423.327021
1423.340395
1423.353452
1423.374321
1423.424992
1423.439329
1423.441024
1423.456546
1423.482512
1423.487519
1423.503555
1423.514221
1423.529403
1423.57787
1423.590407
1423.676434
1423.715477
1423.735403
1423.736416
1423.762926
1423.78231
1423.824354
1423.840569
1423.927895
1423.992894
1424.039109
1424.040527
1424.130375
1424.163597
1424.193917
1424.253633
1424.261894
1424.302894
1424.306229
1424.313912
1424.329718
1424.365067
1424.424035
1424.438067
1424.443375
1424.448728
1424.514281
1424.516577
1424.525774
1424.572145
1424.597706
1424.606445
1424.626705
1424.629483
1424.673723
1424.695555
1424.766779
1424.773862
1424.891263
1424.94983
1424.972845
1424.996285
1425.00367
1425.007373
1425.10573
1425.108301
1425.16624
1425.218763
1425.341469
1425.358615
1425.36825
1425.375253
1425.39042
1425.411922
1425.444824
1425.455362
1425.48025
1425.496922
1425.571889
1425.616949
1425.738278
1425.739941
1425.906214
1425.912008
1425.927532
1425.954466
1425.959439
1426.061902
1426.125446
1426.187286
1426.200975
1426.249245
1426.25069
1426.257017
1426.315382
1426.315746
1426.324301
1426.339216
1426.351776
1426.381086
1426.464978
1426.488517
1426.500915
1426.505841
1426.545028
1426.594697
1426.637262
1426.653571
1426.656989
1426.681369
1426.691595
1426.70571
1426.764186
1426.76632
1426.79544
1426.807958
1426.844713
1426.853702
1426.917382
1426.925076
1426.938709
1426.976724
1426.979739
1427.060289
1427.087468
1427.108314
1427.134593
1427.136172
1427.227971
1427.260436
1427.310704
1427.405371
1427.419757
1427.434414
1427.441598
1427.464664
1427.522065
1427.575265
1427.588194
1427.601258
1427.615626
1427.654421
1427.707725
1427.760853
1427.786565
1427.80521
1427.900044
1428.018773
1428.060751
1428.135151
1428.16877
1428.186199
1428.226076
1428.234093
1428.239331
1428.264036
1428.275976
1428.279914
1428.280077
1428.309645
1428.376735
1428.399014
1428.440825
1428.471043
1428.502363
1428.52175
1428.559846
1428.598506
1428.630253
1428.70838
1428.732605
1428.746087
1428.764375
1428.811048
1428.874911
1428.879418
1428.883441
1428.889323
1428.907944
1428.933751
1428.968891
1428.983046
1429.078235
1429.092561
1429.121112
1429.122393
1429.164972
1429.240851
1429.408189
1429.47553
1429.481035
1429.543904
1429.564157
1429.601987
1429.609144
1429.611902
1429.647084
1429.67336
1429.6911
1429.798356
1429.891436
1429.900805
1429.915007
1429.959365
1429.962431
1429.966239
1429.988989
1430.003096
1430.087004
1430.101407
1430.136891
1430.201289
1430.202716
1430.220952
1430.264882
1430.349746
1430.426248
1430.542076
1430.549064
1430.577229
1430.618238
1430.673604
1430.731242
1430.800833
1430.889146
1430.904816
1430.905484
1430.952512
1430.953342
1431.054306
1431.103051
1431.10311
1431.107434
1431.113756
1431.410199
1431.445708
1431.603329
1431.615772
1431.625099
1431.654616
1431.676388
1431.755429
1431.920508
1431.964991
1431.999212
1432.057176
1432.143693
1432.194177
1432.196869
1432.198734
1432.212795
1432.221043
1432.302401
1432.355735
1432.412613
1432.420903
1432.682062
1432.768618
1432.780611
1432.845408
1432.953966
1433.027305
1433.040372
1433.063835
1433.069626
1433.104452
1433.180356
1433.235318
1433.239591
1433.288597
1433.300095
1433.30615
1433.374493
1433.443847
1433.447558
1433.496612
1433.533641
1433.618509
1433.671682
1433.712408
1433.735262
1433.741685
1433.752415
1433.769283
1433.795486
1433.809588
1433.810729
1433.973365
1433.977031
1433.983844
1434.024011
1434.037252
1434.093657
1434.095864
1434.120277
1434.287735
1434.311252
1434.32793
1434.337591
1434.355328
1434.355678
1434.362948
1434.447557
1434.52336
1434.611417
1434.700439
1434.818655
1434.873238
1434.891781
1434.932579
1434.95306
1434.954854
1434.956465
1434.963603
1434.972363
1435.023607
1435.025556
1435.055699
1435.074438
1435.092269
1435.0969
1435.129789
1435.134493
1435.170975
1435.284495
1435.425511
1435.4376
1435.457629
1435.474496
1435.489596
1435.491707
1435.521037
1435.625733
1435.647348
1435.682854
1435.898538
1436.028686
1436.04228
1436.090692
1436.115137
1436.124414
1436.227192
1436.227948
1436.234223
1436.315582
1436.378524
1436.435118
1436.473438
1436.485726
1436.487233
1436.59812
1436.634675
1436.665185
1436.701906
1436.705712
1436.771846
1436.815111
1436.873362
1436.880878
1436.885178
1437.013642
1437.125915
1437.140703
1437.170631
1437.187831
1437.230158
1437.380398
1437.397164
1437.42797
1437.437099
1437.44657
1437.482302
1437.522467
1437.537601
1437.545873
1437.611487
1437.633036
1437.827771
1437.948291
1437.950756
1438.03613
1438.122767
1438.142368
1438.172007
1438.215194
1438.21732
1438.221971
1438.238817
1438.270763
1438.309152
1438.327595
1438.457028
1438.485342
1438.590531
1438.61893
1438.666106
1438.683107
1438.772754
1438.846344
1438.898823
1439.029631
1439.091844
1439.145313
1439.175522
1439.18416
1439.203805
1439.208145
1439.231891
1439.2494
1439.332495
1439.339697
1439.361376
1439.387599
1439.432836
1439.510734
1439.531318
1439.536077
1439.547838
1439.566639
1439.602758
1439.692349
1439.73109
1439.746821
1439.816186
1439.844276
1439.858394
1439.917547
1439.923665
1440.013455
1440.116504
1440.121103
1440.229971
1440.282323
1440.366956
1440.398094
1440.448968
1440.683799
1440.687199
1440.726364
1440.745055
1440.796066
1440.798298
1440.818212
1440.910642
1440.942319
1440.979547
1441.027061
1441.054974
1441.05773
1441.082207
1441.102684
1441.178922
1441.317856
1441.360654
1441.384576
1441.41149
1441.440149
1441.446578
1441.522775
1441.553746
1441.573781
1441.750425
1442.030284
1442.036832
1442.085748
1442.103565
1442.112602
1442.153257
1442.205473
1442.338099
1442.356594
1442.35842
1442.407884
1442.417972
1442.435693
1442.550415
1442.589915
1442.591277
1442.615763
1442.632132
1442.638962
1442.743849
1442.758885
1442.768752
1442.801511
1442.963249
1442.996987
1443.085061
1443.177608
1443.19478
1443.245128
1443.271637
1443.294295
1443.4216
1443.451492
1443.463071
1443.466142
1443.545527
1443.557546
1443.606609
1443.664357
1443.715841
1443.720116
1443.726031
1443.948212
1444.055528
1444.060863
1444.134338
1444.177731
1444.217112
1444.247923
1444.260432
1444.29983
1444.302514
1444.325398
1444.411418
1444.452768
1444.470346
1444.474136
1444.501737
1444.506794
1444.535849
1444.538916
1444.619907
1444.628745
1444.646135
1444.657107
1444.721962
1444.76976
1444.790975
1444.805838
1444.910022
1444.921305
1444.9254
1444.955927
1444.963736
1445.101605
1445.177225
1445.218716
1445.2965
1445.298752
1445.40132
1445.40804
1445.467434
1445.513306
1445.542101
1445.625146
1445.626341
1445.64735
1445.723972
1445.760338
1445.764852
1445.792186
1445.837495
1445.864309
1445.880349
1445.893433
1445.943265
1446.023772
1446.083433
1446.178693
1446.196813
1446.21599
1446.238456
1446.287084
1446.323347
1446.570303
1446.592649
1446.657025
1446.689432
1446.718534
1446.752035
1446.776065
1446.868621
1446.902731
1446.985748
1446.986478
1447.009839
1447.059499
1447.081325
1447.115917
1447.145144
1447.236303
1447.242944
1447.361616
1447.384241
1447.417388
1447.432151
1447.575508
1447.601335
1447.653247
1447.796104
1447.796734
1448.022383
1448.095908
1448.19944
1448.272074
1448.300191
1448.355791
1448.397212
1448.409279
1448.538722
1448.561832
1448.570664
1448.622975
1448.645098
1448.652845
1448.758744
1448.817475
1448.873121
1448.876652
1448.893522
1448.93837
1449.185639
1449.230774
1449.308438
1449.36717
1449.391744
1449.424533
1449.442097
1449.484439
1449.574422
1449.584147
1449.726433
1449.772293
1449.789531
1449.81317
1449.918327
1450.105364
1450.138479
1450.200877
1450.214886
1450.247392
1450.260098
1450.276413
1450.285869
1450.392108
1450.494158
1450.497113
1450.54991
1450.558606
1450.67284
1450.712982
1450.754951
1450.784047
1450.823059
1450.855198
1450.908435
1450.945512
1450.963386
1450.969119
1451.134203
1451.198794
1451.215648
1451.217763
1451.224207
1451.2281
1451.26184
1451.310533
1451.320771
1451.393318
1451.444948
1451.645166
1451.792079
1451.851323
1451.892754
1451.897853
1452.074745
1452.088409
1452.113092
1452.159773
1452.236905
1452.267497
1452.275641
1452.373656
1452.499126
1452.521766
1452.545483
1452.619002
1452.68432
1452.859302
1453.008732
1453.023133
1453.097544
1453.113599
1453.149205
1453.18216
1453.191442
1453.460783
1453.495382
1453.512288
1453.587721
1453.601033
1453.652938
1453.665844
1453.703018
1453.773719
1453.823295
1453.866156
1453.886783
1454.139993
1454.140839
1454.197327
1454.217917
1454.222063
1454.231312
1454.286674
1454.335967
1454.336371
1454.428909
1454.499654
1454.500042
1454.557382
1454.587067
1454.630203
1454.661369
1454.796254
1454.848443
1454.860522
1454.968258
1455.005735
1455.091952
1455.127693
1455.199907
1455.218565
1455.22988
1455.306512
1455.322739
1455.453524
1455.511789
1455.522184
1455.559909
1455.56876
1455.609182
1455.749986
1455.88144
1456.057754
1456.104672
1456.175224
1456.222118
1456.337988
1456.463598
1456.563063
1456.62018
1456.691977
1456.717689
1456.721838
1456.772008
1456.963088
1457.057471
1457.062003
1457.188365
1457.443859
1457.514885
1457.592847
1457.602234
1457.607785
1457.647762
1457.691946
1457.811253
1457.852809
1457.920517
1457.955448
1458.259516
1458.45806
1458.614097
1458.658993
1458.675185
1458.692703
1458.728694
1458.747987
1458.801677
1459.015339
1459.031795
1459.044159
1459.247545
1459.425573
1459.624377
1459.628576
1459.635658
1459.964808
1460.002371
1460.00588
1460.106617
1460.201528
1460.205476
1460.275012
1460.409805
1460.470401
1460.479057
1460.567488
1460.608221
1460.851529
1460.885838
1460.893972
1460.941834
1460.961949
1460.969827
1460.980949
1461.093831
1461.191464
1461.266377
1461.361044
1461.368116
1461.488277
1461.57794
1461.594854
1461.651825
1461.730509
1461.765593
1461.906193
1461.962573
1461.986232
1462.006557
1462.121909
1462.153634
1462.290812
1462.404576
1462.567277
1462.749273
1462.774128
1462.793183
1462.838419
1462.963782
1462.979088
1462.9952
1463.01888
1463.074716
1463.108942
1463.172154
1463.185257
1463.354155
1463.410233
1463.442734
1463.46579
1463.502003
1463.544112
1463.710102
1463.753989
1463.852735
1463.875527
1463.88242
1464.065488
1464.093789
1464.117549
1464.125237
1464.247742
1464.487207
1464.560698
1464.710741
1464.751938
1464.778696
1464.82503
1464.844456
1464.922241
1464.935558
1464.9893
1465.113405
1465.16657
1465.246256
1465.58247
1465.742913
1465.781979
1465.828939
1466.03071
1466.130905
1466.139808
1466.16341
1466.222141
1466.335071
1466.339182
1466.373646
1466.381208
1466.466099
1466.5317
1466.622762
1466.623612
1466.665349
1466.708493
1466.900326
1466.960342
1467.086181
1467.115888
1467.225408
1467.278896
1467.298521
1467.353059
1467.434843
1467.447542
1467.463956
1467.609326
1467.623797
1467.801179
1467.816839
1467.925302
1467.986666
1468.113762
1468.151856
1468.1673
1468.198486
1468.239127
1468.389492
1468.532053
1468.688504
1468.730917
1468.743604
1468.759436
1468.763407
1468.817928
1468.877727
1468.938778
1468.954513
1468.98582
1469.046091
1469.090881
1469.095529
1469.117012
1469.252899
1469.258608
1469.268095
1469.279291
1469.349555
1469.568211
1469.652173
1469.705106
1469.715113
1469.935754
1470.268887
1470.274757
1470.294152
1470.3236
1470.32687
1470.355259
1470.393786
1470.463277
1470.58972
1470.643739
1470.644702
1470.723404
1470.796762
1470.897173
1470.916616
1470.958827
1471.016689
1471.153473
1471.160186
1471.333279
1471.427053
1471.531549
1471.55138
1471.632742
1471.673335
1471.779014
1472.332629
1472.478599
1472.540422
1472.670165
1472.687759
1472.717261
1472.792675
1472.821014
1472.842246
1472.926747
1472.976968
1472.984345
1473.193883
1473.324431
1473.344716
1473.386388
1473.614803
1473.65357
1473.682986
1473.688994
1473.75592
1473.879018
1473.893696
1473.984707
1474.109344
1474.134341
1474.294369
1474.300951
1474.322923
1474.385007
1474.577174
1474.582463
1474.626492
1474.713065
1475.193249
1475.219561
1475.581991
1475.658688
1475.669281
1475.749317
1475.791922
1475.852648
1475.892166
1475.903043
1476.031816
1476.187837
1476.275426
1476.417882
1476.703525
1476.708105
1476.869503
1476.942257
1476.943609
1477.093758
1477.267157
1477.332197
1477.455739
1477.546708
1477.66967
1477.674557
1477.689351
1477.768507
1477.787134
1477.81504
1477.947463
1478.034149
1478.118786
1478.141553
1478.226423
1478.283087
1478.311356
1478.365567
1478.444523
1478.444738
1478.578316
1478.619458
1478.673742
1478.675431
1478.709822
1478.834193
1478.994544
1479.016245
1479.104705
1479.111931
1479.148603
1479.203743
1479.226193
1479.284114
1479.330326
1479.438332
1479.515766
1479.575909
1479.913131
1479.956634
1480.102417
1480.137242
1480.143803
1480.218935
1480.251461
1480.459219
1480.606552
1480.839705
1480.86175
1480.933681
1481.015451
1481.030481
1481.203699
1481.205902
1481.347763
1481.428119
1481.437131
1481.50829
1481.551897
1481.556414
1481.564403
1481.641806
1481.734374
1481.824191
1481.953394
1482.191163
1482.305182
1482.403885
1482.624692
1482.628725
1482.948506
1483.046069
1483.050227
1483.113933
1483.426508
1483.49321
1483.55876
1483.701621
1483.704624
1483.741902
1483.92832
1483.938472
1483.957103
1484.040156
1484.062882
1484.194583
1484.328137
1484.342679
1484.434595
1484.73684
1484.806374
1485.040603
1485.226157
1485.504352
1485.523768
1485.552721
1485.576057
1485.746773
1485.756311
1485.774387
1485.864688
1486.035318
1486.148669
1486.155664
1486.164291
1486.214347
1486.234858
1486.362351
1486.485604
1486.493165
1486.505019
1486.65817
1486.709771
1486.711014
1486.73027
1486.787262
1486.882656
1487.056902
1487.227596
1487.243459
1487.312812
1487.553661
1487.687431
1487.690011
1487.880014
1488.037763
1488.175199
1488.19947
1488.22745
1488.444682
1488.464672
1488.967927
1489.069038
1489.230218
1489.28106
1489.437314
1489.546497
1489.585317
1489.625124
1489.708621
1490.0847
1490.121665
1490.160158
1490.388457
1490.396635
1490.502829
1490.572937
1490.61337
1490.702283
1490.790824
1491.012265
1491.111572
1491.165367
1491.220483
1491.264557
1491.340177
1491.350683
1491.356552
1491.388419
1491.519253
1491.841574
1491.856915
1491.995345
1492.079484
1492.116573
1492.13051
1492.336759
1492.547186
1492.720314
1492.794253
1492.8018
1492.823335
1493.064328
1493.147055
1493.187349
1493.221898
1493.234283
1493.261787
1493.40685
1493.491847
1493.60842
1494.287959
1494.467685
1494.78422
1494.893431
1495.219325
1495.281252
1495.904916
1496.005465
1496.143134
1496.226716
1496.477011
1496.477522
1496.493152
1496.576004
1497.003492
1497.069297
1497.150304
1497.347648
1497.368598
1497.433962
1497.705754
1497.738893
1497.953942
1498.005289
1498.250803
1498.26561
1498.564047
1498.745829
1499.058507
1499.142238
1499.358588
1499.43513
1499.43583
1500.005637
1500.491794
1500.523356
1500.57529
1500.755453
1500.930238
1501.00439
1501.062669
1501.233016
1501.344005
1501.460556
1501.488063
1501.5634
1502.107029
1502.11804
1502.262989
1502.363776
1502.424749
1502.454577
1502.475742
1502.530168
1502.571187
1502.674645
1502.92946
1503.105175
1503.318824
1503.374871
1503.684122
1503.688481
1503.794607
1504.426564
1504.454789
1504.502874
1504.537564
1504.561004
1504.847886
1505.200933
1505.451352
1505.633637
1505.648854
1505.811286
1505.880285
1505.988169
1506.030513
1506.211994
1506.241805
1506.319857
1506.821528
1506.855307
1506.873936
1506.901216
1507.032025
1507.160573
1507.407597
1507.441944
1507.55707
1507.558611
1507.631522
1507.653215
1507.702956
1508.158396
1508.386465
1508.693029
1508.767174
1509.046187
1509.250223
1509.71833
1509.96443
1510.085215
1510.335463
1510.61747
1511.226951
1511.244542
1511.296488
1511.444728
1511.474251
1511.574764
1511.654726
1511.728893
1511.784061
1511.820355
1511.953516
1512.158897
1512.252471
1512.33834
1512.510247
1512.570471
1512.801048
1512.873847
1513.082898
1513.174413
1513.372987
1513.54643
1513.935495
1513.980363
1513.98983
1514.060137
1514.064876
1514.291995
1514.872046
1515.018299
1515.067058
1515.16649
1515.459612
1515.536855
1515.576517
1515.686221
1515.694272
1515.993355
1516.093649
1516.29929
1516.355919
1516.447352
1516.46646
1516.502362
1516.546235
1516.701064
1516.875297
1517.097298
1517.108114
1517.258117
1517.428054
1517.486005
1517.904567
1518.049596
1518.307948
1518.564339
1518.625817
1518.757896
1518.781288
1518.813334
1519.066681
1519.232176
1519.251619
1519.387744
1519.574095
1519.646053
1519.673901
1519.752871
1519.886226
1519.899004
1520.057716
1520.070068
1520.072774
1520.451599
1520.64778
1520.858381
1520.916076
1521.048112
1521.194795
1521.649587
1522.115013
1522.383552
1522.536934
1522.545314
1522.827624
1523.237667
1523.315365
1523.388529
1523.438648
1523.716697
1523.758375
1524.032891
1524.488838
1524.540742
1524.576007
1524.98168
1525.165834
1525.280034
1525.396564
1525.519556
1525.925738
1525.986815
1526.006014
1526.302687
1526.334732
1527.176893
1527.182861
1527.231921
1527.351749
1528.01461
1528.237579
1528.285682
1528.379459
1528.611937
1528.659493
1528.759083
1528.978316
1528.982693
1528.99255
1529.184784
1529.330173
1529.569856
1529.57611
1530.276966
1530.297831
1530.632344
1530.678046
1530.687371
1530.76753
1531.011803
1531.285867
1531.766701
1531.840785
1531.872608
1531.911116
1531.94809
1532.184145
1532.274322
1532.733406
1532.786973
1532.790193
1532.850117
1532.987668
1533.100354
1533.127722
1533.150206
1533.191215
1533.434731
1533.705954
1533.838625
1534.412019
1534.5614
1534.64238
1534.691751
1534.749887
1534.931701
1534.982869
1535.056767
1535.334543
1535.33674
1536.164328
1536.433071
1536.630518
1536.651098
1536.775931
1536.831844
1536.930017
1537.007451
1537.239515
1537.27828
1537.487611
1537.588173
1537.787707
1537.905089
1537.950902
1538.550867
1538.55795
1538.587882
1538.616449
1538.684952
1538.71705
1539.316072
1539.374475
1539.52542
1539.52704
1539.746474
1539.7832
1539.936784
1539.99232
1540.270021
1540.437906
1540.583201
1540.803424
1540.826962
1541.1688
1541.285009
1541.515624
1541.700689
1541.97459
1542.545994
1542.899211
1542.942989
1543.067554
1543.260833
1543.394284
1543.640711
1543.979817
1544.190843
1544.898982
1545.03719
1545.278235
1545.822271
1546.131785
1546.145074
1546.296961
1546.394443
1546.424533
1546.523252
1546.538931
1546.678358
1546.785305
1546.886136
1547.032516
1547.342861
1547.471047
1547.611081
1547.803346
1548.045792
1548.409657
1548.505649
1548.911618
1548.913101
1549.138072
1549.375585
1549.529035
1549.629912
1550.047442
1550.243484
1550.512036
1550.549756
1551.212665
1551.437455
1551.567788
1552.037771
1552.546643
1552.727212
1553.183344
1553.280472
1553.292478
1553.605207
1553.655664
1554.100226
1554.427341
1554.518263
1554.662395
1554.701666
1554.782093
1555.341722
1555.439844
1555.553786
1555.641158
1555.843869
1556.000964
1556.076329
1556.322684
1556.650412
1556.777562
1556.846674
1557.232243
1557.491608
1557.641283
1558.550952
1558.639316
1558.685816
1559.083945
1559.246944
1559.309973
1560.20222
1560.207783
1560.388467
1560.402822
1560.604874
1560.659112
1560.875422
1561.427936
1561.448955
1561.749635
1561.930453
1562.597355
1562.814231
1563.581627
1564.303763
1564.410637
1564.414514
1564.592378
1564.681424
1564.691061
1564.77922
1565.25794
1566.069904
1566.192777
1566.256213
1566.745076
1566.830849
1566.889395
1567.258066
1567.635945
1568.02868
1568.727884
1568.821685
1569.063846
1569.067272
1570.271311
1570.602699
1571.166162
1571.217367
1572.014562
1572.516509
1572.613154
1573.034081
1573.103388
1573.394265
1573.47886
1573.62097
1574.237241
1574.351941
1575.026259
1575.077943
1575.251493
1575.34684
1576.337008
1576.487355
1577.339319
1577.460895
1577.509685
1578.092782
1579.466026
1580.405974
1580.521001
1580.753105
1581.319908
1581.320755
1581.412047
1581.449988
1581.752473
1582.090202
1582.260229
1583.592294
1584.601668
1584.625804
1584.764387
1584.904985
1585.026574
1585.137225
1585.476346
1585.828385
1585.831882
1586.08006
1586.170098
1586.671832
1586.720578
1586.722217
1587.677054
1588.610088
1589.230362
1589.416287
1590.359927
1590.913221
1591.727261
1592.988704
1593.950612
1594.794186
1594.967033
1594.982684
1595.524774
1595.778952
1596.641346
1597.288802
1598.406874
1598.882667
1599.228902
1599.405421
1599.490476
1599.640552
1600.232928
1600.44532
1600.526481
1601.162921
1601.495709
1602.411403
1602.61484
1603.53567
1603.783728
1604.015529
1605.154409
1605.2884
1605.678466
1606.27446
1606.808488
1606.951226
1607.314126
1607.638455
1607.730758
1608.270172
1608.288236
1609.012032
1609.459431
1610.171051
1610.794234
1610.824089
1611.459233
1612.764523
1614.348472
1614.971526
1615.149921
1616.204599
1616.504916
1616.721578
1617.25201
1617.315179
1617.761191
1618.356301
1619.462274
1620.379716
1621.073697
1622.378945
1622.771004
1623.249337
1624.713816
1624.883713
1625.393085
1625.444553
1625.719627
1626.416843
1626.598077
1626.655384
1626.855581
1627.476134
1627.66769
1629.070913
1631.813835
1631.964683
1631.979127
1632.006208
1633.835023
1635.019649
1635.39846
1637.173283
1637.364251
1638.879756
1639.106652
1639.784175
1640.074862
1640.948164
1641.06616
1641.700083
1643.849378
1646.263875
1647.245651
1648.838253
1650.295089
1651.051678
1652.53983
1652.725292
1653.112402
1656.393558
1656.46767
1657.062037
1660.036354
1662.980647
1663.846972
1663.96991
1667.191765
1680.542007
1689.715078
1690.140714
1700.715196
1701.373923
1708.07098
1712.784217
1714.617901
1714.722314
1715.255234
1716.815798
1724.853926
1728.760273
1728.934729
1731.077261
1744.264935
1748.327479
1757.892743
1761.72162
1767.260932
1770.728883
1776.170424
1792.551352
1793.937139
1815.992293
1821.910894
1885.877825
1932.474114
1939.715417
1960.811018
1963.949846
1983.460672
2091.384806
2118.522167
2174.326534
2231.923431
2264.292877
2315.323057
2332.933163
2338.756925
2369.308995
2408.74392
2480.636744
2554.13215
2853.59722
5057.539261
