166.781531
177.520409
195.298524
202.740768
205.186953
206.373175
207.681786
208.177155
210.595702
210.67874
211.886274
211.990675
211.993779
212.317148
212.902762
213.380814
214.306359
214.636792
216.161338
216.59717
217.014317
217.977838
218.720397
219.223984
219.42482
221.003251
221.605931
221.626769
222.042075
222.239262
222.71907
222.840091
223.431424
223.561248
223.843101
223.867802
224.063575
224.487002
224.525831
224.604563
224.731991
224.79485
224.812058
225.099948
225.13603
225.541388
225.727932
225.973032
226.190914
226.421164
226.504857
226.564868
226.687027
226.817716
226.985881
227.19189
227.207164
227.215178
227.237782
227.260838
227.275775
227.365015
227.398698
227.492026
227.505632
227.775928
227.780434
227.817061
227.870435
227.936698
227.938736
227.990195
228.067881
228.425098
228.45766
228.600521
228.646345
228.795643
228.867924
228.906191
229.105839
229.108028
229.159139
229.239928
229.299136
229.407366
229.412765
229.506786
229.557003
229.558601
229.567532
229.732931
230.170387
230.249174
230.347691
230.365282
230.45317
230.476717
230.603638
230.605808
230.605897
230.633988
230.704165
230.829895
230.847195
230.862235
230.894709
230.902358
230.902792
231.016527
231.046623
231.058755
231.071425
231.121608
231.129215
231.140389
231.151523
231.283917
231.310502
231.358913
231.372371
231.467836
231.473882
231.49169
231.503146
231.529
231.549368
231.569791
231.594177
231.606358
231.608778
231.647888
231.657126
231.671156
231.700123
231.757728
231.805773
231.824101
231.849315
231.860269
231.885052
231.892044
231.91579
231.996187
232.003833
232.012173
232.11806
232.12532
232.205784
232.237678
232.295261
232.32628
232.340628
232.343306
232.348043
232.415115
232.43941
232.441555
232.457973
232.45879
232.463572
232.518522
232.522657
232.524789
232.543693
232.584145
232.597026
232.682554
232.691973
232.694822
232.701027
232.711634
232.770316
232.783552
232.804288
232.812026
232.83603
232.876892
232.897565
232.921857
233.066778
233.071422
233.163977
233.171226
233.173748
233.237496
233.253618
233.260365
233.270691
233.317772
233.342934
233.393971
233.410064
233.413295
233.44844
233.452567
233.456898
233.459962
233.472998
233.473717
233.477428
233.47751
233.479695
233.488833
233.499789
233.524548
233.530528
233.535933
233.547097
233.54949
233.555341
233.589104
233.613245
233.613647
233.619901
233.623689
233.627978
233.653578
233.655614
233.657656
233.659372
233.667291
233.70265
233.703658
233.718182
233.724986
233.748385
233.77054
233.794106
233.828511
233.870836
233.871496
233.874337
233.891123
233.901777
233.905789
233.911849
233.933464
233.938022
233.944156
233.954817
233.955271
233.957981
233.992857
234.006302
234.007394
234.040291
234.06257
234.065918
234.074852
234.151072
234.203484
234.251183
234.25626
234.257234
234.29781
234.309219
234.332683
234.335243
234.347879
234.373682
234.378536
234.400668
234.442361
234.457241
234.460484
234.461983
234.511163
234.520701
234.560996
234.566758
234.606601
234.616419
234.628083
234.652171
234.656895
234.660117
234.748688
234.754718
234.79197
234.815374
234.871721
234.897932
234.90056
234.911057
234.919456
234.932414
234.93293
234.933675
234.936512
234.951661
234.971441
235.00221
235.033191
235.040264
235.043574
235.04758
235.074679
235.100741
235.133457
235.13447
235.181949
235.19278
235.199521
235.233698
235.27011
235.283292
235.299333
235.339363
235.350436
235.352758
235.361945
235.39234
235.392713
235.393067
235.405778
235.431539
235.434207
235.441874
235.453118
235.467081
235.494018
235.513549
235.525014
235.550786
235.560711
235.618069
235.632275
235.657234
235.707842
235.708688
235.711784
235.717001
235.724927
235.735796
235.746622
235.806919
235.807943
235.808765
235.826208
235.827972
235.838458
235.839702
235.85435
235.869011
235.874921
235.876905
235.893756
235.894436
235.910967
235.914854
235.922781
235.92298
235.930617
235.97268
235.974547
235.983063
236.018678
236.042121
236.045257
236.051283
236.094976
236.098982
236.104505
236.115109
236.11938
236.119574
236.149399
236.174976
236.275377
236.276633
236.27985
236.285607
236.310161
236.310387
236.365805
236.366404
236.376521
236.381587
236.422534
236.42958
236.438826
236.458484
236.514076
236.520043
236.555595
236.559687
236.583812
236.597155
236.608087
236.611443
236.664288
236.690636
236.691727
236.695043
236.708266
236.720292
236.738834
236.749332
236.749624
236.795786
236.805397
236.811369
236.811963
236.81944
236.820512
236.827499
236.831829
236.837679
236.846425
236.851038
236.854281
236.879724
236.896487
236.915867
236.92523
236.973853
236.988418
237.009053
237.009691
237.01974
237.020086
237.021241
237.034989
237.046949
237.093026
237.095825
237.100176
237.110236
237.112117
237.128046
237.151176
237.158871
237.190107
237.19579
237.198542
237.251438
237.254179
237.257133
237.329892
237.344471
237.349242
237.359602
237.36343
237.382529
237.385864
237.462659
237.469591
237.521393
237.522269
237.524166
237.549426
237.557471
237.562478
237.563643
237.565726
237.582563
237.588774
237.592625
237.612762
237.619951
237.63622
237.638959
237.679386
237.694085
237.737285
237.741535
237.761653
237.768201
237.78477
237.789569
237.78961
237.793495
237.826204
237.838665
237.860176
237.866864
237.874628
237.904698
237.913017
237.913025
237.919302
237.932249
237.977131
238.011873
238.016771
238.067834
238.086969
238.088116
238.125068
238.134771
238.137681
238.139842
238.143403
238.153928
238.159314
238.195737
238.201207
238.210294
238.226199
238.226242
238.240535
238.251108
238.259577
238.273128
238.273431
238.275896
238.281254
238.281341
238.30201
238.329617
238.336168
238.373002
238.390079
238.395193
238.401333
238.410692
238.422362
238.433399
238.437936
238.456683
238.515936
238.536348
238.551638
238.55702
238.558928
238.599414
238.605195
238.605538
238.606184
238.619025
238.624355
238.627622
238.633943
238.65514
238.668432
238.676586
238.680141
238.681685
238.7266
238.747014
238.773245
238.773465
238.777385
238.786112
238.790378
238.81338
238.818803
238.84859
238.898541
238.900143
238.908994
238.909218
238.91545
238.924275
238.941125
238.948073
238.958912
238.970941
238.98751
239.00616
239.025224
239.033424
239.036507
239.03908
239.057304
239.058486
239.063168
239.072693
239.080492
239.089122
239.099
239.12044
239.135026
239.142372
239.147151
239.169449
239.176291
239.186367
239.191759
239.196924
239.203757
239.209998
239.217457
239.239409
239.242743
239.258094
239.284494
239.300112
239.300813
239.308248
239.325434
239.325556
239.326327
239.331591
239.355804
239.358896
239.360559
239.36066
239.364565
239.402273
239.406144
239.4082
239.41643
239.428175
239.429501
239.440031
239.466164
239.468924
239.487737
239.491817
239.495528
239.502883
239.505208
239.51545
239.519162
239.540461
239.544118
239.547754
239.55451
239.572891
239.584012
239.589476
239.589509
239.607117
239.610416
239.610633
239.638586
239.64188
239.665556
239.673442
239.677113
239.678657
239.699397
239.701326
239.73564
239.754771
239.785495
239.78945
239.80825
239.810859
239.82899
239.82932
239.843246
239.851665
239.854498
239.856915
239.858137
239.874903
239.875632
239.881433
239.885623
239.893118
239.905154
239.911169
239.912672
239.914442
239.928645
239.938073
239.965802
239.990254
239.998526
240.004117
240.009107
240.036817
240.040443
240.070923
240.075953
240.08339
240.090041
240.102872
240.108904
240.135824
240.152723
240.160361
240.162689
240.172358
240.193523
240.196536
240.199762
240.200461
240.212757
240.222577
240.238714
240.240146
240.242983
240.248005
240.252712
240.259225
240.269014
240.273404
240.314596
240.330313
240.332979
240.339208
240.345188
240.349006
240.359898
240.388898
240.423527
240.435134
240.438385
240.440391
240.440785
240.441108
240.445987
240.448076
240.450058
240.466302
240.484502
240.493117
240.508461
240.525825
240.529468
240.551683
240.559733
240.57942
240.595898
240.6123
240.622506
240.623304
240.643936
240.655389
240.658829
240.663415
240.690016
240.692805
240.696466
240.70736
240.72959
240.746232
240.74843
240.766318
240.777885
240.779245
240.781596
240.802362
240.815517
240.818888
240.821029
240.838633
240.852735
240.856359
240.856629
240.876012
240.878002
240.88649
240.901992
240.916469
240.93071
240.937992
240.947074
240.953497
240.967757
240.971768
240.980308
240.983291
240.986666
240.999892
241.000213
241.007683
241.014926
241.040676
241.048258
241.049558
241.056385
241.066726
241.070535
241.076585
241.07716
241.079253
241.086304
241.118068
241.12177
241.123479
241.126316
241.14043
241.142538
241.150988
241.168953
241.178102
241.17941
241.181694
241.186905
241.189247
241.196962
241.199157
241.207935
241.235152
241.239134
241.242578
241.24271
241.243166
241.243304
241.273104
241.278655
241.281528
241.283193
241.28362
241.289228
241.30154
241.32432
241.337614
241.344955
241.363817
241.366491
241.388712
241.394074
241.398559
241.401256
241.401942
241.424503
241.427556
241.452769
241.455134
241.459338
241.475889
241.477918
241.48331
241.487116
241.510235
241.513026
241.517614
241.524785
241.532842
241.53651
241.54052
241.544352
241.545449
241.555134
241.556207
241.563766
241.566685
241.579966
241.597547
241.61466
241.634536
241.650394
241.651445
241.661319
241.671871
241.676858
241.679719
241.692122
241.706385
241.706403
241.721197
241.736556
241.739116
241.741144
241.741821
241.743939
241.74636
241.752933
241.759616
241.78594
241.800685
241.802971
241.818028
241.822575
241.825488
241.841352
241.845661
241.847326
241.858779
241.861725
241.876284
241.882554
241.883082
241.90053
241.921135
241.93056
241.959615
241.965231
241.970623
241.981873
241.983691
241.986387
242.005227
242.016142
242.021898
242.025405
242.038267
242.046329
242.059488
242.075059
242.098535
242.116192
242.14788
242.18209
242.199697
242.211837
242.228609
242.230426
242.236412
242.238165
242.242988
242.246946
242.249709
242.25386
242.263732
242.274102
242.281018
242.281041
242.285968
242.293443
242.312256
242.331079
242.335538
242.34233
242.342837
242.344368
242.36558
242.36775
242.39474
242.398368
242.42422
242.426714
242.429981
242.43823
242.44511
242.450707
242.457499
242.458775
242.471977
242.47401
242.489729
242.491633
242.497363
242.508677
242.517118
242.525444
242.537824
242.543192
242.547738
242.551828
242.565108
242.567863
242.57428
242.59645
242.601286
242.60429
242.607352
242.608035
242.625066
242.626888
242.639229
242.64473
242.672826
242.678278
242.678418
242.710796
242.714883
242.72412
242.735597
242.740485
242.765835
242.777545
242.784773
242.789091
242.790114
242.800663
242.801837
242.810492
242.817934
242.838528
242.839706
242.848463
242.858331
242.869006
242.870515
242.871395
242.890828
242.89579
242.898382
242.921531
242.932527
242.945435
242.956374
242.960729
242.98759
242.989614
242.992304
243.028138
243.050657
243.051033
243.052408
243.063559
243.064814
243.067307
243.067763
243.078298
243.081119
243.085768
243.089864
243.092401
243.098733
243.103719
243.106515
243.110286
243.114673
243.11633
243.118798
243.123145
243.123317
243.142109
243.150743
243.1676
243.168351
243.213561
243.219312
243.232007
243.234416
243.237715
243.251381
243.269184
243.269471
243.284278
243.286802
243.29082
243.292595
243.305488
243.316232
243.316392
243.32871
243.332522
243.3441
243.348046
243.362951
243.366825
243.376799
243.384566
243.386592
243.387063
243.396424
243.415233
243.429287
243.429629
243.433172
243.448724
243.459994
243.467585
243.470338
243.473304
243.489254
243.495725
243.498365
243.501242
243.508467
243.508497
243.512287
243.517038
243.525292
243.528652
243.530802
243.533567
243.533672
243.539969
243.548554
243.56088
243.573873
243.577898
243.591238
243.593365
243.605432
243.610245
243.632377
243.638534
243.655097
243.656623
243.658311
243.667786
243.673875
243.675602
243.699348
243.744861
243.74572
243.746955
243.759798
243.763083
243.781077
243.785459
243.789465
243.789537
243.793977
243.802289
243.806616
243.820091
243.821678
243.831678
243.832105
243.839704
243.841747
243.845615
243.857019
243.862734
243.876127
243.877431
243.879169
243.893085
243.898216
243.899861
243.915179
243.916541
243.92186
243.928703
243.932587
243.933674
243.938706
243.938803
243.941212
243.944472
243.959465
243.97212
243.976994
243.983631
243.999626
243.999672
244.009112
244.030617
244.043364
244.071806
244.072594
244.09484
244.103586
244.121063
244.125241
244.133514
244.13584
244.142283
244.157306
244.161751
244.167652
244.175692
244.187925
244.193067
244.196455
244.196629
244.210881
244.214757
244.223853
244.224291
244.225109
244.246262
244.249542
244.26081
244.265585
244.291548
244.29416
244.316286
244.317459
244.319202
244.320876
244.322718
244.329178
244.339074
244.36529
244.373472
244.390686
244.403666
244.408355
244.413364
244.415549
244.420737
244.432066
244.453085
244.454717
244.45859
244.461298
244.462105
244.463083
244.46595
244.48658
244.495745
244.508151
244.52979
244.534561
244.539654
244.569558
244.570341
244.585316
244.598896
244.613898
244.639896
244.644881
244.645535
244.656032
244.658363
244.658449
244.667658
244.669709
244.669996
244.681832
244.685047
244.702894
244.711055
244.740146
244.740879
244.747161
244.759062
244.76369
244.774012
244.779789
244.779903
244.799896
244.80279
244.806555
244.821497
244.82948
244.855015
244.8573
244.860242
244.861407
244.869222
244.875736
244.875843
244.88163
244.904992
244.907702
244.908075
244.908547
244.915134
244.922543
244.924236
244.92907
244.937305
244.95308
244.957948
244.990193
244.993311
244.994934
244.996081
244.997434
245.003232
245.014032
245.022786
245.037645
245.043062
245.049068
245.051189
245.058654
245.083718
245.084831
245.096294
245.105276
245.108334
245.119675
245.12786
245.129624
245.169547
245.176074
245.191067
245.194227
245.194426
245.207008
245.213802
245.233001
245.24339
245.254606
245.25675
245.257478
245.25791
245.259629
245.272355
245.28039
245.290357
245.297422
245.298098
245.306135
245.339481
245.342104
245.359755
245.359926
245.376911
245.390424
245.393039
245.395155
245.396064
245.403281
245.409506
245.414197
245.427118
245.453444
245.455379
245.456151
245.458036
245.461264
245.462169
245.503299
245.50617
245.52593
245.547389
245.548147
245.550175
245.550985
245.557452
245.566373
245.587987
245.593541
245.598992
245.602305
245.606207
245.610077
245.610434
245.615685
245.617295
245.642292
245.643283
245.643428
245.713635
245.718786
245.729678
245.750862
245.753718
245.764464
245.767399
245.789534
245.796968
245.811133
245.814402
245.822299
245.834902
245.843982
245.873807
245.889803
245.897691
245.927832
245.949361
245.962865
245.978194
245.980076
246.021772
246.029759
246.033053
246.049925
246.060212
246.062776
246.064388
246.067244
246.071539
246.075598
246.080022
246.106578
246.106778
246.107106
246.108384
246.109211
246.136835
246.146814
246.152657
246.16
246.167817
246.169026
246.176675
246.176775
246.178664
246.182893
246.184806
246.191931
246.201923
246.208753
246.209046
246.210866
246.214588
246.218472
246.222758
246.230839
246.233125
246.233639
246.235802
246.255331
246.260201
246.268918
246.272579
246.27875
246.288747
246.2962
246.298987
246.314093
246.314134
246.337086
246.342052
246.364564
246.371189
246.371874
246.396701
246.405534
246.410852
246.41587
246.417905
246.418255
246.435469
246.455245
246.47212
246.481485
246.486631
246.499476
246.502762
246.505993
246.50887
246.509846
246.510521
246.51136
246.519154
246.536911
246.538824
246.572788
246.607547
246.661249
246.670923
246.680795
246.68777
246.69147
246.700424
246.724174
246.735422
246.739792
246.745597
246.75108
246.75164
246.754527
246.758887
246.770016
246.782951
246.799919
246.806763
246.814089
246.81493
246.825321
246.832529
246.835674
246.839049
246.840705
246.841563
246.85023
246.855066
246.863743
246.864682
246.868843
246.875761
246.878778
246.88089
246.886329
246.891976
246.922417
246.928721
246.931186
246.944106
246.964158
246.987756
246.989191
246.991475
247.00622
247.008838
247.041247
247.041434
247.054534
247.070683
247.073182
247.073832
247.074245
247.074479
247.076896
247.082028
247.10227
247.109083
247.110915
247.114664
247.119043
247.130553
247.149709
247.160871
247.165538
247.170581
247.173822
247.174709
247.189836
247.194231
247.200527
247.205857
247.21058
247.234395
247.237404
247.237675
247.241095
247.242035
247.254857
247.257494
247.258987
247.261491
247.266833
247.271326
247.280252
247.290845
247.299188
247.310863
247.32449
247.332546
247.355733
247.361411
247.367457
247.374371
247.38571
247.389011
247.412583
247.41398
247.42864
247.435776
247.448731
247.448768
247.453191
247.456668
247.463592
247.465414
247.466194
247.48109
247.519849
247.545273
247.553643
247.560123
247.570319
247.574565
247.576869
247.577708
247.593724
247.614247
247.647255
247.653545
247.667432
247.690803
247.693438
247.70096
247.702682
247.70714
247.714523
247.738534
247.757687
247.759632
247.76359
247.766003
247.800162
247.804806
247.806938
247.820985
247.824339
247.84908
247.854528
247.863164
247.874872
247.892545
247.898222
247.905128
247.905427
247.908651
247.932208
247.941949
247.980511
247.991648
247.997328
248.007444
248.009344
248.039718
248.042184
248.04326
248.047117
248.047871
248.0641
248.076413
248.099126
248.120064
248.132151
248.137503
248.138173
248.141958
248.14614
248.147128
248.15119
248.165629
248.172609
248.182854
248.188546
248.192338
248.204282
248.20472
248.206367
248.213917
248.217015
248.218032
248.224691
248.226682
248.229913
248.252538
248.256729
248.262589
248.292424
248.299096
248.313664
248.347284
248.351135
248.358991
248.393955
248.39658
248.403353
248.440432
248.45251
248.46319
248.477386
248.500515
248.504134
248.506286
248.511733
248.512768
248.517261
248.527559
248.537165
248.541644
248.56621
248.571602
248.576895
248.589873
248.593338
248.593951
248.595551
248.595839
248.611829
248.617061
248.620589
248.626978
248.66401
248.687769
248.691001
248.704511
248.712527
248.730214
248.732654
248.759238
248.759646
248.760713
248.770075
248.790826
248.791009
248.791667
248.793436
248.79948
248.832369
248.835412
248.840939
248.851898
248.852639
248.867377
248.88703
248.887594
248.906307
248.939961
248.95597
248.959494
248.962178
248.966249
248.970433
248.971445
248.982574
249.013505
249.029401
249.045709
249.046268
249.047347
249.091042
249.099121
249.100289
249.101378
249.119544
249.149325
249.151762
249.171115
249.1732
249.177062
249.177572
249.179677
249.196763
249.200526
249.205658
249.213526
249.253627
249.254252
249.257837
249.273132
249.285597
249.322482
249.331082
249.338795
249.343149
249.343253
249.346753
249.359414
249.360198
249.360488
249.376675
249.378679
249.394097
249.396039
249.412369
249.418304
249.433813
249.456612
249.483106
249.48546
249.496661
249.499817
249.499913
249.507949
249.510343
249.511348
249.557493
249.559131
249.561083
249.561319
249.583548
249.584715
249.586704
249.590036
249.603985
249.612131
249.615074
249.621368
249.656443
249.656625
249.66734
249.684007
249.687012
249.693781
249.69538
249.708352
249.71311
249.718671
249.721814
249.728934
249.73716
249.746789
249.766274
249.779638
249.798911
249.799235
249.803378
249.846701
249.855108
249.8555
249.884238
249.885991
249.901005
249.902869
249.90294
249.920647
249.928029
249.935836
249.948464
249.992986
250.005348
250.031929
250.037962
250.040263
250.056808
250.061476
250.0625
250.098717
250.100857
250.124124
250.128685
250.167754
250.170324
250.191001
250.191417
250.19927
250.202096
250.20319
250.205943
250.211746
250.217188
250.217314
250.222407
250.225151
250.240483
250.241348
250.254827
250.269452
250.270457
250.288272
250.291851
250.311045
250.328183
250.341994
250.357784
250.363908
250.38791
250.39706
250.422102
250.456995
250.486441
250.48721
250.48917
250.498745
250.501253
250.507479
250.511902
250.527497
250.549997
250.560792
250.561524
250.5626
250.571256
250.575747
250.583537
250.594396
250.601302
250.617203
250.621833
250.631989
250.64972
250.652775
250.658078
250.65916
250.68178
250.695028
250.698174
250.70166
250.702756
250.706188
250.72216
250.7266
250.785613
250.811611
250.819094
250.831071
250.835594
250.856762
250.898859
250.916429
250.948156
250.960289
250.971208
250.988357
250.99593
250.997992
251.002108
251.006352
251.01361
251.027048
251.033299
251.03959
251.062478
251.062532
251.083781
251.091766
251.108977
251.126303
251.139232
251.154698
251.156717
251.181443
251.225921
251.232404
251.233166
251.235365
251.277054
251.310393
251.325664
251.330478
251.375461
251.3914
251.401616
251.441558
251.441765
251.485212
251.50231
251.530928
251.572543
251.579172
251.579218
251.589034
251.589562
251.623708
251.643271
251.65023
251.655939
251.662489
251.743085
251.806902
251.820374
251.837459
251.845316
251.871391
251.88734
251.911344
251.927131
251.928534
251.934968
251.949256
251.953591
251.96157
251.968145
251.993141
252.017732
252.02066
252.042663
252.052089
252.07395
252.08184
252.088843
252.110847
252.121354
252.125997
252.155964
252.166534
252.171079
252.186331
252.207958
252.209477
252.212766
252.27275
252.292946
252.318698
252.323791
252.335179
252.336108
252.369601
252.378591
252.425915
252.449605
252.459144
252.464031
252.479059
252.482966
252.484513
252.550204
252.560039
252.575334
252.589292
252.595591
252.611069
252.629434
252.679723
252.685656
252.723873
252.804303
252.805144
252.818538
252.825551
252.859387
252.872104
252.882593
252.898099
252.898224
252.91266
252.938466
252.942215
252.95429
252.991569
252.995022
252.995474
253.004675
253.010074
253.06203
253.068443
253.086352
253.088375
253.109053
253.114661
253.166879
253.19058
253.314978
253.329679
253.382074
253.397549
253.397849
253.419943
253.429197
253.447432
253.448503
253.458091
253.482739
253.485236
253.527712
253.548049
253.557111
253.557621
253.561091
253.561377
253.564775
253.571328
253.618837
253.637265
253.644734
253.676818
253.684038
253.750367
253.751275
253.758404
253.774326
253.834671
253.845167
253.895489
253.910377
253.936999
253.95301
254.020287
254.047057
254.069322
254.080203
254.088059
254.101386
254.117303
254.162973
254.182158
254.195679
254.234871
254.343754
254.348374
254.417292
254.429303
254.431338
254.432301
254.446864
254.450013
254.459213
254.470312
254.533427
254.535298
254.580033
254.589414
254.600985
254.639441
254.698207
254.719023
254.741388
254.757081
254.762244
254.763806
254.794443
254.811612
254.837482
254.880997
254.889415
254.915142
254.942044
254.953244
254.960968
254.963466
254.96651
255.020181
255.031318
255.057455
255.070417
255.120342
255.124741
255.226138
255.267799
255.302002
255.315097
255.318481
255.322482
255.327831
255.338471
255.379646
255.3845
255.45236
255.477168
255.479917
255.487094
255.509077
255.510352
255.53705
255.562979
255.638697
255.686712
255.707051
255.712004
255.75699
255.812874
255.914045
255.92397
255.996578
256.266466
256.316034
256.328342
256.33911
256.423169
256.487997
256.514975
256.546428
256.61696
256.641529
256.654796
256.720858
256.727628
256.796757
256.831738
256.858253
256.877949
256.895339
256.906513
256.923618
256.928126
256.967922
256.97772
256.99374
257.068025
257.122689
257.133336
257.186066
257.223869
257.258089
257.267602
257.351696
257.395966
257.42117
257.458375
257.467823
257.548691
257.654351
257.672078
257.695542
257.727161
257.74705
257.78288
257.875645
257.908788
257.92049
257.921055
257.977255
257.981046
257.997899
258.000306
258.010183
258.022498
258.041774
258.094065
258.161114
258.270193
258.300241
258.313531
258.384395
258.419123
258.423727
258.494912
258.527919
258.529267
258.592939
258.642226
258.67156
258.681631
258.696451
258.725751
258.735879
258.737332
258.753704
259.04929
259.077493
259.093902
259.142859
259.212231
259.23083
259.237391
259.254134
259.271758
259.325115
259.7577
259.834701
259.912732
259.975485
259.979381
260.076455
260.078083
260.171284
260.25448
260.321595
260.464125
260.469612
260.479296
260.585499
260.616926
260.623246
260.653141
260.69864
260.703243
260.745244
260.813299
260.954738
261.026477
261.070877
261.361328
261.373011
261.37729
261.382981
261.446929
261.458735
261.472981
261.673757
261.692326
261.812654
261.844064
261.851841
261.89004
261.932614
262.09103
262.124377
262.187861
262.189678
262.22458
262.24099
262.242429
262.351061
262.419356
262.460633
262.57261
262.596822
262.673845
262.687446
262.820261
262.970956
263.08487
263.089634
263.176006
263.26363
263.379491
263.424164
263.457689
263.527549
263.731249
263.819175
263.965894
264.20426
264.270902
264.294105
264.394594
264.431775
264.555502
264.609221
264.668011
264.693206
264.720019
264.823493
265.189912
265.205613
265.38875
265.673562
265.738153
265.792276
265.79919
265.977951
266.419955
266.710229
266.829148
267.437021
267.499742
267.852356
267.859337
267.891985
268.010547
268.01072
268.058427
268.15571
268.245698
268.322288
268.327036
268.4494
268.480871
268.510355
268.614623
268.677756
268.684192
268.866649
268.878079
268.941751
269.045018
269.053214
269.706196
269.777191
270.073109
270.082578
270.124919
270.194385
270.256958
270.343309
270.444133
270.477545
270.496779
270.631608
272.070336
272.412013
272.516398
272.713277
273.033229
273.0353
273.516691
273.783754
274.032327
274.3362
274.566319
274.738359
275.386559
275.608166
275.767054
275.938966
276.070588
276.968146
277.167215
280.218219
280.356946
280.377308
280.677598
280.796755
280.839916
280.853845
281.376503
282.421773
283.171829
284.927105
285.455744
285.490896
287.8931
290.862647
291.299897
299.551846
302.172449
303.784649
306.56502
313.426467
427.434904
450.594634
589.637703
641.232624
668.776212
1413.385233
