11.791502
19.297891
22.344203
137.518317
140.014729
143.521544
143.672246
147.807828
150.056247
152.554203
153.6918
154.131679
155.208268
156.895515
161.452318
166.774806
167.747179
167.951574
168.945221
172.043445
172.184699
172.257351
173.863831
174.160973
174.658835
174.79873
176.288072
176.29136
176.665424
176.686239
177.354856
177.492501
178.326578
178.336517
178.502107
178.711044
179.247951
179.510873
179.840676
180.289276
180.327349
180.488498
180.643965
181.362776
182.903897
183.041798
183.489468
183.526913
184.524814
184.833894
184.990369
185.591941
185.626753
186.761177
187.256765
187.965451
191.07625
192.59596
192.65866
192.815029
193.044601
193.533319
194.261328
194.785404
194.843774
195.205642
196.234534
196.447998
196.474983
196.801107
197.757259
198.678281
199.401278
200.677063
201.110066
202.435221
204.31999
204.331779
204.85894
208.420916
584.291386
