1.52279
1.606641
2.004446
7.208627
7.291459
7.384109
7.395379
7.410779
7.562477
7.606907
7.673137
7.81991
7.823386
7.857375
8.141555
8.148587
8.354747
8.423687
8.586649
8.682137
9.138286
9.386728
9.519065
9.520493
9.596077
9.659671
9.681061
9.800601
9.826337
9.902575
10.130454
10.199419
10.34167
10.369741
10.395431
10.545451
10.654386
10.654808
10.675788
10.711715
10.818658
10.900545
10.953759
11.002235
11.271108
11.388469
11.432459
11.458428
11.533046
11.534486
11.546803
11.54902
11.595842
11.645174
11.791502
11.863599
11.901028
11.904082
11.931583
11.957753
12.106052
12.118075
12.236159
12.251471
12.266374
12.280825
12.355731
12.381625
12.401396
12.420725
12.617832
12.764378
12.778901
12.816495
12.868257
12.913104
12.960988
12.996016
13.075137
13.080425
13.118225
13.119386
13.155608
13.205347
13.439157
13.564263
13.579769
13.815661
13.859903
13.881127
13.983045
14.045269
14.100097
14.144243
14.217345
14.281894
14.293698
14.596619
14.695458
15.322198
15.397891
15.434561
15.533502
15.594479
15.618357
15.654433
15.660504
15.968193
16.007763
16.042085
16.118005
16.187797
16.49862
16.499269
16.600115
16.657041
16.710919
16.899397
16.930449
16.974398
17.006441
17.105323
17.144149
17.216
17.258176
17.279351
17.829799
17.835106
18.287003
18.631543
18.821241
19.297891
19.38714
19.496445
19.630535
19.745238
19.770811
20.584181
20.586731
20.621936
21.136111
21.149905
21.335352
21.529739
21.585429
21.737534
22.344203
22.802067
22.807269
23.074211
23.409084
23.51575
23.894581
23.902169
24.749128
26.362148
27.467392
27.641085
27.755678
28.109345
29.151125
29.434288
29.928122
30.424472
30.691475
31.528363
32.175617
33.523784
37.72674
38.147747
38.705434
39.121959
39.358106
39.393466
39.711842
39.71677
40.146613
40.332511
40.336538
40.561154
40.784773
40.901425
41.381508
42.017851
44.455321
44.853638
45.732373
45.758091
46.144894
47.323007
48.333624
50.731186
53.330347
55.577325
55.928788
57.578331
58.813985
60.720845
61.162332
61.73919
70.954962
71.236238
74.061517
75.959675
76.828527
77.371448
79.816853
80.033814
82.30321
82.690458
83.414892
84.300187
85.713672
87.376805
90.800805
95.103583
97.818716
102.137504
102.593407
103.906458
104.524659
104.546816
105.467894
106.761793
109.462116
111.353646
111.369406
113.691993
113.983887
114.798262
115.626688
116.035376
116.585526
117.046514
117.530508
118.354645
118.993706
119.45068
120.058719
120.26432
121.65392
121.916799
122.023141
122.135603
122.186079
122.797093
122.804648
123.420858
123.651218
123.674427
123.836205
123.88682
124.036816
124.041161
124.25281
124.537445
124.921438
125.569135
125.825975
126.001589
126.085823
126.154566
126.215642
126.31972
126.42177
126.583141
126.945502
127.515399
127.802043
128.791854
128.805535
128.829796
128.86363
128.873799
128.874943
129.101428
129.290538
129.301721
129.358703
129.387357
129.454564
129.539606
129.614073
129.634444
129.647693
129.84839
129.871666
129.913125
130.043549
130.29091
130.342792
130.43548
130.510856
131.001122
131.418818
131.444714
131.503943
131.545837
131.630199
131.953823
132.165097
132.217251
132.2446
132.329515
132.371196
132.374229
132.628463
132.806416
133.129802
133.148027
133.212706
133.270602
133.426712
133.968804
134.407497
134.548491
134.564634
134.576011
134.695027
134.825068
134.93889
135.367966
135.37809
136.062757
136.283922
136.476838
136.483801
136.833897
136.834777
137.518317
137.690827
137.790645
137.833726
137.839737
137.852612
138.044353
138.273634
139.370955
139.51531
139.591462
139.596002
139.974552
140.007949
140.014729
140.124225
140.67969
140.80784
140.980333
141.531814
141.814806
141.93546
142.03519
142.562746
143.255297
143.282265
143.450951
143.461836
143.521544
143.651976
143.672246
143.701219
143.767648
144.439565
144.858885
145.148884
145.309657
145.389959
145.83324
145.902515
146.440269
146.8087
146.9876
147.048939
147.396324
147.443318
147.448353
147.807828
147.852374
147.998864
148.827133
148.99956
149.140711
149.695674
149.802854
149.859713
149.987663
150.056247
151.018507
151.507327
151.550102
151.831061
152.382944
152.554203
152.638234
152.712079
152.900929
152.901445
152.980996
153.029324
153.07439
153.089233
153.332707
153.525652
153.6918
153.928998
154.0864
154.131679
154.187496
154.414792
154.436294
155.032172
155.076517
155.117202
155.208268
155.219245
155.484532
155.65768
155.673264
155.810324
155.837901
156.171536
156.390248
156.517588
156.578858
156.604013
156.614606
156.728201
156.782784
156.811971
156.834216
156.863404
156.889285
156.895515
157.040987
157.04472
157.174193
157.194707
157.196758
157.253921
157.35482
157.45085
157.467363
157.468433
157.48092
157.626638
157.640166
157.762159
157.896912
157.932707
158.00637
158.086504
158.207551
158.626418
158.689242
158.785098
158.949394
159.055887
159.091326
159.127162
159.151494
159.151595
159.372307
159.622745
159.673035
159.765484
160.033395
160.081996
160.186746
160.252386
160.352772
160.492709
160.529077
160.660069
160.870788
160.915953
161.230914
161.254648
161.352179
161.415275
161.452318
161.535838
161.67958
161.695663
161.927918
162.025509
162.036561
162.141999
162.254604
162.385355
162.481551
162.616558
162.757382
162.913338
163.065935
163.268471
163.416922
163.42182
163.645157
163.804324
164.021857
164.25203
164.580607
165.008758
165.088119
165.100947
165.202648
165.224
165.376731
165.583488
165.613348
165.680078
165.716247
165.904495
165.936142
166.024968
166.139186
166.270573
166.291077
166.370153
166.570372
166.60358
166.683893
166.774806
166.788594
167.002804
167.299708
167.541411
167.747179
167.772135
167.809179
167.819861
167.848295
167.951574
168.070579
168.074887
168.156582
168.398642
168.419381
168.461116
168.491465
168.568823
168.623577
168.782189
168.945221
169.063645
169.121279
169.338477
169.456185
169.621146
170.233457
170.409365
170.629884
170.652698
170.892463
170.937885
171.021822
171.200163
171.727375
171.813057
171.820754
172.043445
172.150314
172.15081
172.178744
172.184699
172.205883
172.257351
172.898247
172.943223
173.061831
173.139935
173.263391
173.503495
173.50586
173.550705
173.564336
173.568618
173.811888
173.863831
173.886461
173.935188
173.950911
174.0804
174.120314
174.130845
174.138703
174.151222
174.160973
174.176759
174.271474
174.281005
174.515416
174.658835
174.683869
174.715068
174.735948
174.753168
174.79873
174.880613
174.884977
175.077196
175.390914
175.532767
175.538735
175.612883
175.978962
176.258789
176.288072
176.29136
176.321534
176.429024
176.461459
176.514516
176.579734
176.665424
176.686239
176.711924
176.925638
176.942328
177.08532
177.145762
177.265705
177.297888
177.354856
177.387053
177.398859
177.492501
177.587604
177.6029
177.65708
177.671952
177.793846
177.809853
177.890777
177.914894
177.942227
177.942264
178.0019
178.238409
178.270571
178.326578
178.336517
178.502107
178.514145
178.591412
178.711044
178.719827
178.91557
179.021261
179.069185
179.229933
179.240896
179.247951
179.249669
179.321507
179.427723
179.455975
179.462057
179.500945
179.510873
179.594447
179.6722
179.840676
179.895754
179.989259
180.034305
180.108706
180.167331
180.179267
180.21052
180.212022
180.216052
180.289276
180.327349
180.34686
180.351288
180.408929
180.413956
180.456592
180.488498
180.503212
180.570569
180.582502
180.595452
180.643965
180.686166
180.731226
180.734092
180.752691
180.803125
180.89419
180.972371
180.979503
180.98237
180.990228
181.057021
181.119911
181.243417
181.277707
181.299283
181.323879
181.362776
181.386067
181.457077
181.461556
181.4914
181.511728
181.534792
181.542583
181.612007
181.64453
181.761297
181.799249
181.973171
181.989173
182.1482
182.25565
182.32084
182.33392
182.458318
182.518939
182.700637
182.706028
182.823013
182.889536
182.903897
182.966932
183.041798
183.04854
183.094794
183.101159
183.175714
183.256512
183.299298
183.308056
183.341803
183.355814
183.489468
183.520535
183.526913
183.541565
183.641434
183.66643
183.696605
183.722305
183.836644
183.847187
183.891481
183.927489
183.940104
183.959252
184.023291
184.06836
184.232907
184.263629
184.33872
184.344291
184.524814
184.574794
184.592552
184.742724
184.833894
184.916837
184.990369
185.139629
185.189589
185.195661
185.342261
185.43265
185.591941
185.626753
185.62979
185.803268
185.817052
185.861159
185.87174
185.91192
185.912149
186.075678
186.094514
186.131325
186.19477
186.201486
186.490667
186.527869
186.560062
186.574602
186.60524
186.742101
186.752231
186.761177
186.882769
186.990803
187.024516
187.102941
187.184609
187.216784
187.217127
187.256765
187.307601
187.346091
187.388327
187.603897
187.914386
187.965451
188.149921
188.200944
188.33826
188.685712
188.9599
189.002255
189.078543
189.159702
189.275252
189.395971
189.402154
189.417221
189.432422
189.452804
189.489536
189.756526
189.889954
190.158701
190.167134
190.220909
190.235448
190.275559
190.397857
190.467802
190.560199
190.629322
190.775644
190.780975
190.979191
190.997367
191.046038
191.07625
191.217666
191.352984
191.531728
192.041267
192.413859
192.449215
192.59596
192.620257
192.65866
192.815029
193.044601
193.050289
193.266365
193.425214
193.533319
193.561643
193.60387
193.678894
193.806426
193.892131
193.920165
193.9762
194.007885
194.034793
194.148509
194.261328
194.424773
194.785404
194.828842
194.843774
195.069725
195.110985
195.205642
195.331646
195.376643
195.586502
195.92239
196.229086
196.234534
196.433254
196.443668
196.447998
196.474983
196.737068
196.801107
196.83692
196.976168
197.101541
197.421628
197.681366
197.747919
197.757259
197.799312
197.850662
198.248505
198.326333
198.457504
198.605174
198.678281
198.740363
198.791465
198.866005
199.158392
199.401278
199.495046
200.177472
200.677063
201.110066
201.220233
201.566209
201.592507
201.703036
201.72263
201.778956
202.194921
202.435221
202.441443
202.856868
203.074346
203.434194
203.868136
204.004277
204.151241
204.31999
204.331779
204.478317
204.574237
204.85894
205.052493
205.932647
207.250712
207.350356
207.626309
208.420916
210.356228
212.32295
212.946391
213.088666
214.046378
214.81084
215.210939
217.471559
218.109997
218.765885
221.013637
222.047492
223.351752
224.113015
224.524378
224.746759
225.227761
226.446763
229.434888
230.288323
231.875454
235.156494
235.298934
240.160203
242.483073
242.993426
247.542296
247.974564
251.637704
252.798241
256.767102
262.932879
267.369492
269.481204
269.646064
275.401405
285.111107
286.774905
289.766133
299.236755
305.958272
318.343785
324.784789
334.875933
349.59177
404.225749
406.532774
409.782066
427.081966
446.045101
473.274049
500.991464
576.470279
584.291386
615.600593
621.462795
621.912144
632.975112
633.759591
644.609983
649.192304
651.681086
655.994673
656.821678
659.379244
666.060131
667.474076
672.861359
674.959334
677.596572
681.200572
682.336165
683.985354
684.457851
687.708908
687.843441
688.611028
698.896373
715.000726
720.873232
729.026387
729.672474
732.271042
736.06921
771.199067
776.43721
783.726961
801.568178
807.383039
809.950977
826.106111
830.106754
833.880244
844.068175
846.441481
3739.173632
6524.215316
