111.495538
113.207736
115.873681
117.822658
117.854689
118.594299
128.340926
130.59528
151.677966
152.022883
155.346596
158.616886
158.680474
159.239529
160.170241
160.821456
161.910475
164.540385
167.708986
171.474604
174.513691
174.659823
176.163163
176.24987
176.283246
176.390918
176.562629
176.667458
176.847166
176.973536
177.041576
177.09795
177.23566
177.39512
177.530251
177.588328
177.96225
178.415451
178.431058
178.474631
178.502645
178.572012
178.649821
178.652836
178.653324
178.901041
179.235381
179.2853
179.286865
179.319652
179.325731
179.350435
179.374021
179.385825
179.545688
179.560483
179.628332
179.835706
179.90743
179.918936
180.28514
180.39004
180.496812
180.699364
180.742756
180.793829
180.98319
181.184515
181.197839
181.297426
181.433952
181.445097
181.492447
181.521307
181.532424
181.554318
181.565054
181.670944
181.854707
182.310561
182.386356
182.454242
182.467765
182.751458
182.872694
182.905321
182.961227
183.395638
183.475952
183.508665
183.515358
183.52375
183.527021
183.581121
183.63129
183.636923
183.665775
183.670198
183.699424
183.732961
183.870722
184.025268
184.049068
184.050055
184.097025
184.118927
184.167068
184.273091
184.308519
184.402028
184.43039
184.435598
184.437594
184.483078
184.601678
184.63371
184.650815
184.672146
184.702698
184.707825
184.758801
184.760804
184.775299
184.812005
184.824959
184.881961
184.891699
184.94575
184.983125
185.017829
185.180817
185.182345
185.217335
185.219109
185.245751
185.350475
185.353222
185.399791
185.518769
185.537368
185.599884
185.601921
185.636859
185.678409
185.683166
185.688923
185.712707
185.730126
185.746542
185.788452
185.853359
185.85537
185.857824
185.870927
185.876473
185.916798
185.944723
185.971985
186.001626
186.006318
186.040816
186.082098
186.104785
186.140021
186.140324
186.153877
186.203689
186.215489
186.249811
186.29276
186.293649
186.404844
186.429571
186.527217
186.531933
186.54737
186.5748
186.59177
186.600457
186.65616
186.697618
186.71309
186.748751
186.766057
186.772529
186.776336
186.80292
186.830829
186.834081
186.850921
186.86142
186.874015
186.890704
186.906638
186.924261
186.991601
186.997149
187.004494
187.012809
187.024509
187.033424
187.045392
187.052994
187.072307
187.079296
187.093116
187.099136
187.14626
187.181871
187.243211
187.269399
187.273681
187.275625
187.364951
187.378454
187.418857
187.421139
187.490886
187.497742
187.501611
187.541296
187.545846
187.585803
187.604615
187.621213
187.635508
187.644541
187.64524
187.668373
187.670831
187.673847
187.694257
187.762182
187.773432
187.777988
187.828565
187.831521
187.840587
187.85071
187.873154
187.895274
187.913454
187.913455
187.931986
187.949423
187.951094
187.976728
187.985433
188.061267
188.061455
188.064046
188.087561
188.103515
188.109888
188.151081
188.172507
188.185759
188.19167
188.22397
188.236562
188.277639
188.279901
188.298627
188.327547
188.354577
188.393982
188.39505
188.431136
188.433776
188.434419
188.476009
188.477614
188.482443
188.526115
188.541503
188.572719
188.585397
188.596505
188.628617
188.639202
188.659929
188.662039
188.668025
188.673206
188.68991
188.713825
188.720407
188.721782
188.722322
188.739448
188.770392
188.779252
188.829107
188.83394
188.834876
188.846413
188.910371
188.928926
188.935367
188.950654
189.020421
189.02283
189.023173
189.044224
189.066079
189.080812
189.112412
189.120388
189.135615
189.136195
189.141656
189.155206
189.159732
189.170476
189.213395
189.214349
189.239906
189.266773
189.291722
189.292409
189.295282
189.311435
189.355823
189.406086
189.407446
189.411333
189.41607
189.488618
189.498417
189.53086
189.556163
189.579043
189.588112
189.619715
189.620389
189.625399
189.644734
189.653235
189.66075
189.674422
189.682562
189.69296
189.704222
189.725568
189.737868
189.738578
189.784131
189.791962
189.799802
189.803112
189.819851
189.823156
189.835616
189.835627
189.862538
189.871597
189.875292
189.893893
189.899858
189.902515
189.919787
189.923839
189.928847
189.940026
189.955439
189.962827
189.974229
189.978748
190.002523
190.018894
190.041989
190.053793
190.06322
190.06639
190.067845
190.093865
190.120578
190.120996
190.131331
190.134053
190.137397
190.143059
190.145234
190.181918
190.216328
190.242225
190.297801
190.298206
190.301571
190.302802
190.311741
190.325899
190.326788
190.327782
190.331286
190.333351
190.354506
190.373365
190.381439
190.38315
190.410285
190.415015
190.420229
190.427427
190.434721
190.439027
190.439791
190.451824
190.45297
190.459645
190.461667
190.480815
190.483831
190.495654
190.517334
190.519097
190.532278
190.547011
190.56091
190.571564
190.57422
190.592147
190.615405
190.635339
190.639347
190.639647
190.642354
190.672535
190.676674
190.686264
190.688984
190.690456
190.702011
190.714466
190.755412
190.790312
190.79388
190.793932
190.800959
190.805654
190.819782
190.825301
190.825489
190.827081
190.829583
190.830439
190.835065
190.851077
190.859264
190.860162
190.865433
190.874758
190.88974
190.894778
190.903432
190.909989
190.914626
190.920323
190.92801
190.928821
190.93475
190.96246
190.972648
190.979991
190.98035
190.983144
190.985375
191.003509
191.010474
191.013555
191.016663
191.017793
191.030822
191.046016
191.046615
191.088654
191.090838
191.100441
191.116184
191.189643
191.192482
191.192714
191.208739
191.226505
191.261192
191.264709
191.271109
191.285822
191.295073
191.305811
191.33478
191.337512
191.347951
191.348212
191.356667
191.357838
191.369907
191.420032
191.426253
191.432965
191.466044
191.479796
191.480253
191.491451
191.495803
191.49956
191.51238
191.542404
191.550507
191.550667
191.556774
191.567844
191.571259
191.573977
191.578554
191.609102
191.610786
191.618709
191.623892
191.624073
191.635565
191.661165
191.681157
191.688086
191.696709
191.706117
191.708033
191.708228
191.711177
191.73031
191.774548
191.776205
191.777417
191.819214
191.819459
191.832914
191.859756
191.908342
191.928805
191.944962
191.947882
191.952086
191.95741
191.964432
191.973118
191.980822
191.986211
192.011504
192.013777
192.023903
192.025197
192.035967
192.03617
192.044209
192.057773
192.071714
192.076316
192.097881
192.10429
192.194755
192.195171
192.225889
192.227665
192.232263
192.233896
192.234637
192.254761
192.256554
192.260507
192.271634
192.275747
192.287706
192.292727
192.294391
192.297762
192.303331
192.305235
192.310816
192.345587
192.351857
192.353099
192.357622
192.35909
192.367547
192.368773
192.369515
192.379196
192.388451
192.407438
192.408833
192.421872
192.425718
192.431064
192.436481
192.467477
192.467823
192.481599
192.485096
192.485797
192.498543
192.509787
192.509886
192.511823
192.563388
192.575242
192.588516
192.588625
192.595937
192.608238
192.610981
192.640795
192.644733
192.649595
192.662277
192.665208
192.684797
192.694883
192.708927
192.751521
192.762355
192.781821
192.793976
192.8184
192.82685
192.831886
192.833831
192.835907
192.836605
192.852883
192.867752
192.875458
192.893425
192.894982
192.921852
192.954582
192.957532
192.968627
193.00301
193.012317
193.023665
193.040016
193.046963
193.052074
193.060553
193.067141
193.082253
193.092747
193.096439
193.106884
193.13291
193.143132
193.144317
193.144567
193.150658
193.161865
193.16884
193.197315
193.214423
193.228725
193.232616
193.271643
193.276285
193.279847
193.282336
193.286298
193.28766
193.299684
193.305155
193.305945
193.307564
193.31067
193.311499
193.312366
193.315467
193.323927
193.32609
193.333758
193.342681
193.359447
193.367976
193.373977
193.386024
193.387876
193.40548
193.410166
193.423563
193.43402
193.451175
193.457633
193.469432
193.479268
193.522918
193.527523
193.533807
193.54146
193.580643
193.586494
193.60056
193.615635
193.623569
193.627594
193.630854
193.641489
193.650534
193.653688
193.655555
193.678213
193.678524
193.689403
193.691559
193.697261
193.709251
193.711249
193.713319
193.719997
193.72403
193.725972
193.726229
193.727317
193.731833
193.739524
193.744756
193.771721
193.777055
193.781504
193.79414
193.805025
193.808571
193.843648
193.884244
193.890343
193.898853
193.91864
193.925622
193.929916
193.932857
193.935674
193.949992
193.95377
193.95786
193.960056
193.962787
193.975037
193.977371
193.982095
193.999226
194.006625
194.012297
194.021829
194.033411
194.035374
194.046977
194.055882
194.056347
194.063285
194.064963
194.066474
194.069438
194.076913
194.081179
194.08269
194.086216
194.088697
194.098582
194.107745
194.114641
194.12177
194.137246
194.142289
194.148204
194.215752
194.216078
194.224309
194.226915
194.242877
194.258285
194.282403
194.28275
194.299249
194.315663
194.32521
194.329182
194.329925
194.332079
194.344246
194.344538
194.348422
194.352282
194.357189
194.369209
194.376434
194.385448
194.388737
194.393086
194.397504
194.413025
194.42134
194.460551
194.488082
194.488735
194.489242
194.503118
194.514762
194.533687
194.540056
194.540211
194.558852
194.561548
194.561963
194.573664
194.574627
194.5775
194.581817
194.606441
194.606763
194.634543
194.644822
194.652258
194.652603
194.669264
194.669867
194.670526
194.677985
194.685579
194.697365
194.699319
194.708919
194.712995
194.716912
194.718949
194.719835
194.727565
194.738465
194.76855
194.771235
194.77364
194.77682
194.801401
194.802315
194.814898
194.829105
194.848487
194.85166
194.853602
194.8577
194.858059
194.862484
194.87279
194.877817
194.884992
194.887301
194.891636
194.895672
194.90109
194.902094
194.917387
194.920373
194.9606
194.962928
194.969739
194.976391
194.997984
194.999441
195.008717
195.023507
195.02368
195.027577
195.031152
195.04084
195.04164
195.04586
195.046102
195.047509
195.056456
195.068718
195.092488
195.09488
195.102518
195.11887
195.120483
195.122262
195.129086
195.13581
195.137443
195.139018
195.140111
195.158021
195.165612
195.182538
195.182907
195.183721
195.206846
195.221521
195.245971
195.261021
195.267279
195.269162
195.28004
195.284726
195.310994
195.319442
195.323229
195.349658
195.354192
195.355331
195.373047
195.37953
195.390227
195.394744
195.399425
195.410091
195.410806
195.426461
195.436745
195.448795
195.457737
195.483912
195.483952
195.49337
195.495618
195.500794
195.508072
195.515091
195.517985
195.524361
195.525159
195.531978
195.536886
195.5436
195.565137
195.580065
195.601268
195.604581
195.605074
195.610294
195.619025
195.634054
195.648792
195.651308
195.654624
195.659979
195.663391
195.674087
195.674304
195.677716
195.692032
195.692353
195.70461
195.707006
195.713508
195.723886
195.740713
195.742641
195.756648
195.762953
195.767423
195.76874
195.782546
195.792168
195.792514
195.792706
195.793581
195.796555
195.799306
195.801041
195.805814
195.810366
195.82157
195.827741
195.83087
195.867153
195.872535
195.873413
195.891047
195.902614
195.917038
195.926
195.933091
195.942668
195.947304
195.972491
195.977267
195.97762
195.978636
195.98385
195.986469
196.002558
196.016326
196.016774
196.03328
196.034704
196.051137
196.05635
196.058951
196.061934
196.074963
196.076303
196.079435
196.086286
196.08828
196.088433
196.114381
196.116826
196.122569
196.12423
196.12494
196.127427
196.131363
196.140872
196.142906
196.15308
196.156191
196.159971
196.164741
196.166323
196.174474
196.178315
196.181095
196.189351
196.241592
196.248321
196.265917
196.267362
196.273467
196.277596
196.296448
196.300174
196.30252
196.308194
196.315482
196.31848
196.329013
196.336094
196.338213
196.346748
196.348304
196.34959
196.349776
196.351679
196.354036
196.355916
196.365092
196.369498
196.379909
196.382482
196.386984
196.394672
196.40353
196.405772
196.406136
196.408134
196.44482
196.445886
196.450016
196.451037
196.454806
196.455362
196.457795
196.462584
196.474368
196.486744
196.491723
196.492099
196.499477
196.500222
196.505397
196.511402
196.514996
196.516111
196.519479
196.520102
196.525148
196.532707
196.533886
196.543301
196.54391
196.548127
196.549842
196.552287
196.559238
196.561126
196.567888
196.569161
196.569576
196.57568
196.578778
196.608251
196.631041
196.640072
196.640928
196.652855
196.665859
196.677367
196.678508
196.690249
196.690852
196.695722
196.69833
196.707234
196.7122
196.716078
196.723377
196.7275
196.73276
196.747954
196.776896
196.798109
196.814332
196.820421
196.825495
196.828591
196.829424
196.836074
196.838682
196.842621
196.84345
196.854397
196.855071
196.864349
196.883095
196.898545
196.905152
196.906668
196.911011
196.912958
196.924751
196.924881
196.925445
196.927891
196.939854
196.953653
196.966599
196.97081
196.983002
196.990335
196.990667
197.0012
197.021138
197.022425
197.023999
197.03915
197.042197
197.045058
197.053976
197.055526
197.080894
197.082968
197.095782
197.096045
197.100958
197.103302
197.113101
197.119576
197.119605
197.130373
197.134951
197.136571
197.13917
197.148477
197.159736
197.165977
197.167851
197.168732
197.169444
197.170911
197.172349
197.173698
197.177318
197.186083
197.194327
197.195298
197.20444
197.207176
197.212357
197.215224
197.217565
197.219887
197.233575
197.242001
197.251844
197.252094
197.254308
197.259852
197.259956
197.260698
197.26261
197.267385
197.276783
197.282797
197.287737
197.287807
197.294758
197.302016
197.308151
197.311232
197.311276
197.311278
197.318726
197.321048
197.32459
197.326384
197.338214
197.343752
197.344129
197.351362
197.362065
197.370166
197.373574
197.375361
197.378799
197.384508
197.394604
197.395704
197.397843
197.401274
197.411149
197.411713
197.412833
197.415349
197.420824
197.422685
197.424239
197.428289
197.446737
197.459541
197.463963
197.469634
197.474152
197.4785
197.480283
197.48102
197.48743
197.492622
197.495573
197.50222
197.510461
197.510605
197.516744
197.520108
197.532052
197.537377
197.538608
197.539001
197.540843
197.547179
197.54963
197.577262
197.583718
197.587053
197.592786
197.60009
197.608969
197.614177
197.623885
197.631969
197.635875
197.636513
197.649216
197.653286
197.664071
197.677655
197.683235
197.691918
197.708022
197.733157
197.735778
197.739326
197.739345
197.75225
197.753579
197.763887
197.783082
197.78694
197.791661
197.793399
197.793887
197.799623
197.801859
197.806402
197.807485
197.807694
197.811685
197.812531
197.838206
197.864006
197.87769
197.87875
197.884259
197.914949
197.917384
197.917541
197.938215
197.938384
197.942645
197.94358
197.948889
197.953833
197.954172
197.954944
197.965074
197.965932
197.971068
197.971817
197.97286
197.981071
197.985846
197.987761
197.988515
197.990638
197.992933
198.001734
198.00208
198.004588
198.004702
198.005654
198.015613
198.023441
198.024901
198.026504
198.042984
198.044326
198.044356
198.048914
198.050068
198.052032
198.05848
198.068071
198.06817
198.070076
198.072228
198.100242
198.105376
198.118784
198.120815
198.154244
198.154358
198.158112
198.160356
198.162237
198.163145
198.16334
198.172704
198.178766
198.189327
198.189894
198.202003
198.208885
198.215983
198.219591
198.22173
198.221796
198.237341
198.246506
198.248498
198.253591
198.257341
198.277054
198.284204
198.284627
198.287744
198.292496
198.295552
198.29559
198.313006
198.313178
198.320026
198.323008
198.330366
198.344289
198.354612
198.357962
198.361164
198.362068
198.362911
198.371245
198.383437
198.386037
198.394544
198.40178
198.408606
198.409953
198.410105
198.415265
198.431719
198.440111
198.44852
198.450405
198.462114
198.467293
198.469359
198.494686
198.495414
198.495768
198.498723
198.529991
198.540476
198.54993
198.553829
198.555086
198.569226
198.581926
198.596537
198.60293
198.606459
198.609798
198.609829
198.61214
198.622777
198.624933
198.625205
198.638961
198.655338
198.660608
198.660991
198.661851
198.666
198.670993
198.674097
198.69278
198.69903
198.703613
198.716623
198.725659
198.728046
198.729889
198.734189
198.746463
198.749867
198.756152
198.758383
198.761575
198.771309
198.771868
198.778479
198.781248
198.786303
198.804823
198.805747
198.815411
198.82556
198.828862
198.839673
198.849208
198.851216
198.859406
198.862923
198.882116
198.895696
198.899339
198.909441
198.932533
198.934039
198.937069
198.937911
198.945474
198.952743
198.967517
198.979031
198.991683
199.011883
199.012377
199.024189
199.026223
199.031979
199.037257
199.04384
199.045824
199.056298
199.059771
199.060736
199.062896
199.067723
199.069481
199.06957
199.0707
199.072395
199.093723
199.098083
199.111105
199.111985
199.114431
199.121101
199.122775
199.123402
199.134778
199.137679
199.146948
199.148414
199.152834
199.165314
199.16642
199.167046
199.175258
199.176248
199.179098
199.183371
199.186036
199.188501
199.188834
199.190147
199.191279
199.193894
199.196398
199.197832
199.20082
199.211299
199.218295
199.228218
199.235203
199.239433
199.240308
199.242599
199.255776
199.258494
199.261903
199.267946
199.271173
199.276531
199.283345
199.291726
199.29774
199.301408
199.301655
199.304544
199.307039
199.312474
199.319979
199.331501
199.335211
199.345837
199.34816
199.355205
199.356377
199.356382
199.371472
199.381937
199.394479
199.403274
199.411035
199.412272
199.413611
199.418531
199.418873
199.422275
199.4238
199.431284
199.432331
199.437118
199.43841
199.445163
199.453094
199.454949
199.45724
199.462941
199.468848
199.469111
199.474485
199.511414
199.511936
199.514274
199.514558
199.518011
199.524231
199.531377
199.542175
199.545425
199.560367
199.561657
199.562772
199.569523
199.569932
199.589821
199.590987
199.591091
199.593876
199.595803
199.595863
199.601691
199.621086
199.631379
199.63718
199.638328
199.645965
199.652004
199.653195
199.661804
199.669382
199.678441
199.694846
199.699219
199.707658
199.716581
199.721593
199.729417
199.730249
199.744359
199.760735
199.761206
199.76198
199.771813
199.776739
199.778923
199.779541
199.795853
199.796389
199.80046
199.804304
199.808014
199.808179
199.809632
199.811037
199.818282
199.833556
199.861664
199.870409
199.894588
199.897971
199.900137
199.90473
199.906137
199.907638
199.909974
199.912823
199.913181
199.913706
199.917516
199.918863
199.932111
199.932354
199.932558
199.940527
199.941122
199.945402
199.947001
199.948442
199.960826
199.961917
199.962107
199.963096
199.964248
199.965378
199.970785
199.996069
199.998873
200.001425
200.003573
200.005579
200.005775
200.021546
200.026239
200.03327
200.05961
200.065116
200.069458
200.084132
200.084753
200.091689
200.093563
200.09483
200.09652
200.096779
200.099899
200.110053
200.132434
200.139023
200.159772
200.162559
200.177402
200.178862
200.180852
200.186709
200.189827
200.195395
200.216944
200.22022
200.224902
200.231485
200.246037
200.263281
200.282354
200.284827
200.288373
200.294553
200.301703
200.303132
200.307261
200.309342
200.310692
200.311301
200.312768
200.316984
200.331864
200.341016
200.343105
200.35058
200.353786
200.365232
200.365961
200.367488
200.381238
200.388332
200.391111
200.396112
200.396578
200.399495
200.40451
200.404778
200.423867
200.431354
200.438465
200.45068
200.452077
200.46447
200.46679
200.470492
200.47432
200.485006
200.488522
200.493889
200.498313
200.499208
200.499724
200.52103
200.528569
200.530299
200.530441
200.53923
200.54169
200.543272
200.562429
200.565452
200.568612
200.579541
200.583554
200.586714
200.588713
200.594485
200.598952
200.599979
200.601568
200.606134
200.613084
200.614017
200.615523
200.61727
200.621928
200.627776
200.637131
200.642601
200.645571
200.650692
200.650739
200.65316
200.667606
200.696421
200.696604
200.699403
200.712676
200.71503
200.718702
200.742396
200.746226
200.74961
200.758548
200.759675
200.765128
200.775951
200.77678
200.779813
200.781782
200.781915
200.788779
200.796414
200.817062
200.820465
200.825175
200.826303
200.832412
200.838501
200.850214
200.853681
200.86965
200.871333
200.888964
200.891488
200.89374
200.903088
200.928883
200.932767
200.936541
200.937341
200.947363
200.956745
200.96104
200.962587
200.964419
200.972715
200.973726
200.988742
200.992384
200.996823
200.997011
201.015319
201.017203
201.019445
201.021946
201.023944
201.027497
201.048838
201.060741
201.065347
201.069411
201.072655
201.081677
201.081797
201.082778
201.088123
201.0903
201.09286
201.09764
201.099064
201.109883
201.116812
201.119602
201.121539
201.12467
201.126171
201.127546
201.147759
201.160817
201.162846
201.164229
201.172817
201.175147
201.184253
201.191921
201.197129
201.201927
201.208309
201.220769
201.225242
201.229461
201.237242
201.243137
201.245755
201.249734
201.26002
201.270661
201.272859
201.282343
201.294702
201.295864
201.296104
201.300987
201.303496
201.313846
201.325849
201.327303
201.339131
201.347463
201.350201
201.357926
201.364517
201.367485
201.370136
201.370939
201.373255
201.377507
201.384958
201.391378
201.421174
201.43822
201.456219
201.461577
201.462649
201.467717
201.46921
201.475098
201.477108
201.477246
201.492256
201.497131
201.516975
201.542654
201.546938
201.553754
201.562413
201.571071
201.587016
201.588863
201.595392
201.59686
201.597036
201.603225
201.605448
201.609086
201.623051
201.637
201.643072
201.645016
201.652063
201.663316
201.663842
201.675294
201.68919
201.701855
201.706407
201.711329
201.71387
201.718194
201.719983
201.731545
201.732152
201.733266
201.733681
201.735669
201.736945
201.742225
201.749505
201.762623
201.764495
201.774545
201.775782
201.777361
201.783398
201.785886
201.79368
201.799913
201.80067
201.802253
201.806215
201.818128
201.821589
201.834133
201.847395
201.851625
201.853493
201.854921
201.854955
201.857354
201.864027
201.865376
201.870118
201.878121
201.8828
201.883026
201.893398
201.896003
201.905361
201.914631
201.91511
201.921167
201.926044
201.930244
201.930288
201.930892
201.932547
201.958152
201.962962
201.964511
201.971001
201.983206
202.005854
202.008983
202.011599
202.013769
202.016281
202.025151
202.034278
202.037457
202.053626
202.058946
202.060779
202.061614
202.072711
202.079265
202.081846
202.087774
202.10458
202.109307
202.131771
202.133008
202.134629
202.139731
202.144765
202.15018
202.152942
202.161519
202.167297
202.176431
202.179714
202.184747
202.186717
202.195103
202.196772
202.197816
202.198042
202.202846
202.214864
202.215332
202.227843
202.228663
202.240773
202.245873
202.251118
202.253288
202.265681
202.266294
202.277998
202.279128
202.281318
202.294077
202.30484
202.31159
202.316049
202.316636
202.321081
202.323481
202.330906
202.348621
202.354302
202.359462
202.361849
202.378083
202.386314
202.386733
202.388052
202.391446
202.397193
202.399589
202.401787
202.403275
202.40888
202.411167
202.435952
202.456334
202.464756
202.467682
202.472531
202.481851
202.484244
202.484859
202.534891
202.551683
202.555682
202.556672
202.570405
202.580939
202.596168
202.602048
202.604247
202.606929
202.624542
202.626903
202.627777
202.628988
202.637705
202.637819
202.644257
202.67091
202.673295
202.68943
202.693051
202.69872
202.703684
202.718887
202.719951
202.729707
202.731431
202.739994
202.750925
202.768124
202.769187
202.787977
202.79379
202.810243
202.813498
202.822197
202.826426
202.838348
202.84192
202.851433
202.854097
202.903309
202.929919
202.945517
202.955223
202.993502
202.996097
203.007558
203.026437
203.031091
203.038094
203.043361
203.048048
203.057483
203.076892
203.086293
203.087815
203.099652
203.105038
203.116246
203.116949
203.119423
203.1221
203.122333
203.125547
203.152995
203.155395
203.162823
203.183715
203.196997
203.205551
203.214815
203.217189
203.218202
203.222379
203.228047
203.243363
203.262974
203.267953
203.275171
203.279929
203.288888
203.290783
203.301601
203.313979
203.318913
203.327327
203.335998
203.346614
203.348459
203.353348
203.375671
203.384633
203.38653
203.411577
203.421416
203.422987
203.427999
203.457213
203.461687
203.463875
203.468
203.470164
203.470911
203.471714
203.475528
203.484505
203.492626
203.493117
203.494252
203.509292
203.511354
203.519584
203.535035
203.541254
203.562293
203.570202
203.580125
203.587787
203.593126
203.595026
203.616986
203.625682
203.642597
203.653177
203.653343
203.663361
203.677769
203.682512
203.701519
203.712416
203.716699
203.726749
203.728568
203.742192
203.755492
203.759193
203.759818
203.763399
203.763478
203.777958
203.787199
203.821077
203.840951
203.85428
203.872653
203.875827
203.88515
203.902878
203.915676
203.921557
203.925733
203.934112
203.936975
203.957251
203.992844
204.015589
204.017679
204.01821
204.066014
204.080542
204.083677
204.099141
204.107574
204.11258
204.122723
204.124124
204.130476
204.151502
204.155274
204.172935
204.175439
204.192981
204.202578
204.222461
204.227447
204.235542
204.245983
204.246008
204.261585
204.274983
204.280989
204.292614
204.301
204.302823
204.314325
204.362324
204.372346
204.374584
204.379448
204.405672
204.428248
204.429032
204.429767
204.430651
204.431548
204.436223
204.449846
204.452614
204.460511
204.462499
204.464383
204.477535
204.484964
204.501545
204.506733
204.509208
204.514721
204.515468
204.527575
204.529146
204.545394
204.546202
204.570495
204.57146
204.581589
204.583204
204.590785
204.60938
204.612555
204.621015
204.6348
204.662941
204.667919
204.679461
204.682201
204.683233
204.693714
204.694809
204.699317
204.704955
204.707441
204.728489
204.75179
204.753013
204.760002
204.769129
204.776605
204.778733
204.782632
204.796889
204.806193
204.84009
204.88419
204.907642
204.913103
204.923574
204.931962
204.938193
204.945814
204.954954
204.955883
205.022085
205.034734
205.037636
205.047867
205.070507
205.093291
205.099564
205.100465
205.129708
205.137856
205.146884
205.149498
205.178127
205.187902
205.193457
205.193789
205.199149
205.200256
205.204969
205.217902
205.220429
205.28143
205.308732
205.332516
205.338694
205.357739
205.360859
205.366552
205.367106
205.372929
205.389962
205.406202
205.431636
205.463532
205.475251
205.479865
205.492541
205.505412
205.506947
205.508231
205.531733
205.548054
205.548276
205.570756
205.609542
205.615421
205.616224
205.623694
205.63595
205.638211
205.646841
205.663633
205.703583
205.708566
205.709965
205.711933
205.765768
205.79474
205.802891
205.80367
205.826362
205.843531
205.844373
205.850988
205.871642
205.880817
205.894665
205.912811
205.920652
205.961702
205.986747
205.986865
205.990807
205.995475
206.001389
206.011788
206.021661
206.031551
206.037116
206.043477
206.050984
206.057958
206.063921
206.065387
206.073372
206.073419
206.08183
206.086231
206.092106
206.131769
206.137424
206.145403
206.146377
206.168307
206.174075
206.178631
206.206784
206.211068
206.239201
206.242456
206.251659
206.262455
206.265291
206.275094
206.300133
206.3097
206.324853
206.325391
206.337459
206.341821
206.348494
206.356808
206.374122
206.37886
206.388303
206.423602
206.464983
206.486519
206.492018
206.525001
206.534962
206.539918
206.546922
206.565717
206.58262
206.603486
206.610474
206.61114
206.615924
206.619339
206.632468
206.669107
206.692773
206.701068
206.747191
206.768303
206.80314
206.8067
206.809821
206.817019
206.817549
206.827734
206.842672
206.864146
206.890286
206.927056
206.950208
206.950844
206.955949
206.98754
207.0005
207.012937
207.02698
207.082011
207.125383
207.148228
207.149362
207.176757
207.203528
207.209388
207.252813
207.266791
207.276147
207.294598
207.319637
207.321186
207.350843
207.353192
207.450076
207.478745
207.480022
207.4994
207.500253
207.506372
207.510804
207.511203
207.514056
207.526893
207.55626
207.599682
207.603918
207.647088
207.674259
207.684202
207.731782
207.789697
207.790712
207.809635
207.813024
207.83309
207.852959
207.878928
207.890321
207.899228
207.9028
207.907462
207.918432
207.921362
207.947935
207.974227
207.978396
208.00962
208.016336
208.03301
208.035835
208.052624
208.154872
208.194445
208.271493
208.303911
208.304887
208.32448
208.3514
208.396544
208.468812
208.49645
208.507838
208.53045
208.534557
208.537053
208.551277
208.572292
208.582447
208.589333
208.601851
208.611545
208.62283
208.635734
208.656218
208.656532
208.665999
208.672612
208.686227
208.686991
208.701762
208.723153
208.770595
208.773403
208.79794
208.808142
208.827208
208.8325
208.843247
208.85742
208.858023
208.892987
208.93373
208.936453
208.941785
208.943276
208.963986
208.977015
209.047146
209.162295
209.178401
209.191623
209.196488
209.20246
209.212519
209.232056
209.307626
209.309111
209.327301
209.364462
209.391874
209.424941
209.461428
209.631165
209.671948
209.67328
209.688293
209.70952
209.770793
209.812739
209.920123
209.946946
210.175568
210.242344
210.276251
210.309023
210.34952
210.402604
210.50869
210.546831
210.548524
210.561925
210.612372
210.614331
210.632002
210.6648
210.675542
210.680412
210.866992
210.885631
210.961148
210.978451
211.014493
211.044341
211.135542
211.182852
211.217364
211.235051
211.2764
211.315065
211.333795
211.358872
211.478524
211.592609
211.60504
211.667847
211.74839
211.753664
211.767495
211.796229
211.876165
211.951245
212.052446
212.169331
212.173788
212.26703
212.3305
212.358744
212.417538
212.508205
212.565949
212.622319
212.634855
212.655975
212.656013
212.658811
212.666358
212.676977
212.739671
212.744548
212.756841
212.776194
212.789421
212.830239
212.888269
212.927906
212.988744
213.138101
213.147911
213.21153
213.322372
213.324568
213.32678
213.327644
213.36932
213.376337
213.568465
213.572334
213.59728
213.606617
213.622084
213.702657
213.854887
213.865253
213.957508
214.233914
214.30004
214.679406
214.714291
214.717422
214.722628
214.84984
214.935317
215.274072
215.479117
215.569674
215.590102
215.624426
215.685873
215.732341
216.058587
216.090363
216.12087
216.230264
216.45496
216.456328
216.548433
216.550391
217.056893
217.556739
217.623992
217.642247
217.972274
218.149425
218.430748
218.458506
218.6393
218.670387
218.792936
218.852509
219.040646
219.140438
219.42852
219.577472
219.718293
220.100673
220.105684
220.194154
220.233791
220.46613
220.621842
220.759169
221.715139
222.152252
223.164228
225.238365
225.46802
226.928485
228.100387
228.887921
228.903624
229.124445
232.013331
232.67155
233.220227
233.907519
238.42502
239.674989
241.052865
248.075273
248.908794
249.895477
253.457993
267.393237
270.283878
287.845969
342.496668
355.656393
389.544674
398.019361
435.660602
470.207504
479.126025
483.595767
490.216091
496.749979
588.662502
921.17339
2577.408277
