7.63571
9.840856
10.072181
10.689055
10.995812
11.231602
11.50061
11.841752
12.237304
12.34419
12.480296
12.492895
12.526889
13.036694
13.2725
13.273
13.322078
13.495173
13.566871
13.823389
13.858368
13.971206
13.980896
14.097912
14.255407
14.33264
14.428973
14.493773
14.572594
14.578127
14.774555
14.907456
14.975121
15.063925
15.159943
15.242036
15.872622
16.032314
16.033712
16.037167
16.096754
16.238186
16.242687
16.32589
16.337438
16.376091
16.474496
16.606144
16.729629
16.876897
16.961796
17.029847
17.033842
17.244291
17.404687
17.524429
17.552715
17.692076
17.738911
17.872525
18.149238
18.319541
18.516554
19.460372
19.55356
19.622367
19.849792
19.921692
20.70459
20.715934
21.054086
21.123174
21.157134
21.182356
21.507536
22.083282
22.359772
23.163162
23.932789
24.711608
24.746686
25.320837
27.612473
29.510834
29.659653
32.357819
35.573912
38.329153
47.867786
54.937261
114.163807
119.42243
120.357911
122.485103
125.010366
125.490855
125.511974
125.728781
127.693722
129.949404
133.080523
133.375369
134.572115
135.113883
135.545275
138.287916
139.817227
141.232528
141.453014
141.598142
142.535241
143.124718
143.167526
145.578346
145.670776
145.975995
146.096864
146.108195
146.125375
146.429393
146.81096
147.503475
148.214394
148.285727
148.61588
148.686352
148.976672
149.029162
149.244414
149.334968
149.539499
149.722851
150.058783
150.09935
150.415231
150.994757
151.075023
151.284124
151.285071
151.765187
152.113525
152.392485
152.449988
152.494902
152.639744
152.843643
153.20632
153.314228
153.962108
154.033114
154.115628
154.288829
154.441902
154.67526
155.028267
155.27022
155.695508
155.830083
156.312249
156.646159
156.908589
157.258472
157.411063
158.127514
159.081112
159.509687
159.85631
159.91486
160.005979
160.845553
160.879341
162.069548
162.596776
163.73009
164.078446
164.993656
165.256939
173.015683
173.475337
180.264979
183.886014
183.971448
185.256339
185.808643
188.037644
188.518191
188.74024
188.805595
188.963011
189.146309
190.106768
190.737495
191.086057
191.803273
192.1687
192.17301
192.471571
193.112043
193.462833
193.884642
194.591887
194.813878
195.833
197.148051
197.189055
197.44784
197.467062
197.64245
197.672657
197.927905
198.206608
198.512262
199.162263
199.542296
199.618132
200.385284
200.486426
200.719735
200.75198
200.917954
201.405014
201.481394
202.263269
202.458577
202.525981
202.70336
202.738804
203.448631
203.715623
204.23783
204.352921
204.552827
204.93383
205.162861
205.470386
205.809191
206.725682
206.854242
207.529487
207.653253
207.754461
207.895291
208.070528
208.498443
209.186579
209.197957
209.980658
210.445353
210.542934
212.635535
213.416443
214.041765
214.288788
214.326613
214.517949
214.598184
214.650793
214.659474
214.953039
215.063478
215.522025
215.708794
216.015751
216.178236
216.343743
216.529622
216.778796
217.233896
219.739826
219.881932
220.078885
220.092925
220.253271
220.652517
220.717245
221.044482
221.529075
221.676137
221.917052
222.477746
222.593863
223.385598
224.273752
224.75783
224.849721
224.906776
225.124574
227.243155
227.284227
228.038238
228.623326
228.817897
228.835294
228.916963
228.951783
229.200858
229.220279
229.55377
229.914459
230.803894
231.143565
231.411549
231.852264
232.100393
232.361227
233.485449
233.815187
233.985869
234.040996
235.131246
235.17908
235.226158
235.262682
235.472176
235.54963
237.850585
239.080991
239.160922
239.587672
239.769634
240.924844
241.113288
241.318198
242.116113
242.295144
242.588414
242.909036
243.720006
243.848771
244.283802
244.334946
244.347678
244.38277
244.455738
245.056223
245.206358
245.447107
246.178141
246.455294
246.711643
246.736771
246.952449
247.32279
247.404424
248.283119
248.308031
248.485348
248.782519
248.801584
248.809538
248.964418
249.136339
249.177641
249.701291
249.860921
250.609291
251.083133
251.133365
251.150268
251.176327
251.23212
251.334291
252.585133
252.945738
252.973474
254.890303
255.195627
256.244369
256.439391
256.971687
257.353788
259.785
261.027159
261.428547
261.496667
264.071196
264.444067
264.783815
264.972227
266.198737
267.373636
271.771184
273.895702
274.79926
274.952726
275.94121
276.879238
277.485722
284.177578
285.471142
285.667951
285.759306
286.046096
286.348278
287.891307
288.553866
290.03778
290.054602
291.247478
291.495834
294.018566
296.43548
297.47549
298.668282
298.809789
299.504443
300.328473
300.910104
300.95954
301.349861
301.534646
301.645476
302.296909
303.723719
304.426387
304.630956
304.769572
305.449355
306.201735
306.939884
307.643523
308.809606
310.299251
312.563189
312.585775
313.096012
314.121039
315.835677
315.857952
316.377308
317.837274
320.17172
320.26962
321.446664
321.794902
324.072708
327.617263
327.646785
328.757792
331.331512
332.29707
332.670123
332.774385
333.585994
335.495957
335.496564
336.547024
337.087548
338.950252
338.967902
340.575191
340.656351
340.926728
342.680376
345.132236
348.899012
350.396043
352.345882
352.413032
353.474316
356.223535
356.608397
361.930904
367.036509
371.967192
372.257574
373.414689
373.94134
374.416414
374.667154
377.669019
383.73764
384.935661
386.65204
393.074137
394.551524
401.071744
404.829355
424.489622
426.384346
433.138004
433.75078
434.251301
444.704848
447.373413
450.38794
455.630729
459.532491
466.96818
476.717164
478.765524
484.677413
487.381351
487.701294
489.979468
495.405991
496.053322
496.993034
504.861122
507.802459
510.689386
513.043933
518.808918
537.136189
542.077678
543.743124
549.412007
552.67008
558.37692
565.765374
575.436212
591.793225
592.206867
594.861343
595.522792
605.975313
615.045381
615.096875
620.189575
639.059179
639.176534
653.384036
660.125602
663.90656
668.689835
672.09552
672.375158
672.451301
674.84353
679.311037
679.594535
682.813253
689.148687
690.154827
692.768147
694.052894
696.137544
697.113436
698.295753
698.461514
698.623344
704.480941
706.086381
707.099834
712.308077
712.375427
719.897409
721.396887
725.257453
728.781353
732.526374
736.020005
738.181313
747.20449
748.367098
750.387357
759.459728
766.085303
769.08971
770.973002
796.489308
811.186456
812.179612
813.710722
832.659606
839.56073
843.224228
851.353107
852.541525
856.282745
866.783435
868.752022
882.316367
892.349083
894.047913
898.807068
909.654101
909.862617
914.526769
931.293908
934.415254
952.51102
955.37477
956.405247
959.402368
976.488567
978.76451
1000.873407
1006.183131
1017.432876
1028.925532
1042.029014
1050.890662
1070.523338
1073.480562
1086.780843
1089.634767
1104.14588
1131.55493
1132.236046
1156.7937
1157.926007
1172.691735
1175.964226
1176.45246
1205.137451
1208.984548
1285.798712
1307.47696
1314.877407
1368.383888
1376.09994
1394.110088
1395.617661
1412.062391
1468.219457
1507.286626
1528.498742
1541.388574
1549.092733
1552.795046
1599.723721
1617.598113
1676.742771
1692.791868
1700.321044
1748.969117
1779.409656
1783.999105
1811.098795
1827.462175
1834.133442
1837.27327
1844.904609
1862.217105
1865.195042
1870.963739
1872.403752
1876.093312
1895.189449
1895.446815
1906.616923
1910.943642
1917.231456
1917.819331
1921.355526
1932.367568
1945.692523
1993.557439
2005.820614
2092.047999
2232.631611
2238.139209
2249.8103
2282.677221
2304.197416
2371.133795
2383.497234
2386.784259
2389.378885
2391.793324
2429.40312
2430.895576
2452.462562
2469.110147
2473.391571
2491.958236
2504.451186
2550.712261
2711.539198
2798.80226
2830.068329
2873.225169
2877.78717
2885.860945
2904.221208
2940.027333
2954.730172
3044.020802
3095.493958
3235.960442
3357.567639
3539.58641
3588.645553
3604.455232
3650.197794
3697.07653
3741.564151
3789.577959
3876.738489
3885.5356
4696.280473
4780.596563
4887.674604
5050.271948
5071.410549
5129.292565
5135.985285
5139.992022
5159.199376
5216.334371
5230.926254
5256.1173
5274.785114
5349.368909
5357.061231
5358.987341
5394.057488
5431.348044
5441.488932
5442.271247
5507.232311
5535.401352
5542.429877
5544.464776
5552.312457
5558.877236
5575.063211
5592.545212
5593.080044
5610.003018
5618.790276
5637.329149
5651.19031
5666.302082
5677.784467
5689.34584
5700.141633
5732.957274
5764.827564
5841.776799
5848.144497
5930.079177
5942.948932
5969.382003
5992.295237
6000.064676
6003.716244
6021.289049
6028.82444
6050.061749
6058.995997
6073.371822
6075.613928
6078.410301
6079.996566
6102.551843
6103.171779
6289.317865
6366.504892
6369.144289
6389.640221
6438.245331
6546.286055
6670.91561
6719.331664
6855.492169
7080.817544
7117.5414
10109.361766
10800.357131
10800.995299
10802.181651
10802.386727
10802.531772
10803.188528
10803.64123
10829.337294
10830.39312
10921.902238
11039.841162
11056.951845
11101.653744
12591.731475
21600.834857
86401.36344
86401.63914
