205.14441
206.414643
210.27469
221.787883
752.644492
1422.14781
1427.847249
1429.642797
1487.866957
1521.275357
1550.665805
1560.710903
1586.943985
1590.747993
1601.945336
1603.731677
1622.411218
1622.902651
1637.967118
1693.291136
1700.403487
1707.023778
1746.380664
1752.185474
1755.778533
1788.237726
1790.049657
1810.402375
1911.454927
2045.849034
2064.095114
2085.360893
2126.851536
2130.937881
2138.390946
2146.378056
2146.393463
2151.344926
2156.131297
2157.127642
2157.449023
2157.851587
2157.853899
2159.753084
2162.944455
2164.302493
2164.977189
2165.353597
2166.90163
2167.450178
2169.481842
2169.715384
2171.147991
2171.482413
2172.122959
2172.144385
2173.657614
2174.183964
2174.306111
2174.622069
2174.933841
2175.525433
2175.536019
2175.852003
2177.856095
2177.943574
2179.427968
2179.927312
2179.943915
2181.042174
2183.284453
2184.166494
2184.611751
2186.300703
2186.4029
2186.673318
2186.868631
2186.878514
2186.886241
2186.901093
2187.271803
2188.298081
2188.448945
2189.766138
2191.829639
2191.95218
2192.078523
2192.562578
2193.087058
2193.289248
2193.575357
2195.734634
2196.130781
2196.847568
2197.265861
2197.63903
2197.712668
2197.798754
2197.906269
2198.215279
2198.401773
2199.13868
2199.825333
2201.600491
2203.794425
2205.076335
2205.840273
2206.307695
2206.544323
2206.682816
2207.078716
2207.181204
2207.19716
2207.241696
2207.270565
2207.312031
2207.406076
2207.472449
2207.831532
2207.937818
2208.271201
2208.441948
2208.539906
2208.541984
2208.799408
2209.534631
2209.751313
2210.033711
2211.185118
2211.396807
2211.424248
2211.627457
2211.901921
2211.977395
2212.200306
2212.840637
2213.351232
2214.412337
2214.841217
2214.9587
2214.993144
2215.034928
2215.354334
2215.892599
2215.910839
2216.109238
2216.985154
2217.251595
2217.489398
2218.419462
2218.859472
2219.490715
2220.557597
2220.763852
2221.591635
2221.746431
2222.102875
2222.761083
2222.8219
2222.877399
2223.135371
2223.523972
2223.52969
2223.632647
2224.191274
2224.365113
2224.369256
2224.440144
2224.910318
2225.512707
2226.129772
2226.372293
2226.939963
2227.853044
2228.000483
2228.041788
2228.097788
2228.177277
2228.412165
2228.694084
2229.22228
2229.241502
2229.243425
2229.667347
2229.716451
2230.039584
2230.135461
2231.067025
2231.902067
2232.861434
2232.927987
2233.25006
2233.402979
2233.501787
2233.768159
2233.845465
2234.166915
2234.377283
2234.388583
2234.484842
2234.825294
2234.86973
2235.050964
2235.583115
2235.6449
2235.723859
2235.816241
2236.10881
2236.195296
2236.398311
2236.611787
2237.273999
2237.411027
2237.655465
2238.216192
2238.650827
2239.308097
2239.566634
2239.699313
2240.821786
2240.873616
2241.124573
2241.732163
2241.833023
2242.425947
2242.518406
2242.571208
2242.681344
2242.698978
2242.943916
2243.084489
2243.14747
2243.167651
2243.269177
2243.386193
2243.586237
2243.642619
2244.007587
2244.299609
2244.375244
2244.651516
2244.854086
2244.894187
2245.380935
2245.445374
2245.451641
2245.513934
2245.681551
2245.753745
2245.778892
2245.937288
2246.353464
2246.514215
2246.635952
2246.692022
2246.776431
2246.851481
2246.962558
2246.974355
2247.096271
2247.471785
2247.523246
2247.895826
2247.950322
2248.218753
2248.228272
2248.447079
2248.452417
2248.718947
2248.77115
2249.333445
2249.401617
2249.64351
2249.693157
2249.944134
2250.03249
2250.163796
2250.174886
2250.332197
2250.585477
2250.874702
2250.988974
2250.994667
2251.174461
2251.390353
2251.61393
2251.640329
2251.707028
2251.761513
2251.849237
2251.857053
2251.990804
2252.065265
2252.385565
2252.562059
2252.818261
2253.223184
2253.242978
2253.335284
2253.42346
2253.799043
2253.975933
2254.100382
2254.406119
2254.838201
2255.155936
2255.489935
2255.747783
2255.843735
2255.915892
2256.251033
2256.443973
2256.471529
2256.641956
2256.794869
2256.928122
2257.35127
2257.470938
2257.52184
2257.542165
2257.752273
2257.871777
2257.931718
2258.074085
2258.156766
2258.16887
2258.346856
2258.418446
2258.712271
2258.754126
2258.919039
2259.080938
2259.09266
2259.200666
2259.305118
2259.502707
2259.806254
2259.820306
2259.977479
2260.009626
2260.07607
2260.544963
2260.696199
2260.728517
2260.742938
2260.804521
2260.876349
2261.016657
2261.114559
2261.192308
2261.31565
2261.321229
2261.364463
2261.516657
2261.69383
2261.759517
2261.780911
2261.787775
2261.824114
2261.864278
2261.885194
2261.959354
2262.068423
2262.118883
2262.139148
2262.561856
2262.782491
2262.858015
2262.871331
2263.066142
2263.116329
2263.259363
2263.375658
2263.378624
2263.586419
2263.774788
2263.897874
2263.949813
2263.983531
2264.048991
2264.106532
2264.373595
2264.399549
2264.411781
2264.416363
2264.430731
2264.504273
2264.63014
2264.848464
2265.254269
2265.268748
2265.61197
2265.754353
2265.991817
2266.22037
2266.395235
2266.587204
2266.676848
2266.778468
2267.237421
2267.255786
2267.320964
2267.510543
2267.598336
2267.612738
2267.650964
2267.696052
2268.047877
2268.550155
2268.623951
2268.663994
2269.026817
2269.13941
2269.191193
2269.319953
2269.366448
2269.65416
2270.039569
2270.25355
2270.255619
2270.287763
2270.424947
2270.428625
2270.592629
2270.763262
2270.868296
2270.889301
2271.177118
2271.336879
2271.368459
2271.424667
2271.54089
2271.614653
2271.673541
2271.73298
2271.734546
2271.807322
2272.452083
2272.566201
2272.663031
2272.68073
2272.702827
2272.751429
2272.81181
2272.926977
2272.957347
2273.201971
2273.338694
2273.370182
2273.452056
2273.701191
2273.876025
2273.932839
2274.169
2274.23189
2274.412977
2274.690495
2274.705826
2274.794824
2274.940884
2275.039726
2275.27721
2275.456895
2275.518891
2275.626027
2275.657748
2275.715098
2275.809304
2275.914629
2276.083713
2276.348734
2276.365375
2276.389243
2276.467275
2276.481846
2276.505838
2276.526875
2276.69489
2276.704611
2276.884541
2276.985162
2277.133885
2277.261625
2277.262909
2277.374081
2277.474166
2277.522183
2277.547166
2277.607412
2277.697823
2278.009509
2278.046141
2278.162622
2278.422397
2278.431519
2278.495068
2278.619065
2278.821618
2279.125543
2279.462738
2279.567601
2279.879556
2279.912689
2280.012053
2280.153374
2280.163147
2280.245247
2280.261656
2280.350063
2280.352467
2280.467737
2280.556831
2280.819106
2281.405249
2281.71338
2281.74632
2281.768788
2281.925493
2281.946732
2281.97279
2282.15771
2282.22253
2282.338464
2282.356358
2282.898003
2283.126331
2283.134749
2283.14523
2283.151714
2283.217011
2283.431183
2283.49396
2283.511217
2283.546189
2283.551525
2283.555474
2283.760934
2283.7696
2283.818294
2283.834309
2283.872525
2284.140539
2284.161178
2284.269247
2284.340261
2284.392506
2284.463565
2284.519328
2284.594413
2284.730845
2284.772768
2284.876579
2285.098805
2285.170181
2285.171457
2285.229136
2285.303101
2285.418423
2285.502292
2285.611185
2285.756058
2285.826901
2285.962979
2286.056902
2286.102642
2286.153211
2286.172391
2286.205502
2286.209386
2286.22614
2286.230953
2286.327058
2286.350705
2286.412643
2286.445023
2286.475302
2286.518394
2286.564018
2286.737002
2287.012364
2287.095919
2287.097948
2287.121554
2287.192766
2287.202971
2287.361908
2287.3789
2287.488865
2287.50621
2287.638645
2287.664454
2288.008775
2288.044668
2288.189501
2288.192924
2288.20023
2288.313104
2288.342405
2288.499642
2288.51161
2288.580502
2288.720802
2288.767713
2288.793628
2288.845513
2288.904581
2288.999449
2289.047088
2289.144292
2289.2112
2289.263153
2289.345206
2289.804206
2289.825681
2290.236145
2290.269403
2290.423024
2290.633756
2290.637016
2290.867047
2290.903989
2291.115653
2291.413654
2291.485988
2291.721602
2291.770925
2291.835247
2291.900403
2292.028628
2292.107312
2292.273273
2292.451599
2292.520943
2292.580132
2292.597617
2292.641738
2292.67707
2292.814868
2292.844803
2293.146239
2293.238066
2293.247684
2293.270994
2293.40266
2293.483063
2293.506732
2293.794527
2293.831518
2293.966338
2294.036748
2294.368351
2294.383441
2294.450171
2294.628589
2294.700369
2294.952098
2295.25111
2295.279503
2295.354673
2295.374308
2295.38786
2295.511129
2295.521387
2295.537504
2295.668094
2295.684528
2295.828827
2295.948345
2295.971781
2295.994237
2296.008386
2296.023781
2296.080387
2296.569259
2296.742553
2296.90947
2296.929048
2297.030592
2297.085594
2297.085806
2297.226255
2297.313712
2297.403123
2297.484532
2297.560781
2297.890995
2297.973465
2298.037417
2298.070223
2298.203535
2298.31672
2298.392621
2298.657936
2298.670205
2298.675787
2298.775779
2299.256157
2299.348864
2299.476295
2299.62577
2299.658016
2299.998435
2300.015174
2300.166177
2300.266462
2300.336117
2300.513871
2300.587555
2300.66124
2300.745773
2300.763125
2300.775594
2300.842113
2300.898797
2300.928842
2300.951156
2301.002393
2301.070914
2301.285258
2301.503089
2301.724371
2301.767399
2301.839064
2302.002976
2302.018988
2302.144043
2302.250524
2302.287309
2302.371732
2302.440723
2302.459216
2302.503597
2302.556931
2302.560602
2302.570731
2302.606855
2302.651987
2302.654821
2302.662289
2302.803621
2303.102112
2303.161365
2303.237301
2303.298052
2303.39331
2303.478518
2303.693389
2304.121715
2304.200361
2304.401761
2304.444017
2304.608165
2304.616167
2304.654758
2304.655891
2304.730788
2304.765372
2304.955053
2305.150507
2305.18858
2305.324993
2305.432193
2305.460888
2305.483647
2305.551275
2305.559151
2305.725447
2305.731321
2305.743411
2305.938522
2306.220124
2306.244737
2306.247635
2306.310878
2306.323549
2306.375705
2306.386111
2306.410305
2306.412307
2306.557708
2306.558631
2306.706263
2307.02805
2307.319563
2307.40003
2307.577832
2307.579952
2307.600764
2307.865185
2307.889146
2307.909244
2307.922887
2307.948282
2307.975209
2308.084082
2308.096811
2308.109783
2308.135972
2308.178344
2308.228111
2308.324016
2309.108581
2309.12426
2309.131201
2309.173635
2309.297315
2309.501376
2309.847902
2309.923481
2309.971053
2309.98717
2310.100342
2310.159852
2310.193246
2310.324187
2310.347281
2310.586467
2310.603477
2310.616907
2310.623978
2310.629676
2310.656188
2310.98444
2311.001499
2311.330073
2311.419667
2311.570505
2311.689835
2311.713607
2311.776401
2311.876957
2311.957594
2312.004326
2312.026906
2312.059194
2312.171632
2312.381979
2312.402053
2312.420347
2312.433364
2312.465114
2312.872758
2313.097951
2313.127321
2313.141004
2313.275199
2313.319944
2313.354892
2313.502393
2313.640899
2313.673513
2313.72626
2313.754987
2313.853097
2313.914964
2313.962034
2314.366108
2314.474946
2314.499046
2314.847186
2314.988299
2315.002272
2315.160428
2315.181068
2315.403677
2315.429907
2315.461076
2315.590394
2315.690978
2315.695072
2315.7166
2315.759711
2315.861778
2315.909145
2316.102118
2316.135219
2316.16692
2316.321235
2316.45087
2316.474834
2316.572991
2316.604031
2316.814213
2316.849654
2316.908988
2316.983461
2317.122458
2317.258028
2317.263566
2317.435281
2317.502812
2317.571723
2317.734851
2317.828551
2317.947761
2318.245442
2318.367351
2318.415886
2318.497139
2318.575504
2318.603125
2318.666911
2318.89755
2318.929904
2318.947032
2318.985216
2319.039832
2319.138767
2319.182419
2319.226021
2319.329761
2319.343713
2319.515332
2319.547301
2319.578082
2319.582943
2319.638767
2319.959789
2320.045675
2320.312741
2320.445476
2320.596207
2320.747164
2320.834299
2320.854726
2320.861514
2320.913759
2320.933874
2320.993496
2321.054124
2321.178001
2321.320927
2321.353612
2321.416242
2321.519754
2321.544402
2321.578422
2321.707178
2321.719243
2321.837876
2321.913074
2322.127332
2322.254319
2322.3647
2322.463453
2322.761092
2322.816144
2323.084493
2323.088997
2323.239784
2323.239932
2323.258788
2323.26982
2323.324104
2323.330689
2323.364157
2323.391578
2323.530444
2323.536835
2323.551954
2323.605693
2323.698133
2323.96177
2324.044368
2324.084459
2324.179136
2324.309193
2324.342897
2324.792359
2324.807873
2324.889432
2324.898366
2324.922403
2324.97988
2325.055432
2325.271229
2325.27807
2325.288139
2325.461934
2325.495947
2325.499454
2325.515769
2325.535253
2325.627103
2325.642198
2325.913645
2325.98598
2326.00881
2326.025987
2326.089633
2326.296562
2326.327851
2326.357084
2326.38696
2326.780464
2326.816309
2326.860179
2326.99297
2327.065413
2327.088451
2327.100718
2327.256705
2327.343822
2327.514298
2327.514608
2327.703538
2327.749122
2327.766381
2327.811835
2327.858157
2327.931774
2327.958025
2327.975244
2328.128492
2328.152871
2328.158585
2328.292311
2328.419036
2328.495394
2328.529426
2328.533231
2328.648486
2328.722116
2328.737963
2328.830793
2329.064858
2329.419279
2329.562737
2329.63736
2329.665376
2329.846393
2329.889023
2329.908535
2330.001953
2330.061133
2330.164086
2330.2347
2330.272679
2330.479148
2331.214795
2331.216276
2331.31235
2331.441682
2331.524733
2331.566352
2331.692217
2331.75447
2331.840677
2331.847295
2331.869785
2331.912769
2331.917583
2332.0527
2332.248786
2332.263684
2332.339245
2332.550547
2332.554652
2332.624943
2332.645973
2332.653348
2332.673569
2332.948746
2333.139914
2333.21864
2333.269896
2333.482109
2333.519934
2333.540494
2333.593037
2333.597757
2333.612508
2333.935232
2334.002925
2334.031276
2334.0772
2334.198947
2334.27941
2334.381559
2334.450969
2334.589406
2334.653828
2334.722363
2334.962126
2335.037901
2335.071891
2335.110776
2335.185365
2335.275254
2335.333701
2335.429527
2335.58238
2335.943046
2336.15048
2336.242907
2336.299388
2336.399196
2336.52599
2336.595536
2336.625138
2336.690104
2336.726292
2336.740884
2336.828484
2336.974165
2337.087236
2337.119069
2337.141826
2337.210964
2337.290854
2337.34031
2337.494158
2337.620519
2337.911857
2338.007867
2338.073747
2338.179972
2338.322619
2338.385333
2338.571965
2338.602804
2338.78334
2338.786884
2338.985139
2339.216289
2339.232543
2339.267274
2339.287542
2339.325491
2339.336945
2339.374529
2339.402667
2339.425011
2339.462833
2339.472247
2339.520003
2339.536406
2339.645469
2340.007326
2340.076625
2340.189014
2340.24328
2340.259755
2340.281197
2340.587302
2340.637221
2340.679173
2340.78895
2341.122225
2341.340453
2341.424934
2341.469208
2341.57993
2341.614721
2341.757249
2341.835694
2341.870894
2341.97551
2341.992631
2342.006657
2342.034888
2342.145044
2342.299564
2342.424536
2342.845798
2342.874271
2342.887975
2342.895677
2342.941574
2343.346722
2343.62924
2343.633316
2343.741637
2343.798584
2343.811841
2343.914791
2343.942244
2344.046365
2344.101573
2344.104689
2344.39166
2344.466602
2344.670699
2344.880256
2344.910227
2345.099669
2345.259129
2345.332387
2345.532036
2345.601331
2345.607835
2345.735804
2345.817876
2345.819381
2345.84485
2345.852637
2345.949162
2346.081734
2346.193766
2346.203224
2346.357891
2346.44144
2346.680334
2346.776458
2346.788982
2347.203177
2347.361736
2347.366238
2347.376267
2347.381424
2347.694803
2347.863823
2348.010818
2348.020608
2348.051931
2348.219177
2348.327073
2348.335268
2348.430299
2348.516948
2348.6891
2348.79793
2348.927012
2348.94268
2348.96439
2349.173458
2349.402152
2349.429236
2349.501887
2349.594867
2349.81082
2349.822665
2349.907854
2350.035186
2350.367178
2350.386064
2350.578222
2350.613568
2350.754913
2350.801804
2350.882558
2350.953878
2351.23914
2351.578054
2351.653242
2351.680434
2351.91199
2351.967024
2351.975986
2352.026977
2352.128681
2352.225057
2352.315686
2352.316093
2352.337007
2352.619077
2352.655907
2352.662687
2352.672126
2352.749129
2352.849729
2353.064926
2353.099748
2353.116657
2353.118706
2353.221821
2353.340931
2353.489012
2353.590639
2353.596032
2353.607659
2353.73349
2353.809993
2353.968385
2354.062798
2354.096178
2354.099672
2354.236231
2354.280511
2354.332787
2354.348006
2354.39365
2354.559367
2354.654437
2354.736021
2354.891381
2354.909632
2354.976684
2355.071419
2355.292279
2355.444516
2355.653586
2355.678507
2355.899476
2356.177716
2356.238325
2356.26239
2356.326513
2356.507277
2356.656151
2356.779282
2357.060235
2357.107361
2357.12074
2357.182515
2357.536387
2357.835762
2357.980936
2358.039844
2358.113414
2358.261042
2358.275811
2358.373267
2358.48507
2358.827492
2359.053037
2359.056141
2359.10619
2359.311998
2359.319603
2359.364844
2359.518217
2359.74525
2359.832648
2359.840217
2359.974206
2360.321153
2360.416825
2360.558925
2360.616047
2360.685438
2360.735022
2360.96616
2361.013731
2361.081547
2361.123026
2361.22768
2361.334776
2361.470096
2361.511825
2361.647495
2361.771249
2361.776339
2361.985261
2362.059914
2362.267884
2362.527196
2362.532579
2362.555769
2362.769339
2362.983764
2363.129402
2363.182683
2363.22432
2363.248618
2363.271567
2363.532698
2363.666991
2363.684245
2363.820006
2363.929724
2363.965982
2363.998786
2364.146592
2364.171466
2364.254233
2364.279964
2364.770898
2364.945263
2365.010727
2365.035926
2365.57684
2365.674896
2365.683935
2365.686956
2365.70563
2365.723381
2365.735133
2365.849631
2365.858855
2366.091466
2366.147176
2366.2482
2366.597317
2366.816497
2366.924392
2367.092452
2367.279487
2367.390245
2367.414017
2367.579277
2367.584978
2367.815055
2367.961078
2368.127751
2368.309575
2368.539108
2368.874977
2368.952269
2368.999025
2369.164343
2369.220343
2369.302063
2369.306696
2369.366933
2369.628524
2370.11034
2370.418278
2370.448547
2370.747021
2370.792132
2370.958198
2371.286082
2371.369267
2371.392973
2371.461216
2371.471115
2371.535985
2371.547397
2371.600023
2371.667468
2371.702166
2371.906489
2371.914837
2371.937799
2371.949157
2371.950699
2372.068057
2372.121501
2372.12172
2372.175765
2372.370139
2372.383672
2372.53481
2372.619914
2372.7064
2372.775146
2372.792148
2372.842008
2373.140495
2373.329175
2373.352588
2373.416558
2373.542574
2373.636249
2373.792514
2374.103099
2374.319521
2374.584551
2374.608104
2374.618149
2374.752904
2375.032312
2375.237255
2375.467383
2375.550948
2375.708977
2375.822172
2375.876025
2375.94416
2376.009787
2376.27333
2376.36617
2376.477232
2376.544443
2376.60381
2376.722061
2376.781058
2376.89325
2376.934277
2377.001438
2377.024757
2377.047994
2377.066633
2377.104122
2377.19674
2377.211293
2377.278555
2377.307259
2377.361062
2377.361321
2377.516365
2377.52896
2377.74296
2377.860549
2377.904336
2377.914519
2377.969384
2378.225294
2378.346887
2378.611066
2378.658224
2378.723451
2378.866995
2378.997142
2379.074089
2379.077384
2379.109266
2379.117306
2379.305178
2379.435179
2379.646944
2379.667651
2379.680838
2379.731865
2379.739436
2379.757564
2379.792515
2379.863181
2379.926881
2380.136137
2380.176404
2380.221005
2380.306645
2380.415715
2380.419276
2380.508576
2380.638735
2380.904755
2380.922257
2380.969484
2381.041561
2381.046185
2381.066723
2381.201003
2381.275779
2381.311277
2381.411129
2381.457391
2381.617564
2381.679187
2381.860316
2381.975608
2382.007044
2382.010232
2382.140269
2382.275229
2382.492641
2382.521682
2382.578386
2382.591465
2382.653027
2382.693744
2382.715923
2382.814644
2382.916153
2382.978165
2383.034779
2383.034966
2383.297559
2383.414559
2383.506844
2383.841389
2383.865972
2383.868454
2383.903908
2384.015754
2384.031716
2384.034627
2384.096751
2384.179022
2384.191908
2384.250132
2384.285124
2384.300968
2384.378697
2384.471703
2384.520221
2384.562824
2384.621074
2384.64396
2384.695966
2384.938201
2385.0279
2385.122129
2385.155943
2385.324967
2385.392797
2385.489849
2385.57526
2385.682924
2385.709332
2385.861613
2385.910679
2385.932823
2386.193277
2386.225454
2386.337943
2386.443113
2386.59293
2386.86851
2387.107926
2387.185884
2387.541199
2387.71792
2387.877851
2387.929723
2388.024908
2388.217073
2388.225246
2388.281119
2388.350023
2388.375126
2388.435025
2388.536196
2388.552235
2388.563848
2388.672571
2388.805955
2389.025792
2389.311313
2389.334386
2389.364101
2389.419438
2389.86667
2390.223936
2390.268475
2390.323173
2390.37054
2390.478207
2390.71828
2390.772102
2391.019419
2391.085937
2391.589588
2391.608938
2391.880745
2392.067011
2392.12091
2392.160698
2392.20647
2392.28346
2392.405331
2392.568366
2392.665072
2392.890607
2392.98765
2393.01262
2393.049092
2393.466364
2393.67696
2393.794835
2394.065625
2394.114397
2394.44623
2394.615739
2394.656104
2394.685479
2394.716543
2394.788066
2395.02818
2395.362138
2395.367281
2395.498651
2395.631583
2395.682364
2395.708577
2395.735199
2395.756105
2395.841285
2395.896283
2396.113295
2396.21626
2396.234804
2396.256115
2396.269193
2396.36723
2396.470546
2396.488814
2396.543745
2396.688921
2396.726857
2397.054898
2397.408692
2397.457249
2397.78535
2397.806556
2398.061735
2398.152657
2398.863637
2398.981986
2399.083979
2399.127049
2399.215804
2399.32079
2399.349273
2399.438973
2399.539046
2399.732764
2399.811489
2399.898754
2400.085025
2400.230747
2400.419324
2400.489152
2400.64182
2400.708881
2400.798607
2400.821874
2400.898974
2401.349695
2401.35355
2401.529886
2401.670598
2401.695905
2401.775818
2401.810113
2401.849933
2401.859815
2401.898248
2401.917219
2401.928794
2401.964842
2402.026619
2402.038067
2402.125458
2402.151009
2402.19216
2402.317911
2402.339298
2402.427531
2402.519374
2402.526927
2402.76184
2402.853511
2403.491907
2403.618302
2403.621069
2403.650901
2403.721601
2403.792129
2403.833497
2403.872182
2403.877952
2403.933348
2404.05287
2404.11067
2404.158899
2404.996037
2405.11412
2405.296794
2405.41398
2405.458431
2405.805479
2405.872882
2406.056906
2406.407392
2406.419382
2406.439784
2406.518984
2406.574244
2406.613985
2406.847493
2406.895056
2406.945444
2406.94974
2407.022595
2407.103023
2407.183934
2407.212287
2407.257178
2407.493949
2407.510028
2407.536818
2407.737349
2407.846526
2407.84762
2407.870005
2407.978993
2408.026777
2408.06053
2408.200661
2408.214059
2408.318696
2408.324592
2408.511018
2408.536393
2408.817444
2408.829609
2408.837459
2408.874856
2408.930678
2409.031258
2409.135779
2409.155246
2409.183664
2409.323421
2409.524739
2409.894058
2409.917047
2409.937874
2410.078818
2410.276947
2410.41518
2410.4317
2410.506686
2410.547024
2410.558518
2410.574861
2410.673977
2411.009782
2411.093866
2411.133755
2411.259605
2411.27246
2411.283092
2411.428864
2411.477262
2411.715806
2411.762431
2411.811559
2411.913736
2412.020803
2412.050413
2412.097695
2412.357486
2412.62096
2412.693276
2412.696007
2412.767276
2412.793997
2412.926616
2412.967089
2413.24574
2413.347276
2413.350297
2413.381426
2413.382155
2413.576972
2413.900102
2413.935107
2414.411208
2414.41449
2414.466183
2414.485959
2414.58452
2414.627628
2414.869503
2415.224752
2415.330118
2415.407727
2415.466129
2415.595239
2415.635981
2415.988089
2416.299859
2416.406867
2416.409473
2416.518585
2416.52592
2416.722202
2416.748005
2416.901044
2416.984816
2417.060804
2417.067238
2417.091247
2417.138385
2417.145972
2417.201285
2417.249427
2417.287582
2417.296547
2417.367259
2417.392843
2417.715852
2417.806802
2417.817977
2418.057838
2418.183696
2418.26237
2418.299165
2418.350218
2418.381154
2418.410364
2418.445347
2418.451429
2418.742325
2418.841508
2418.882025
2418.89034
2418.914136
2419.01423
2419.07019
2419.325629
2419.40917
2419.63574
2419.873091
2419.94481
2419.983455
2420.196843
2420.24429
2420.395577
2420.516885
2420.919174
2420.994522
2421.146269
2421.39494
2421.435651
2421.60491
2421.744016
2421.779209
2421.996474
2422.56423
2422.565789
2422.945174
2423.23931
2423.359512
2423.507618
2423.52251
2423.566043
2423.596797
2423.636921
2423.66175
2423.807635
2423.888744
2424.079021
2424.116706
2424.44778
2424.493865
2424.565443
2424.575609
2424.653861
2425.354384
2425.640478
2425.669838
2425.988514
2426.190283
2426.216002
2426.53953
2426.631427
2426.704689
2427.149134
2427.164247
2427.225277
2427.429847
2427.443554
2427.552171
2427.576561
2427.842924
2427.875309
2428.000577
2428.311755
2428.398726
2428.460983
2428.822435
2428.908231
2429.101514
2429.532421
2429.770286
2429.8291
2430.071607
2430.084692
2430.101461
2430.729029
2430.775348
2430.903149
2430.916603
2431.080897
2431.522728
2431.560187
2431.956719
2432.25916
2432.387949
2432.472818
2432.817607
2433.357166
2433.436595
2433.453986
2433.482051
2433.66289
2434.116056
2434.161941
2434.225725
2434.22964
2434.268405
2434.67908
2434.880578
2434.937152
2434.964367
2435.095873
2435.105349
2435.116195
2435.277106
2435.296699
2435.356357
2435.431951
2435.470204
2435.931795
2435.934578
2435.954222
2436.053283
2436.16598
2436.241297
2436.433051
2436.642399
2436.918689
2437.065539
2437.187614
2437.291611
2437.884128
2437.935571
2438.03359
2438.037156
2438.364158
2438.543197
2438.556693
2438.840772
2438.882608
2439.052943
2439.127262
2439.143294
2439.1446
2439.163623
2439.250359
2439.38802
2439.448309
2439.604491
2439.611276
2439.696951
2439.777201
2439.86712
2439.931261
2439.977036
2440.097909
2440.351413
2440.766368
2441.063523
2441.072182
2441.092978
2441.183524
2441.388561
2441.516139
2441.750691
2442.00579
2442.419303
2442.721991
2442.786259
2442.900413
2443.04076
2443.118569
2443.160789
2443.178442
2443.401198
2443.569214
2443.664313
2444.024299
2444.205594
2444.235834
2444.244394
2444.439229
2444.453673
2444.565839
2444.965492
2445.020235
2445.306065
2445.728728
2446.305356
2446.380248
2446.408156
2446.42095
2446.45314
2446.484114
2446.527445
2446.588962
2446.608249
2446.67995
2446.685709
2447.17402
2447.23918
2447.345817
2447.365735
2447.368445
2447.477539
2447.618969
2447.958811
2448.106052
2448.330145
2448.463186
2448.629136
2448.870411
2449.009768
2449.032033
2449.039336
2449.221212
2449.293849
2449.698735
2449.758875
2449.815772
2450.03472
2450.208115
2450.476386
2450.825852
2451.277571
2451.345126
2451.391081
2451.401991
2451.691816
2451.764451
2451.849222
2452.186511
2452.369318
2452.764209
2453.10873
2453.167806
2453.395181
2453.461958
2453.571173
2454.343668
2454.390286
2454.568132
2454.663605
2454.784047
2454.823746
2455.245398
2455.271812
2455.632027
2455.787758
2455.860116
2456.14853
2456.462043
2456.521893
2456.613917
2456.784845
2457.095801
2457.152452
2457.198468
2457.257315
2457.330829
2457.370776
2457.654799
2457.731657
2457.992367
2458.19282
2458.234629
2458.336284
2458.347942
2458.472734
2458.700826
2458.97762
2459.110417
2459.112674
2459.145368
2459.290431
2459.433768
2459.572702
2459.938003
2460.039354
2460.302668
2461.075184
2461.745698
2461.978733
2462.316059
2462.355104
2462.552324
2462.946234
2462.964553
2463.248956
2463.292507
2463.348983
2463.361958
2463.399042
2463.416421
2463.592112
2463.73279
2464.027009
2464.253084
2464.305279
2465.071177
2465.176417
2465.335894
2466.304376
2466.371471
2467.059911
2467.100816
2467.461466
2467.764053
2467.952723
2467.9756
2468.008466
2468.184063
2468.2992
2468.407839
2468.484712
2468.692377
2469.012991
2469.150741
2469.474233
2469.659735
2469.700151
2469.761044
2469.944025
2470.89767
2471.039326
2471.05959
2471.160616
2471.323722
2471.439083
2471.680387
2471.742761
2472.036507
2472.263671
2472.463302
2473.382643
2473.607826
2473.718064
2473.728242
2473.960856
2473.974662
2474.16846
2474.236869
2474.337757
2474.462006
2474.506556
2475.026128
2475.168567
2475.756524
2475.924126
2476.119131
2476.248668
2477.162535
2477.7438
2477.773942
2477.809966
2477.919415
2477.940573
2478.255699
2478.405023
2478.414376
2478.685853
2479.186079
2479.735596
2479.847066
2479.898542
2479.913292
2480.291355
2480.638252
2481.698349
2482.052673
2482.097356
2482.189662
2482.481212
2482.760713
2482.8277
2482.871768
2482.876164
2482.983404
2483.071213
2483.309508
2483.538493
2483.696458
2484.158311
2484.525025
2484.867946
2484.939536
2485.259499
2485.413146
2485.570816
2485.766419
2486.846941
2486.945419
2486.984986
2487.533337
2487.629562
2488.378274
2488.963005
2490.070778
2490.110232
2490.510365
2490.688475
2490.961565
2491.087389
2491.241275
2491.334878
2491.647719
2491.6954
2492.180112
2492.324501
2492.361031
2492.438157
2492.574098
2492.589294
2492.620374
2492.831378
2493.168991
2494.253857
2494.876303
2494.955138
2495.250915
2495.289975
2496.1675
2496.181059
2496.597683
2498.095682
2498.204997
2498.642556
2498.739721
2498.822504
2499.329266
2499.635093
2500.171084
2500.24955
2500.382787
2500.487114
2501.069826
2502.045964
2502.31268
2502.654569
2503.119155
2503.427462
2504.149046
2504.942459
2504.961262
2505.22155
2505.236717
2505.489709
2506.033874
2506.042315
2506.240618
2506.577189
2506.781731
2506.926573
2507.495784
2507.944436
2508.58965
2508.69118
2508.916918
2509.088847
2510.391253
2511.833711
2511.908294
2512.359637
2512.421963
2513.126832
2514.711434
2514.935462
2515.50263
2515.714588
2516.225368
2516.798473
2517.039548
2517.522907
2517.808281
2518.113759
2518.691541
2518.705571
2518.912665
2521.196524
2521.986134
2522.289644
2522.303197
2522.755957
2523.017995
2523.34203
2523.59977
2524.021309
2524.181332
2524.405226
2524.499465
2524.691397
2525.454582
2526.641517
2526.801415
2527.093026
2527.145885
2527.290859
2527.494006
2528.448562
2530.12765
2530.224783
2531.64997
2531.886069
2532.372343
2533.58891
2534.24833
2534.267059
2535.048735
2535.729298
2536.16645
2536.342109
2537.060581
2537.403127
2537.601396
2537.800215
2537.885816
2538.22023
2538.615342
2539.023366
2539.093338
2539.540054
2539.602754
2540.566869
2540.872656
2540.998945
2541.006478
2542.402945
2542.465935
2543.725807
2544.189144
2544.686359
2544.742158
2545.591018
2545.984492
2546.543162
2547.759324
2548.281331
2549.085363
2549.221206
2549.565272
2550.04944
2551.707946
2551.729375
2551.961802
2552.202129
2553.277436
2553.304756
2553.65318
2553.727074
2554.020682
2555.232965
2555.915247
2557.440111
2557.557339
2559.681588
2561.934924
2563.523057
2563.561315
2564.043474
2564.238685
2565.408061
2565.85519
2568.51488
2569.106927
2569.11952
2570.84468
2572.73701
2575.108325
2575.534466
2576.54117
2577.111291
2578.30656
2579.411046
2579.543367
2582.326155
2582.592241
2583.283939
2584.679088
2586.942583
2587.286867
2589.185326
2589.292193
2589.52622
2589.670328
2590.173985
2590.594988
2591.933933
2592.436512
2592.902855
2593.067192
2593.336253
2593.425053
2596.218705
2597.525954
2597.598588
2597.878282
2598.26945
2599.001568
2600.604678
2601.438778
2601.921876
2603.232876
2603.670633
2603.935373
2604.343244
2604.779823
2604.835887
2605.085593
2606.433383
2606.802313
2606.963083
2607.044774
2608.609759
2609.664529
2610.971261
2611.432403
2614.723477
2616.984332
2617.224179
2617.704202
2621.576301
2622.148983
2622.878477
2625.100821
2625.744017
2628.110289
2628.176726
2629.06697
2633.853781
2634.192637
2634.656008
2635.288483
2636.895124
2637.410001
2637.484897
2639.37835
2639.917594
2642.783934
2646.802602
2648.740093
2649.372013
2649.658541
2650.453209
2650.513087
2651.321898
2654.083882
2654.112711
2655.370594
2656.910379
2656.912833
2657.54481
2657.684694
2659.565784
2661.107966
2661.328476
2664.545239
2664.7661
2665.339954
2665.418476
2668.730613
2669.025848
2669.211591
2669.936278
2674.813367
2678.103656
2678.129691
2680.738914
2682.840892
2684.088487
2685.207115
2691.533709
2692.36749
2693.662821
2694.503718
2696.233837
2701.631943
2704.857276
2705.297912
2705.709362
2709.537378
2709.569459
2710.75982
2713.425222
2714.010537
2720.729887
2725.101701
2727.665523
2729.083939
2730.375042
2736.615608
2738.603323
2739.926764
2740.231011
2741.029188
2741.338684
2745.018377
2745.685932
2746.383704
2747.923581
2751.454375
2754.852351
2757.08803
2757.161595
2757.866019
2762.870099
2764.614479
2766.355244
2768.183286
2770.212797
2770.50793
2774.289823
2776.137933
2777.384096
2777.818645
2778.458519
2780.686134
2782.568134
2784.770076
2785.478738
2785.671779
2788.483841
2789.350984
2789.699824
2791.759981
2792.19104
2792.607467
2793.000235
2806.226296
2809.930573
2810.172154
2812.21194
2814.74243
2829.947306
2834.945822
2836.462754
2837.136449
2837.513357
2837.553721
2838.689358
2839.891105
2840.539617
2842.779869
2844.249386
2844.264295
2846.409585
2848.961079
2849.79326
2854.409928
2859.010156
2859.739431
2862.012382
2873.099429
2873.645936
2877.123047
2877.303786
2884.020659
2886.934444
2889.048426
2891.278728
2893.90831
2895.306457
2896.479918
2905.025502
2906.858632
2908.396216
2915.447366
2916.517376
2930.263332
2937.76332
2941.607961
2942.303374
2944.212758
2944.579827
2947.726424
2958.929994
2976.117565
2977.801785
2981.504418
2992.410378
2993.27159
3015.901902
3072.288529
3096.82622
3109.548665
3140.946539
3142.441424
3154.396814
3322.798944
3329.858006
3397.603289
3408.776068
4858.900121
5634.908455
7222.455743
