135.113883
141.453014
143.167526
147.503475
148.214394
149.334968
149.539499
150.09935
151.285071
152.392485
152.449988
152.639744
152.843643
153.962108
154.115628
154.288829
154.441902
154.67526
155.830083
173.475337
188.963011
189.146309
191.086057
192.1687
192.17301
193.112043
193.462833
195.833
197.44784
197.64245
197.672657
197.927905
199.542296
200.385284
200.486426
200.917954
201.405014
201.481394
202.263269
203.715623
204.352921
204.552827
205.809191
206.854242
208.498443
209.197957
213.416443
214.041765
214.288788
214.326613
215.708794
216.015751
216.178236
217.233896
220.092925
220.253271
220.652517
221.529075
222.593863
223.385598
224.273752
224.75783
224.849721
227.243155
228.623326
228.916963
228.951783
229.200858
229.55377
229.914459
233.485449
235.131246
235.472176
241.113288
241.318198
243.848771
244.283802
244.334946
245.056223
245.447107
246.952449
247.404424
248.308031
248.801584
249.136339
249.860921
250.609291
251.083133
251.150268
251.23212
254.890303
255.195627
256.244369
261.027159
261.496667
264.071196
264.444067
276.879238
284.177578
285.471142
285.667951
286.348278
287.891307
290.054602
297.47549
299.504443
301.349861
304.769572
316.377308
321.794902
327.646785
337.087548
371.967192
433.138004
455.630729
476.717164
478.765524
484.677413
487.701294
496.993034
510.689386
518.808918
543.743124
549.412007
552.67008
558.37692
565.765374
575.436212
615.096875
639.176534
698.623344
712.308077
712.375427
769.08971
770.973002
851.353107
866.783435
882.316367
894.047913
914.526769
931.293908
934.415254
959.402368
1000.873407
1006.183131
1042.029014
1070.523338
1172.691735
1208.984548
1307.47696
1910.943642
1945.692523
2830.068329
5593.080044
