7.520988
7.609381
7.688637
7.979769
8.151256
8.226179
9.795059
9.804839
102.202495
142.183701
145.481571
146.363993
146.5582
146.706892
147.006954
147.368351
147.791907
147.964654
148.027784
148.067897
149.013858
149.997021
150.009417
150.280857
150.296013
150.375363
151.218794
151.383885
151.441012
151.704614
152.128991
152.279928
152.518082
152.539977
152.602077
152.67156
153.183724
153.208201
153.543312
153.617911
153.78152
153.819616
154.032501
154.147248
155.054612
155.23375
155.276531
155.487861
155.625715
155.724175
155.893974
156.080591
156.394461
156.840504
157.104476
157.195021
157.917874
158.084257
158.089584
158.0912
158.480887
158.601024
158.615067
158.948699
159.444519
159.735137
159.859436
160.327312
160.673933
160.805509
161.070538
161.083369
161.233817
161.274986
161.457423
161.747368
161.791141
162.307543
162.338417
162.511887
163.896129
163.984239
164.290801
165.122702
165.777605
170.900648
171.996607
174.451261
175.221609
175.58494
178.018149
179.838703
182.063393
184.648916
229.145173
230.617049
231.511573
231.655848
232.43169
237.709701
237.905082
238.2354
239.65692
240.562516
241.534937
241.621846
242.252533
242.318632
243.173543
243.216205
243.498038
244.021878
244.24471
244.663904
244.879426
245.040505
245.687371
246.323899
246.685426
246.858376
247.306449
247.494553
248.143824
248.680711
249.508014
250.293014
250.548987
251.9889
253.317729
255.124764
255.726837
257.027772
257.880997
258.102973
277.558253
300.385411
301.275818
303.53918
308.908402
309.691722
310.040786
312.269693
313.595517
314.045403
314.302355
314.927672
315.209547
315.223666
315.831001
316.606155
316.940785
317.911966
318.713373
321.147976
321.869429
322.203667
323.832848
323.916759
324.097748
324.735176
324.792918
326.328293
326.991197
327.121951
327.474721
328.394046
328.514216
328.599623
329.89111
330.261779
330.53527
331.341615
331.54796
331.809781
332.130308
333.643809
333.982673
334.012704
335.096947
335.521515
335.567791
335.697479
336.146444
336.431847
336.887456
337.036267
337.599699
338.243617
338.926145
338.966527
340.144261
340.574384
341.367435
342.776456
342.849169
343.246785
343.710391
343.770968
345.919228
345.973183
347.475703
349.439769
349.929932
350.564174
351.870334
353.964985
355.138098
378.055175
4770.764607
10802.639775
