92.571799
99.568236
103.468657
107.376309
115.239405
119.479448
125.78608
129.552699
129.81642
132.068514
132.260244
138.54708
140.27323
143.098259
146.049411
147.029018
163.067718
165.511845
168.997811
189.792359
202.517158
220.950704
223.889734
226.077603
226.368477
229.160045
241.102801
243.800433
248.787818
249.354388
254.080194
257.613336
289.744375
297.19967
303.028341
304.179914
309.629065
312.526569
312.705227
314.257493
314.876259
315.213841
315.263511
315.264985
315.323309
315.649254
316.054367
316.224421
316.394313
316.665705
316.70349
316.779055
317.63855
317.754511
317.873527
317.935377
318.037957
318.084033
318.098071
318.221068
318.330303
318.360031
318.389273
318.463902
318.501386
318.555208
318.600579
318.836415
318.879222
318.890338
318.922609
319.027213
319.154868
319.278133
319.658968
319.735433
319.743539
319.834571
319.936342
320.104974
320.187887
320.535388
320.579952
320.608226
320.811032
320.878683
320.880102
320.924606
321.141628
321.275132
321.311249
321.373095
321.389621
321.414248
321.525121
321.527154
321.588394
321.706312
321.765669
321.887062
321.934102
321.935558
321.94206
321.982839
322.109894
322.248976
322.310709
322.324157
322.393854
322.404994
322.458001
322.715834
322.786294
322.970643
323.001785
323.013335
323.28122
323.360389
323.366827
323.383219
323.431576
323.509641
323.595764
323.641012
323.785622
323.895903
323.980135
324.037699
324.076054
324.112604
324.125211
324.125449
324.217309
324.432012
324.613755
324.614596
324.639039
324.641909
324.680695
324.731857
324.833198
324.847346
324.869561
324.877643
324.880762
324.889212
324.919682
324.942693
324.987791
324.995464
324.996672
325.059631
325.065797
325.160949
325.165039
325.197309
325.289863
325.296456
325.325847
325.338829
325.415427
325.552495
325.597876
325.611924
325.61945
325.629744
325.677594
325.791663
325.82916
325.86537
325.893909
325.914636
325.944869
325.957878
326.107402
326.161139
326.186913
326.196277
326.245543
326.337204
326.338135
326.355202
326.399817
326.467764
326.517963
326.545333
326.545658
326.545851
326.550284
326.559824
326.561783
326.616144
326.631423
326.665651
326.699468
326.743298
326.77029
326.813219
326.851615
326.870857
326.948367
326.973164
326.975783
327.0148
327.049204
327.076196
327.118593
327.166043
327.191721
327.249977
327.27217
327.356478
327.420032
327.426988
327.438061
327.439453
327.498897
327.512746
327.523362
327.586151
327.587578
327.589436
327.630353
327.645152
327.698512
327.710999
327.75204
327.769824
327.784748
327.79028
327.801008
327.827745
327.859441
327.908022
327.94541
327.965083
328.016031
328.031787
328.08055
328.103776
328.13511
328.154673
328.168214
328.190768
328.195306
328.218803
328.232933
328.241894
328.251946
328.266905
328.269249
328.290308
328.301139
328.306558
328.343772
328.421786
328.42853
328.44032
328.447583
328.450305
328.551386
328.607506
328.638216
328.650971
328.656085
328.680147
328.697912
328.765181
328.765851
328.770801
328.795689
328.853078
328.858787
328.902486
328.920001
328.923224
328.930797
328.948436
329.00442
329.061248
329.089163
329.135051
329.254993
329.255963
329.267641
329.271775
329.28715
329.355851
329.380577
329.392524
329.39508
329.402942
329.409973
329.458792
329.471213
329.574271
329.577868
329.578264
329.609925
329.629513
329.676718
329.681896
329.689029
329.718273
329.756023
329.771718
329.786081
329.812896
329.818132
329.854682
329.909296
329.919414
329.919739
329.967416
329.97132
329.974024
330.013438
330.033044
330.080043
330.097768
330.123714
330.130515
330.130613
330.14906
330.15929
330.176507
330.216896
330.220197
330.246443
330.287695
330.304776
330.316055
330.348047
330.372252
330.380999
330.381717
330.444166
330.45992
330.522858
330.569478
330.571477
330.582094
330.605403
330.618344
330.620544
330.636583
330.645668
330.70212
330.720616
330.756008
330.765284
330.769543
330.777591
330.784531
330.808288
330.818297
330.834129
330.891693
330.892752
330.917018
330.939104
330.941324
330.944793
330.962664
330.965608
330.980026
330.985142
330.994544
331.016985
331.018157
331.024508
331.0459
331.072704
331.07675
331.081665
331.085247
331.089214
331.116078
331.117812
331.164087
331.183086
331.198562
331.205422
331.210026
331.218621
331.237417
331.345063
331.38528
331.397585
331.413124
331.43497
331.461784
331.470773
331.471877
331.475328
331.508225
331.522629
331.59228
331.60782
331.634543
331.654781
331.657776
331.659523
331.660867
331.696322
331.717633
331.723335
331.732606
331.734584
331.736658
331.755566
331.765094
331.81124
331.816614
331.817509
331.819287
331.822414
331.853189
331.873701
331.890471
331.896641
331.902018
331.912311
331.913325
331.916705
331.953516
331.965987
331.978747
331.981202
331.992246
332.027597
332.037331
332.055266
332.08419
332.157442
332.177426
332.184304
332.225757
332.233957
332.243956
332.247357
332.276161
332.278788
332.296685
332.303223
332.310483
332.318317
332.326507
332.331419
332.331882
332.357143
332.363952
332.544102
332.621886
332.626968
332.636801
332.638825
332.642735
332.650349
332.651048
332.659323
332.720246
332.727567
332.740488
332.750574
332.763682
332.767944
332.784659
332.825893
332.840732
332.855517
332.857049
332.85787
332.879631
332.886178
332.887297
332.907213
332.912722
332.927536
332.97664
332.99979
333.016061
333.019541
333.032309
333.037652
333.040905
333.052296
333.068111
333.081375
333.082634
333.096403
333.099856
333.101549
333.106913
333.11591
333.132171
333.135766
333.139137
333.149674
333.171984
333.196436
333.200128
333.242604
333.284615
333.287987
333.307418
333.322609
333.325354
333.335622
333.35314
333.375254
333.425412
333.454384
333.473072
333.487061
333.489156
333.501778
333.503267
333.508514
333.518533
333.522384
333.538265
333.539877
333.547224
333.555313
333.601139
333.6202
333.626862
333.646263
333.64965
333.67547
333.70327
333.703479
333.719384
333.72612
333.730832
333.73149
333.73806
333.742166
333.759251
333.761188
333.790931
333.792433
333.802824
333.807691
333.816112
333.820585
333.838186
333.86279
333.862795
333.895813
333.897882
333.902088
333.902406
333.921092
333.930664
333.936883
333.949524
333.958529
334.024636
334.033161
334.053398
334.061076
334.061462
334.078498
334.1092
334.111141
334.113858
334.115203
334.115683
334.124124
334.133979
334.148929
334.212207
334.229282
334.23436
334.260368
334.261986
334.264598
334.266842
334.286506
334.292889
334.295356
334.335248
334.335853
334.365634
334.370596
334.382139
334.416563
334.423071
334.43023
334.43219
334.460903
334.470875
334.477851
334.492614
334.499741
334.50481
334.506116
334.514098
334.520479
334.527763
334.54441
334.561557
334.565622
334.570415
334.572619
334.575279
334.583658
334.596798
334.600847
334.667614
334.675882
334.750376
334.754253
334.761451
334.767738
334.769452
334.785734
334.787661
334.788757
334.791775
334.793705
334.810658
334.840895
334.856168
334.863096
334.868071
334.869661
334.888142
334.902045
334.909553
334.918465
334.92909
334.931107
334.967368
334.988695
334.991544
335.00695
335.066085
335.085377
335.085771
335.087077
335.106885
335.110625
335.112304
335.147986
335.160768
335.166282
335.168294
335.211412
335.217795
335.266302
335.278108
335.281027
335.294019
335.305715
335.310457
335.318957
335.320243
335.32295
335.323634
335.327572
335.328719
335.329818
335.354008
335.37845
335.388731
335.412847
335.436881
335.45299
335.477605
335.487428
335.498692
335.507561
335.509578
335.514607
335.514669
335.534756
335.5394
335.541311
335.54945
335.584179
335.584337
335.597513
335.616184
335.645186
335.651262
335.653919
335.717088
335.758657
335.776459
335.790146
335.793922
335.812512
335.838068
335.853735
335.855059
335.87375
335.877498
335.885677
335.887609
335.890592
335.890914
335.911369
335.920392
335.92801
335.949811
335.970931
335.972423
335.989264
336.001684
336.042788
336.04533
336.04796
336.081922
336.089885
336.127187
336.130186
336.154938
336.157164
336.171915
336.192171
336.198902
336.216916
336.242567
336.245206
336.248738
336.270266
336.294322
336.295046
336.312857
336.316096
336.317709
336.323135
336.32423
336.324642
336.344495
336.347802
336.348708
336.355523
336.365814
336.386245
336.429708
336.429743
336.46148
336.462565
336.471272
336.475081
336.509724
336.518516
336.521177
336.52883
336.536343
336.544158
336.552353
336.558998
336.576237
336.618209
336.620318
336.631123
336.64053
336.661231
336.666033
336.667009
336.667052
336.675913
336.676296
336.680731
336.685759
336.695872
336.701292
336.706494
336.708761
336.709355
336.717162
336.72603
336.72692
336.756405
336.759165
336.799928
336.812658
336.82064
336.820853
336.832403
336.833522
336.837255
336.841999
336.849689
336.858455
336.859911
336.879383
336.899813
336.923332
336.924382
336.933447
336.943303
336.969976
336.989863
336.996123
337.024956
337.031994
337.044325
337.062532
337.076125
337.09261
337.096103
337.110512
337.117712
337.12708
337.129287
337.172313
337.179036
337.181955
337.191816
337.212321
337.221552
337.231996
337.234216
337.269498
337.292815
337.295577
337.302603
337.302658
337.319022
337.350134
337.357989
337.375001
337.377389
337.416083
337.427964
337.440409
337.455984
337.45727
337.457906
337.463071
337.464945
337.469493
337.470223
337.512093
337.512222
337.515682
337.524931
337.54759
337.560976
337.562253
337.567218
337.576144
337.588292
337.614516
337.615572
337.624273
337.637146
337.671417
337.67164
337.672773
337.674014
337.707119
337.721463
337.725323
337.7265
337.728268
337.732046
337.752239
337.764314
337.777468
337.780803
337.785308
337.792987
337.797567
337.799101
337.808347
337.811516
337.819837
337.839606
337.84271
337.847164
337.849528
337.867657
337.878516
337.886908
337.909873
337.928839
337.95085
337.951715
337.970431
337.97948
337.99999
338.023791
338.029407
338.051457
338.059573
338.064917
338.071864
338.073668
338.105669
338.107768
338.11868
338.12779
338.135034
338.140817
338.145308
338.181955
338.187144
338.196319
338.219193
338.227347
338.250592
338.251233
338.267326
338.270971
338.285546
338.294214
338.295951
338.312057
338.316799
338.318957
338.321357
338.334434
338.339993
338.36615
338.370124
338.372091
338.372125
338.389749
338.405201
338.410147
338.418645
338.433253
338.433734
338.435696
338.448922
338.456437
338.492563
338.499023
338.500401
338.511514
338.512529
338.551188
338.55141
338.554483
338.580888
338.607635
338.613324
338.613593
338.622633
338.628343
338.636398
338.637867
338.653623
338.671633
338.672261
338.69127
338.693849
338.697655
338.698029
338.709164
338.714517
338.736137
338.736272
338.737312
338.740635
338.743355
338.748617
338.749684
338.772435
338.778965
338.781592
338.800563
338.800792
338.806735
338.807955
338.820411
338.821838
338.822223
338.828845
338.837166
338.837925
338.84605
338.848854
338.895468
338.902802
338.905102
338.906772
338.91906
338.935542
338.937261
338.941616
338.964169
338.970784
338.995133
339.004082
339.013378
339.026714
339.027395
339.029907
339.034845
339.036165
339.069182
339.104115
339.120128
339.140541
339.14214
339.166977
339.191473
339.199773
339.216577
339.228929
339.267833
339.268154
339.289212
339.304795
339.313159
339.330789
339.355833
339.35935
339.366946
339.37757
339.386598
339.401376
339.402247
339.402472
339.454442
339.473162
339.4806
339.501924
339.508977
339.538748
339.555629
339.562219
339.564934
339.571358
339.577608
339.599361
339.60039
339.611358
339.631378
339.63324
339.634873
339.639686
339.640219
339.644121
339.649946
339.661573
339.663874
339.676316
339.68564
339.69949
339.714117
339.719129
339.727702
339.737046
339.744244
339.747549
339.748491
339.752148
339.776428
339.783642
339.792151
339.793893
339.799061
339.828693
339.833103
339.854354
339.85514
339.861277
339.862115
339.864852
339.87789
339.896533
339.946572
339.946812
339.961184
340.012283
340.012379
340.048295
340.088713
340.089492
340.092997
340.097127
340.102852
340.109029
340.132007
340.147655
340.210313
340.212188
340.22148
340.222299
340.223072
340.226933
340.23599
340.271395
340.275825
340.297604
340.30218
340.309948
340.311656
340.32003
340.322552
340.330264
340.345677
340.348359
340.352811
340.374344
340.377374
340.379569
340.380731
340.39016
340.399949
340.401434
340.406986
340.410413
340.412105
340.422018
340.435708
340.453411
340.46944
340.481697
340.484379
340.484644
340.487371
340.49486
340.51012
340.511998
340.512269
340.533692
340.536816
340.549883
340.55048
340.557556
340.577813
340.581737
340.582095
340.591367
340.594553
340.624158
340.628622
340.635498
340.648422
340.663802
340.666589
340.677994
340.683557
340.69573
340.696714
340.733543
340.73559
340.749403
340.766022
340.769684
340.770455
340.772771
340.776735
340.780072
340.799777
340.813896
340.816615
340.816994
340.834374
340.834586
340.864431
340.868411
340.876721
340.885546
340.906116
340.906583
340.916784
340.917205
340.925972
340.944843
340.944911
340.955183
340.959348
340.964522
340.967249
340.97537
340.983452
340.989956
341.005507
341.010916
341.025522
341.045309
341.065677
341.073788
341.077775
341.082659
341.091465
341.092516
341.133486
341.139032
341.145127
341.149918
341.171801
341.189066
341.196724
341.201563
341.204009
341.204758
341.205469
341.210591
341.21928
341.220509
341.220846
341.22228
341.231702
341.246713
341.258649
341.277497
341.280715
341.29751
341.297906
341.298227
341.301317
341.320012
341.335653
341.339687
341.350319
341.378905
341.394368
341.416798
341.421338
341.43121
341.439105
341.439721
341.439852
341.440463
341.463198
341.46673
341.490336
341.497599
341.502018
341.520018
341.520172
341.526437
341.538036
341.542049
341.551578
341.559204
341.560622
341.573788
341.577819
341.581818
341.597893
341.616774
341.634238
341.64152
341.672967
341.687368
341.696841
341.701046
341.71714
341.720951
341.722417
341.757169
341.765174
341.777662
341.778078
341.79515
341.801405
341.807124
341.812599
341.839631
341.840313
341.845795
341.868451
341.880733
341.884602
341.89981
341.901549
341.901832
341.902869
341.910175
341.911046
341.916075
341.926814
341.93285
341.934423
341.935823
341.941822
341.951302
341.951846
341.952388
341.954068
341.977359
341.989486
341.995078
341.995554
342.033633
342.067379
342.081795
342.100316
342.112548
342.115745
342.123026
342.135723
342.138538
342.139354
342.16988
342.170564
342.173559
342.173641
342.199394
342.202438
342.21732
342.224015
342.232817
342.239954
342.240886
342.247631
342.250382
342.257467
342.299172
342.300388
342.309115
342.30938
342.311196
342.313359
342.32128
342.33951
342.347353
342.353127
342.353928
342.361716
342.374761
342.37558
342.399328
342.400537
342.407021
342.417625
342.42102
342.431242
342.433433
342.445796
342.450026
342.451058
342.452282
342.455163
342.455797
342.460208
342.469978
342.471202
342.479214
342.489665
342.490993
342.49757
342.504732
342.507015
342.518149
342.541752
342.553716
342.568734
342.575178
342.577756
342.580771
342.582278
342.597087
342.602266
342.630485
342.630942
342.638637
342.667318
342.673074
342.68036
342.68218
342.682246
342.687288
342.694506
342.712657
342.758765
342.759126
342.762869
342.76848
342.77672
342.778227
342.804018
342.816064
342.832166
342.84026
342.842995
342.857272
342.861935
342.869204
342.871529
342.874958
342.885968
342.892731
342.893485
342.897909
342.899863
342.905484
342.905801
342.939656
342.945281
342.948237
342.952664
342.961754
342.966109
342.98626
342.989575
343.020765
343.023981
343.032728
343.034242
343.037867
343.049983
343.052824
343.067835
343.067997
343.094653
343.100884
343.108562
343.112354
343.132153
343.138963
343.141135
343.157108
343.164772
343.169828
343.207058
343.210418
343.221317
343.221676
343.228736
343.230037
343.230154
343.232811
343.238952
343.255149
343.279242
343.300631
343.308207
343.311156
343.33061
343.33118
343.33369
343.333869
343.344875
343.345629
343.346024
343.365493
343.373247
343.392421
343.394546
343.398791
343.406128
343.407382
343.415088
343.427979
343.434786
343.461226
343.471189
343.484201
343.487414
343.492969
343.499838
343.521966
343.526387
343.526933
343.535994
343.536241
343.536657
343.567102
343.569969
343.589621
343.591097
343.609982
343.617838
343.632442
343.641673
343.647335
343.660902
343.694588
343.711249
343.714052
343.744267
343.748509
343.76086
343.786014
343.790217
343.794394
343.823363
343.83486
343.871055
343.879262
343.880518
343.904593
343.911069
343.923117
343.931227
343.964641
343.993283
344.014873
344.039635
344.041811
344.048622
344.051159
344.052557
344.054278
344.056239
344.065296
344.066221
344.074594
344.080514
344.085304
344.08887
344.100274
344.117829
344.120462
344.126624
344.14358
344.149627
344.159902
344.1779
344.180058
344.191849
344.197993
344.200647
344.234142
344.234386
344.235067
344.243816
344.25054
344.254069
344.263168
344.290338
344.293469
344.301687
344.303916
344.309146
344.329607
344.338067
344.350122
344.355428
344.360964
344.371396
344.375362
344.384874
344.387791
344.389334
344.406765
344.408825
344.410197
344.413019
344.427218
344.432317
344.445039
344.446199
344.464744
344.466217
344.497835
344.500496
344.557363
344.56334
344.571593
344.585213
344.603329
344.605567
344.611802
344.622534
344.622817
344.625477
344.628836
344.639174
344.652847
344.699374
344.709261
344.714342
344.731333
344.734482
344.738522
344.752501
344.75439
344.770335
344.774263
344.783295
344.818334
344.819975
344.828716
344.834
344.834872
344.847496
344.849205
344.860201
344.865376
344.865881
344.892588
344.920741
344.926596
344.926684
344.950158
344.95218
344.953201
344.981622
344.996888
345.029316
345.037399
345.045207
345.061429
345.0617
345.068692
345.071898
345.089194
345.099036
345.099432
345.106055
345.106646
345.107926
345.125984
345.140757
345.152971
345.160425
345.178111
345.187516
345.189062
345.201263
345.21445
345.215559
345.217039
345.217065
345.224549
345.25001
345.253019
345.253529
345.262189
345.268614
345.27721
345.277446
345.287747
345.329889
345.331542
345.357746
345.403398
345.413455
345.421667
345.440586
345.441014
345.444019
345.465408
345.466318
345.467011
345.472317
345.507969
345.518927
345.552632
345.560786
345.574695
345.646091
345.661979
345.66698
345.669945
345.680087
345.740259
345.751683
345.781782
345.798
345.824478
345.829823
345.841932
345.85085
345.870248
345.871572
345.874536
345.874537
345.913586
345.948137
345.956867
345.977417
345.9865
346.001206
346.032794
346.054963
346.061307
346.062965
346.085193
346.097212
346.107627
346.115551
346.126385
346.141413
346.142484
346.146552
346.186341
346.186714
346.212592
346.250523
346.252482
346.253905
346.256492
346.264363
346.271758
346.272333
346.273504
346.287373
346.288246
346.293793
346.300743
346.313839
346.319025
346.32356
346.337417
346.346221
346.383494
346.388416
346.403402
346.426377
346.426728
346.438759
346.440517
346.442314
346.463143
346.465499
346.468477
346.469176
346.47884
346.483778
346.509966
346.527231
346.53516
346.550498
346.57543
346.575638
346.575782
346.602191
346.61387
346.626112
346.635312
346.639508
346.656007
346.65648
346.671531
346.675265
346.67578
346.68792
346.697042
346.713518
346.715864
346.721574
346.725089
346.75019
346.75499
346.774605
346.790555
346.800374
346.8106
346.822054
346.83829
346.842946
346.843235
346.867533
346.909282
346.912741
346.929356
346.961978
346.966568
346.998502
347.018957
347.026456
347.0293
347.045894
347.053823
347.076409
347.106009
347.120381
347.144715
347.149686
347.152568
347.155843
347.163204
347.163721
347.170151
347.170343
347.18226
347.183402
347.187018
347.188613
347.190867
347.217279
347.224487
347.231438
347.263673
347.263686
347.279271
347.292032
347.293868
347.294797
347.301565
347.307595
347.312012
347.317708
347.355368
347.366689
347.399664
347.419427
347.427758
347.45811
347.466716
347.46952
347.480133
347.484975
347.489287
347.50077
347.508251
347.53547
347.564985
347.572082
347.646293
347.650032
347.701745
347.726634
347.727136
347.737688
347.744219
347.76015
347.776142
347.78042
347.783406
347.808963
347.867727
347.872419
347.889925
347.928748
347.946458
347.953101
347.965108
347.971968
347.984334
348.024144
348.027421
348.036534
348.042618
348.044194
348.047369
348.059805
348.061929
348.075204
348.075854
348.083923
348.087906
348.103636
348.114831
348.117339
348.126778
348.138375
348.145453
348.185444
348.18813
348.194454
348.19542
348.2001
348.204569
348.212681
348.249712
348.275087
348.284239
348.293063
348.29788
348.306137
348.307067
348.309069
348.317625
348.336267
348.336837
348.337558
348.350408
348.352494
348.371288
348.392403
348.417853
348.437688
348.465778
348.471155
348.471732
348.476486
348.478953
348.520571
348.551923
348.579019
348.579336
348.58514
348.616079
348.650661
348.692707
348.698558
348.713749
348.715303
348.724777
348.749337
348.753046
348.757666
348.776482
348.778098
348.804304
348.807887
348.810786
348.813471
348.852548
348.863701
348.869822
348.900769
348.934018
348.939539
348.967447
348.975028
348.980827
348.984894
349.005685
349.007821
349.025179
349.03223
349.040509
349.063406
349.066701
349.086422
349.098423
349.134477
349.183887
349.186754
349.196814
349.201934
349.21799
349.22615
349.226154
349.255191
349.287658
349.30769
349.328262
349.340188
349.359232
349.361388
349.37803
349.382444
349.391109
349.394095
349.408049
349.409716
349.415702
349.419596
349.440617
349.463048
349.510788
349.51291
349.536239
349.544928
349.568477
349.605298
349.605616
349.622381
349.632695
349.633834
349.635695
349.656266
349.670726
349.671752
349.687097
349.693064
349.711211
349.744857
349.745979
349.746032
349.749169
349.752262
349.7633
349.77836
349.787437
349.801046
349.811914
349.823371
349.841832
349.847514
349.849551
349.849557
349.852992
349.861046
349.869155
349.882274
349.891165
349.896391
349.9092
349.923192
349.931104
349.935724
349.937302
349.948992
349.956781
349.958217
349.967058
349.988177
350.009336
350.117752
350.130936
350.149529
350.15006
350.153347
350.167853
350.197497
350.209868
350.214681
350.271179
350.292444
350.299821
350.318111
350.319193
350.322798
350.335895
350.367974
350.417867
350.422465
350.448225
350.453076
350.458742
350.489473
350.499736
350.506205
350.511987
350.514562
350.515067
350.515177
350.522501
350.526775
350.539956
350.542208
350.548022
350.585128
350.58914
350.593558
350.594702
350.605188
350.612615
350.640047
350.653214
350.654832
350.660593
350.684539
350.688056
350.706601
350.716895
350.742848
350.765464
350.788449
350.823443
350.824932
350.838466
350.839364
350.845476
350.867696
350.867739
350.899744
350.906924
350.90815
350.928754
350.934498
350.957106
350.958628
350.96132
350.986051
350.986627
351.00819
351.009824
351.015002
351.030069
351.033764
351.0467
351.074343
351.085959
351.125147
351.151846
351.154012
351.156561
351.159282
351.199411
351.214955
351.216173
351.253247
351.29819
351.349935
351.372267
351.373642
351.375867
351.406597
351.41691
351.437656
351.464336
351.482883
351.491727
351.502007
351.509368
351.510815
351.513577
351.545094
351.595305
351.60235
351.614732
351.655073
351.665162
351.713641
351.730443
351.737319
351.772271
351.789937
351.812716
351.813125
351.832356
351.837719
351.848079
351.865939
351.894695
351.96268
351.996276
352.030618
352.053538
352.101081
352.113116
352.161801
352.204095
352.21106
352.212284
352.221839
352.223532
352.223636
352.257999
352.262635
352.322932
352.353218
352.353407
352.365973
352.370851
352.423651
352.428785
352.459416
352.463104
352.568768
352.583122
352.584742
352.58641
352.587948
352.622152
352.636402
352.644874
352.743011
352.755083
352.766515
352.76754
352.778031
352.785131
352.789157
352.803069
352.845031
352.877373
352.898336
352.919327
352.921337
352.946622
352.958599
352.996605
353.02399
353.035049
353.045924
353.077568
353.092166
353.092206
353.167059
353.169791
353.179838
353.190405
353.190515
353.206411
353.235879
353.239801
353.292043
353.330005
353.330012
353.39836
353.399428
353.413933
353.427554
353.430212
353.438724
353.472947
353.486658
353.487118
353.537851
353.54921
353.554952
353.577467
353.591579
353.658295
353.675741
353.70151
353.727144
353.757668
353.760667
353.766122
353.798999
353.806882
353.812245
353.814433
353.837035
353.840893
353.84668
353.84746
353.874053
353.875113
353.883129
353.918367
353.919601
353.941611
353.960762
353.964132
354.007379
354.022504
354.038232
354.060698
354.063323
354.068016
354.097897
354.120854
354.152394
354.191916
354.241481
354.245365
354.246541
354.256492
354.26611
354.285385
354.295885
354.34666
354.35891
354.412915
354.416723
354.429524
354.458594
354.47291
354.478403
354.518456
354.546147
354.593445
354.634928
354.647941
354.723028
354.754379
354.805901
354.865324
354.898435
354.919386
354.959769
354.961308
354.972739
354.981745
355.041994
355.056027
355.06383
355.074481
355.142806
355.145906
355.148702
355.182993
355.185694
355.186724
355.257823
355.270777
355.284323
355.285046
355.358366
355.430858
355.512408
355.525518
355.542197
355.552977
355.55411
355.557217
355.5895
355.608389
355.62804
355.64456
355.651446
355.70817
355.739678
355.740406
355.745405
355.749113
355.762163
355.773215
355.777172
355.828149
355.837651
355.901752
355.907094
355.91125
355.918725
355.947245
355.947781
355.992086
356.008796
356.069119
356.081282
356.081959
356.084533
356.095708
356.120375
356.14353
356.157075
356.157575
356.16505
356.198171
356.19993
356.206101
356.230541
356.246704
356.24894
356.312114
356.355648
356.37485
356.386749
356.396268
356.408776
356.466185
356.475722
356.47954
356.503248
356.504783
356.523853
356.538255
356.543642
356.567832
356.569703
356.595301
356.64529
356.66638
356.691839
356.73004
356.788426
356.80903
356.827587
356.827796
356.850753
356.863651
356.911865
356.956034
356.991965
357.023355
357.025973
357.034121
357.043291
357.048391
357.068365
357.072589
357.146848
357.166546
357.168841
357.211388
357.229142
357.242039
357.252806
357.260077
357.291333
357.332194
357.354877
357.355831
357.400586
357.402302
357.406827
357.409231
357.441207
357.478301
357.500746
357.527956
357.555044
357.600167
357.643383
357.643676
357.680135
357.685044
357.70524
357.735787
357.803899
357.825235
357.841184
357.858538
357.904134
357.931907
357.980835
357.999098
358.057005
358.095171
358.100329
358.117481
358.120351
358.148269
358.148751
358.169593
358.170598
358.181346
358.190781
358.216081
358.228239
358.23955
358.299916
358.336383
358.368523
358.377085
358.397455
358.42584
358.432381
358.465015
358.482245
358.556115
358.578769
358.584886
358.634142
358.636835
358.646258
358.684172
358.742765
358.799015
358.843661
358.846395
358.855929
358.856824
358.867298
358.934132
358.990523
359.039354
359.108291
359.113294
359.235861
359.285358
359.298281
359.359133
359.374041
359.376481
359.448062
359.488598
359.495922
359.496629
359.496977
359.515577
359.635315
359.728661
359.748742
359.762736
359.764611
359.786478
359.791189
359.819666
359.834452
359.836388
359.855635
359.860847
359.895675
359.928247
359.954604
359.956998
359.960471
359.97589
359.980846
360.012064
360.016875
360.032281
360.098061
360.101842
360.108628
360.123234
360.132403
360.134469
360.170758
360.318311
360.484925
360.525542
360.559558
360.633003
360.643792
360.656143
360.665832
360.674089
360.748839
360.888211
361.031226
361.037876
361.043947
361.075052
361.079357
361.085856
361.139289
361.140849
361.148029
361.182774
361.220869
361.282694
361.287519
361.294142
361.300664
361.341215
361.385052
361.394239
361.501533
361.54813
361.6206
361.650366
361.651576
361.661139
361.677641
361.69326
361.777072
361.807589
361.847499
361.859319
361.868447
361.946688
362.038014
362.074359
362.106234
362.137515
362.154476
362.196358
362.303919
362.324224
362.360223
362.37139
362.379397
362.430757
362.453806
362.51071
362.514168
362.691761
362.692211
362.804326
362.816858
362.83346
362.871565
362.981681
363.040885
363.081184
363.092241
363.169681
363.259924
363.305508
363.321406
363.361264
363.609842
363.643943
363.668238
363.719938
363.831821
363.893208
363.90029
363.928492
363.928761
363.93418
363.938762
363.959246
363.967349
363.978162
364.00258
364.024602
364.087692
364.112817
364.234127
364.24485
364.255597
364.299842
364.304401
364.308208
364.323374
364.333974
364.34318
364.462902
364.515746
364.547863
364.701729
364.738943
364.73946
364.744154
364.771685
364.834753
364.956452
365.0408
365.047154
365.050973
365.105613
365.1665
365.214693
365.289316
365.302206
365.334106
365.36542
365.427517
365.430037
365.443531
365.560027
365.566434
365.577225
365.687577
365.70602
365.723705
365.760454
365.788336
365.824377
366.086108
366.265236
366.359568
366.359849
366.374571
366.391999
366.448922
366.449262
366.533628
366.563586
366.577398
366.646099
366.681535
366.750384
366.753915
366.759605
366.786829
366.852071
366.901398
366.932121
367.057052
367.105334
367.127307
367.193564
367.199285
367.400471
367.44268
367.453444
367.499642
367.714557
367.841111
367.959227
367.985446
367.993319
368.017799
368.07489
368.224746
368.230482
368.279733
368.354613
368.414876
368.452763
368.597717
368.604545
368.82833
368.984581
369.221955
369.250485
369.289905
369.428924
369.68775
369.737435
369.864813
369.947472
369.954958
370.023413
370.050453
370.129951
370.141199
370.197597
370.403345
370.412401
370.425976
370.440454
370.513603
370.638764
370.738318
371.001066
371.013352
371.114703
371.194179
371.211099
371.382815
371.59596
371.760006
371.833158
371.839237
371.900975
371.920727
372.039484
372.260662
372.312417
372.433721
372.47041
372.594504
372.70256
372.714952
372.754058
372.778035
372.904098
373.128621
373.194599
373.198133
373.265167
373.318715
373.382962
373.572224
373.651654
373.713653
373.791762
373.940728
373.949486
374.045814
374.097973
374.30024
374.365515
374.462469
374.619843
374.672321
374.769426
374.790442
374.953129
375.013048
375.134949
375.225742
375.244001
375.4305
375.569937
375.686405
375.75919
375.86215
376.007847
376.092453
376.272217
376.483836
376.488561
376.619089
376.938367
376.948566
377.04148
377.09101
377.092743
377.264276
377.283363
377.614697
377.641929
377.67714
377.909066
377.917963
378.011694
378.100086
378.406801
378.494578
378.604095
378.78899
378.882043
378.912549
378.949857
379.337314
379.423936
379.708797
379.735679
379.849771
380.172805
380.906664
381.167967
381.415483
381.587515
381.962169
382.156888
382.373854
382.527105
382.566736
382.944224
383.036098
383.038896
383.384437
383.440257
383.999849
384.053502
384.360698
384.510321
385.181989
385.394192
386.592211
386.672023
386.950585
387.104883
387.291753
387.694613
387.983455
388.236694
388.339111
388.434749
389.080686
389.129584
389.310794
389.478067
389.514398
389.529711
389.533534
389.717752
389.775137
389.866185
390.028212
390.106146
390.341907
390.673849
390.942261
391.353043
391.915174
392.179534
392.545745
392.761466
393.774262
394.036686
394.064301
394.345115
394.475016
394.855651
396.148102
396.253733
396.398586
396.721562
396.946948
397.14182
397.610246
397.708172
398.422097
398.902238
398.957884
399.283079
399.485337
399.576308
400.562589
400.703666
401.303423
402.620669
404.12434
405.277395
405.593396
405.678336
406.507041
408.64403
412.697023
413.827391
416.249565
418.3899
418.507798
423.227864
424.217833
425.941769
426.905102
428.031652
429.892286
432.662509
436.611748
458.583658
489.852383
506.148836
545.936315
672.558532
761.468863
800.774007
3732.418121
