1.406969
1.432675
1.456974
1.503811
1.50459
1.525885
1.540814
1.54599
1.558051
1.579708
1.589932
1.590496
1.595889
1.627562
1.633503
1.639097
1.645804
1.661069
1.696304
1.718184
1.793362
1.800395
1.801033
1.811302
1.876054
1.878597
1.892822
1.931099
1.98032
1.98761
1.987999
1.989723
2.019678
2.0918
2.221713
2.230868
2.252599
2.272015
2.283723
2.327949
2.37931
2.418878
2.532632
2.572723
2.725605
2.953743
2.999938
3.070293
3.128685
3.227318
3.300241
3.305682
3.451541
5.109434
5.810718
6.410284
6.509445
6.704165
6.870344
6.912887
6.915689
7.023731
7.034393
7.068764
7.202812
7.307129
7.354624
7.360436
7.391022
7.423724
7.476057
7.495877
7.500248
7.520988
7.525632
7.550601
7.560529
7.561678
7.608247
7.609381
7.635662
7.655984
7.688637
7.70703
7.75376
7.779078
7.850643
7.853976
7.913925
7.935968
7.943504
7.943789
7.979769
7.990339
8.066865
8.088849
8.115848
8.151256
8.226179
8.49426
8.496923
8.522099
8.635701
8.669378
8.692332
8.816562
8.903576
8.912368
9.039325
9.126677
9.178237
9.202057
9.266112
9.266559
9.291794
9.623015
9.629827
9.641442
9.69344
9.703416
9.776704
9.795059
9.804839
9.887292
9.950569
10.034649
10.066965
10.083081
10.083839
10.094064
10.176434
10.235916
10.347937
10.374423
10.423178
10.506756
10.507508
10.588045
10.722644
10.743752
10.80232
10.83386
10.875856
11.044653
11.069131
11.104051
11.132322
11.200602
11.266448
11.287137
11.319478
11.361259
11.415533
11.445375
11.472497
11.690692
11.705354
11.718914
11.721736
11.751514
11.816489
11.927187
12.033158
12.121762
12.316949
12.438688
12.461542
12.491222
12.500961
12.538697
12.542332
12.571593
12.638099
12.639703
12.678583
12.684662
12.803749
13.025223
13.096
13.11296
13.113908
13.19365
13.213375
13.32032
13.353
13.408847
13.448834
13.486969
13.530338
13.618592
13.620105
13.659577
13.710091
13.867869
14.008773
14.029554
14.095154
14.10117
14.187917
14.219317
14.238601
14.241366
14.247559
14.305909
14.364987
14.400877
14.542838
14.557952
14.58848
14.651684
14.981516
15.185295
15.263202
15.420799
15.578832
15.907442
15.919443
15.924705
16.36911
16.428015
16.456061
17.158228
17.754106
18.225041
18.962975
19.188491
19.280623
19.596151
20.146236
21.161908
21.491541
21.767674
22.650495
23.311954
23.648923
23.954011
24.693286
26.064466
26.299938
26.556654
26.567865
27.542045
27.802417
28.688513
29.5216
32.77989
33.327461
38.581432
40.365448
40.874087
41.090103
45.409432
46.473946
49.131463
50.873402
51.547709
53.115067
53.296606
53.675205
54.222309
55.549204
56.589496
56.633271
57.100469
63.058538
63.563825
63.640121
66.977764
67.806428
67.892891
68.131884
72.378057
73.884958
73.932298
76.786672
79.424862
79.51225
80.499565
81.825745
87.5852
88.700423
89.387568
89.62112
90.375175
90.683153
91.627386
92.383026
95.547147
95.624721
96.701376
97.701878
97.762956
98.153927
100.646405
102.202495
103.157326
105.143009
105.181656
108.321438
108.777138
108.983823
109.134279
110.613044
111.49611
112.239445
112.449401
113.349267
113.74936
115.872225
116.599756
117.558565
117.982828
118.019721
118.158383
118.636616
119.533128
120.708189
121.035333
121.054672
121.343473
121.574974
121.719517
121.898748
122.791839
123.355051
123.773637
123.988767
124.287558
125.138397
125.248454
125.482746
125.777324
125.803778
125.895414
126.006914
126.41073
126.519827
126.715831
127.319338
127.449469
127.566799
127.709438
127.795469
127.921211
127.92761
127.931203
128.134001
128.358459
128.479654
128.575983
128.598618
128.750263
128.799596
128.870011
129.037078
129.042507
129.192975
129.294122
129.808499
129.83053
129.931962
129.997464
130.024508
130.163203
130.346385
130.386945
130.561867
130.668657
130.738164
131.358755
131.662482
132.003423
132.206581
132.330256
132.529753
132.854046
132.899536
133.421828
133.623939
133.990451
134.558077
134.602708
134.773946
135.143133
135.398791
135.671684
135.81713
135.883463
135.964201
136.361137
136.912824
138.292265
138.355893
138.551776
138.815937
139.016767
140.13555
140.210914
140.630028
140.644401
140.76004
140.946178
141.92737
142.183701
143.822867
143.926477
145.481571
145.688825
145.790344
145.945184
145.962031
146.363993
146.495647
146.5582
146.706892
147.006954
147.065555
147.192559
147.368351
147.406784
147.788159
147.791907
147.835788
147.964654
148.027784
148.067897
148.094625
148.113917
148.252304
148.479785
148.887392
149.013858
149.216438
149.551329
149.997021
150.009417
150.280857
150.296013
150.375363
150.615819
150.616907
150.662269
150.993176
151.010952
151.218794
151.343389
151.383885
151.441012
151.704614
151.928559
152.036692
152.101746
152.113467
152.128991
152.276163
152.279928
152.518082
152.539977
152.602077
152.67156
153.076173
153.129158
153.183724
153.194929
153.208201
153.427057
153.450056
153.543312
153.617911
153.659277
153.78152
153.819616
153.94767
154.032501
154.147248
154.180285
154.590701
155.054612
155.23375
155.276531
155.35179
155.461272
155.487861
155.625715
155.631838
155.724175
155.893974
155.965162
156.080591
156.143008
156.325458
156.394461
156.765599
156.840504
157.104476
157.195021
157.667456
157.705768
157.917874
158.084257
158.089584
158.0912
158.433991
158.480887
158.588561
158.601024
158.615067
158.746854
158.948699
159.444519
159.644025
159.674807
159.735137
159.825724
159.859436
160.327312
160.673933
160.750494
160.805509
160.90625
160.918765
160.951683
160.97471
161.045481
161.070538
161.083369
161.233817
161.268796
161.274986
161.380597
161.401575
161.457423
161.652032
161.747368
161.791141
161.960376
162.096455
162.279832
162.307543
162.338417
162.379233
162.511887
163.524258
163.664099
163.83509
163.896129
163.984239
164.200968
164.290801
165.122702
165.471914
165.777605
165.861826
166.389184
166.732388
167.168221
168.024813
168.107171
169.21527
169.220663
169.352189
169.940899
170.081344
170.44706
170.716992
170.900648
171.132125
171.179534
171.862942
171.996607
172.133663
172.139931
172.899231
173.400595
173.460807
173.992666
174.130786
174.170173
174.23805
174.451261
174.517428
175.221609
175.58494
176.255683
176.25699
176.267324
176.390881
177.370106
178.018149
178.493093
179.39186
179.565769
179.837021
179.838703
180.394333
180.458605
180.682642
180.937028
182.063393
182.192401
183.720695
183.927375
184.124273
184.648916
184.68087
184.745142
184.968354
185.729233
185.813275
186.305496
187.219753
187.94956
188.613389
188.94625
189.288664
190.332641
191.795126
192.003486
192.71623
193.051376
193.617599
194.418245
194.584315
195.821684
197.041462
197.462821
197.626207
197.866778
199.448794
199.901418
200.210471
200.699117
202.19893
202.518648
203.591786
204.163724
205.160329
205.420005
205.705142
205.79882
206.07199
207.397591
209.608835
209.983205
210.268719
211.221223
211.276678
213.559026
213.818411
214.465763
214.633581
214.736906
215.81875
216.075381
217.143454
218.50248
218.767533
219.360573
219.386062
219.943891
220.003198
220.984182
221.097443
221.193804
221.612275
222.841813
223.149673
223.509325
223.509443
223.724837
223.783186
223.846907
224.033517
224.166235
224.826292
225.130239
225.621487
225.966647
226.051096
226.17841
226.590019
227.355144
227.369627
227.411843
228.32037
228.454933
228.629989
228.712827
228.765496
228.826612
229.145173
229.779203
230.014887
230.487237
230.617049
230.946597
231.511573
231.655848
231.750318
232.013222
232.173385
232.329077
232.43169
232.581537
232.753994
233.106265
233.166573
233.197938
233.242185
233.244195
233.32268
233.375592
233.698852
233.79419
233.910862
233.930601
234.044072
234.151317
234.224426
234.370377
234.638504
234.733524
234.869037
235.021842
235.099939
235.314779
235.332982
235.796009
235.857566
236.389133
236.690502
236.7081
236.793734
237.089195
237.287695
237.3868
237.482645
237.669906
237.709701
237.71157
237.905082
237.940444
238.2354
238.762826
239.126234
239.643518
239.65692
239.754561
239.815485
240.013267
240.045962
240.418916
240.469568
240.562516
240.792666
240.866175
241.035495
241.265317
241.534937
241.621846
241.837493
242.078364
242.13235
242.250087
242.252533
242.318632
242.420405
242.61724
242.622292
243.141252
243.172708
243.173543
243.188343
243.216205
243.273359
243.498038
243.529557
243.646624
243.962235
244.021878
244.243891
244.24471
244.458499
244.663904
244.72913
244.80561
244.879426
245.040505
245.048249
245.090875
245.363003
245.589502
245.638392
245.687371
246.033388
246.323899
246.685426
246.858376
247.006934
247.306449
247.494553
247.794442
247.97712
248.143824
248.680711
249.30719
249.444724
249.508014
249.677529
250.037019
250.293014
250.347597
250.548987
250.884335
251.068405
251.127958
251.9889
252.053024
252.321124
252.559324
253.317729
253.99358
254.016389
254.270695
254.289825
254.377096
254.986685
255.094944
255.124764
255.269467
255.296538
255.411797
255.726837
256.468908
256.668042
257.027772
257.650825
257.880997
258.102973
259.128793
260.312886
260.560029
260.809671
261.205365
261.9019
262.355174
262.640734
263.128988
264.389307
265.359962
265.370036
266.009899
266.181609
267.443831
270.281833
270.521776
271.251982
274.775784
276.173176
276.969031
277.558253
277.799282
286.694042
288.384264
288.571281
291.250007
297.145235
300.385411
301.275818
303.53918
308.562903
308.908402
309.251346
309.691722
309.851545
310.040786
312.269693
313.595517
313.919546
314.045403
314.302355
314.927672
315.209547
315.223666
315.831001
316.03119
316.606155
316.940785
317.365925
317.911966
318.713373
319.695366
321.147976
321.730472
321.869429
321.997109
322.173708
322.203667
322.678224
323.677219
323.832848
323.916759
323.93926
324.097748
324.735176
324.792918
325.492287
325.504537
326.328293
326.365474
326.991197
327.121951
327.139795
327.215985
327.425473
327.474721
327.824767
328.006611
328.394046
328.514216
328.599623
329.791413
329.89111
329.910424
330.261779
330.53527
331.336288
331.341615
331.504844
331.54796
331.71764
331.809781
331.925699
332.130308
332.186437
332.514957
332.842114
333.643809
333.982673
334.012704
334.281148
334.315483
334.397058
335.096947
335.371319
335.521515
335.567791
335.697479
335.725601
335.836277
336.030151
336.146444
336.149448
336.431847
336.647649
336.887456
336.996362
337.036267
337.08263
337.599699
337.972505
338.015925
338.243617
338.614969
338.786101
338.862553
338.926145
338.966527
339.295586
339.357909
340.144261
340.574384
341.367435
342.776456
342.849169
343.246785
343.710391
343.770968
344.90514
345.347725
345.919228
345.973183
346.021005
346.381725
346.772884
347.475703
349.439769
349.929932
350.564174
350.641674
351.870334
353.895478
353.964985
355.138098
360.853188
364.332385
378.055175
384.023142
411.07121
435.520335
4770.764607
10802.639775
17678.782974
