1.505902
1.547439
7.295543
7.312076
7.407689
7.43323
7.515005
7.620324
7.712182
8.027718
8.029959
8.153515
8.17993
8.460479
8.723565
8.757251
8.824784
9.015515
9.092666
9.184796
9.190107
9.203782
9.232692
9.561621
9.756258
9.794878
9.824429
9.902048
9.940435
9.986061
10.035275
10.13316
10.214207
10.308075
10.338154
10.493901
10.58898
10.661453
10.663633
10.666207
10.698709
10.785567
10.855266
10.864906
10.877429
10.896287
10.946889
11.203355
11.219269
11.276544
11.472802
11.53093
11.535672
11.595674
11.668499
11.697677
11.810738
11.818218
11.904063
12.097518
12.097842
12.197846
12.252166
12.274809
12.299845
12.306656
12.345252
12.499406
12.57664
12.656758
12.703163
12.748861
12.80567
12.825234
12.969938
12.973796
13.041092
13.094592
13.115337
13.147678
13.221829
13.267353
13.363095
13.43094
13.680941
13.697968
13.70008
13.737211
13.759037
13.873856
13.976562
14.006229
14.047415
14.270056
14.273921
14.278363
14.38901
14.448339
14.472545
14.639615
14.780756
14.896414
14.909854
14.972463
14.984987
15.10854
15.191463
15.298365
15.529877
15.570983
15.572987
15.723395
15.750415
15.777445
15.890386
16.130327
16.165887
16.184592
16.271393
16.302325
16.383038
16.447865
16.63526
16.757182
16.915449
17.071612
17.107457
17.365994
17.424674
17.471061
17.514866
17.608593
17.609174
17.643422
17.711969
17.758691
17.97988
18.008715
18.103251
18.241519
18.358586
18.946036
18.959333
18.992954
19.520685
19.730012
19.870464
19.997446
20.171097
20.641163
21.176084
22.065876
22.23004
22.509019
22.577715
22.581628
23.046749
23.131409
23.361197
23.559904
23.761084
24.180404
24.578616
24.609024
24.822362
25.11734
25.90883
26.038696
27.260498
27.581194
28.002398
28.35573
28.578431
28.990402
29.150581
29.238834
32.997117
37.264752
37.487316
42.073566
47.661791
48.722453
49.532288
49.740527
54.240306
54.642845
54.724358
55.902317
58.090719
74.454704
77.541033
78.125855
80.13311
80.409028
81.090667
84.16339
87.007493
89.315054
91.058965
93.126232
99.370508
100.155148
101.751614
104.785981
107.466802
107.49794
108.779178
109.292833
109.872101
111.567595
112.033957
112.944573
113.47441
113.924914
115.770279
115.882066
116.399538
116.404494
117.024896
117.240429
119.354025
119.507154
119.972748
120.282511
120.535389
120.547411
120.576746
120.580568
121.95312
122.471761
122.69767
122.914179
123.002836
123.079419
123.154661
123.266838
123.383866
123.676328
123.774748
124.35949
124.657024
124.81695
125.17899
125.445909
125.494827
125.562014
125.670669
125.716973
125.917633
126.158717
126.514372
126.629549
126.785358
126.884623
126.9617
127.108604
127.136075
127.232313
127.292343
127.66264
127.73508
127.76505
128.012462
128.026551
128.211765
128.390956
128.458716
128.554183
128.756081
129.017709
129.03696
129.170819
129.284063
129.391324
129.491214
129.525178
129.680726
129.900318
129.907474
130.441547
130.596146
130.777023
130.997533
131.099848
131.120151
131.595119
131.601643
131.774742
132.016718
132.041049
132.131368
132.141495
132.795861
133.202211
133.465293
133.513073
133.542682
133.598304
133.698119
133.700222
134.316878
134.812824
135.013377
135.018191
135.269899
135.398323
135.434227
136.240031
137.002089
137.744487
138.036199
138.491852
138.612157
138.726313
138.822355
138.988797
139.326698
139.68984
140.392614
140.644552
141.8852
141.991902
142.144856
142.182481
143.119209
143.317102
143.799153
144.170948
144.407316
144.412324
145.101367
145.350857
145.759763
145.967001
146.106032
146.17102
146.82957
146.96971
147.278122
147.423245
147.595775
147.669892
147.687442
148.040191
148.707808
148.740814
148.741408
148.885294
149.029126
149.700212
149.765145
150.072658
150.189086
150.295629
150.340358
150.551551
150.711907
150.719481
150.833937
151.067852
151.297787
151.77485
151.779441
151.980768
152.121528
152.187314
152.415955
152.873779
152.920868
153.029603
153.077767
153.313204
153.570433
153.600718
153.963276
154.139494
154.50671
155.275986
155.463363
155.940359
156.056731
157.572698
157.623221
157.96891
159.543616
160.101012
160.248766
160.274572
161.636692
161.897587
162.162361
162.43507
162.959082
163.279475
163.866917
163.937224
164.834766
166.384291
167.056467
167.687823
168.079991
168.447246
168.751721
169.565371
169.792022
169.928581
170.107577
170.584867
171.149812
172.055558
172.094486
172.463262
172.700831
173.86328
174.83261
174.877396
175.337028
175.828782
177.033167
178.070525
178.566611
179.719574
179.937077
180.214778
180.232815
180.481962
180.768091
181.000408
182.124499
182.349691
182.374361
182.426617
182.832473
182.877621
183.140089
184.255894
184.327543
184.431924
185.349747
186.607722
187.547527
188.992709
189.11073
189.141702
189.189953
189.469994
190.149335
190.305788
190.672021
190.987571
191.137803
191.405281
191.64801
191.94911
192.376194
192.508767
192.999278
193.217376
193.563286
193.833228
193.938241
194.051998
194.730952
194.750626
195.593008
195.649947
196.082686
196.103888
196.182866
196.222686
196.400502
196.530119
197.280972
197.284556
197.357257
197.449929
197.777825
197.825115
197.931874
198.032585
198.294531
198.319396
198.906056
199.003031
199.242714
199.383495
199.677324
200.158382
200.419435
200.59306
200.602892
201.054508
201.328758
201.344466
201.402054
201.499436
201.709197
201.732724
201.999842
202.20826
202.37287
202.529995
202.540638
203.666517
203.696878
203.742556
204.191644
204.467072
204.725441
204.783769
204.842632
205.370355
205.526342
205.573688
205.583508
205.664153
206.003303
206.416011
206.896747
206.94045
207.13777
207.248444
207.262784
207.34882
207.602149
208.313693
208.350913
208.404618
209.391988
209.667035
209.685714
210.190966
210.193055
210.280177
210.372799
210.409498
210.544096
210.735103
210.873363
211.473837
211.554474
211.830575
212.075782
212.098454
212.588665
212.619469
213.575549
214.270399
214.627952
215.690409
215.833738
216.510443
217.417783
217.798301
217.860752
217.868354
217.966106
218.240036
218.693644
219.521058
219.881073
219.939522
221.140819
221.192493
221.208225
221.531985
221.60903
221.672941
221.930268
222.18501
222.24556
222.449519
222.455899
224.039573
224.121253
224.136935
224.510474
224.544224
224.624094
224.63357
225.012374
225.114077
225.360398
225.413713
225.488939
226.30953
226.678971
226.833711
227.049716
227.296132
227.527467
227.557602
227.57363
228.835047
229.115316
229.172805
229.684212
230.055302
230.581084
230.779905
231.324789
231.3622
231.51916
231.844064
232.021781
233.067367
233.840067
234.064988
234.104281
234.410615
234.483918
234.597509
234.62537
235.630235
236.088101
236.227708
237.103779
237.27067
237.436367
237.928201
238.397489
239.031533
239.392758
240.229421
240.592934
241.217778
241.897447
241.994498
243.336165
243.41369
243.516935
244.417168
244.863907
244.930383
245.214407
245.77045
246.027382
246.224569
246.397538
246.66157
247.089798
247.231072
247.949613
248.387201
248.393349
248.62534
249.440016
249.499785
251.09925
251.431601
252.114953
252.392477
254.543283
254.55903
254.935189
255.749579
256.401804
256.41409
257.61501
257.866811
258.603301
258.695814
260.194821
260.310011
260.367247
260.7677
260.805476
260.854471
261.978283
262.031929
262.977797
263.383237
264.038661
264.479914
265.359805
265.656494
266.730871
266.768027
266.804962
266.992028
267.010883
267.588007
267.958129
268.143153
268.369889
268.46682
269.025722
270.192409
270.293145
270.932856
271.291811
271.513989
272.950134
273.279136
274.411259
274.525747
275.05849
275.709343
276.036625
276.09972
276.605476
276.616878
276.858554
276.909656
277.09984
277.959984
278.149861
278.197019
278.697754
279.575191
279.66057
279.855709
280.276194
280.377983
280.801582
280.881504
281.104423
281.738283
282.350486
282.404281
282.632662
282.65606
282.977352
283.41474
283.473352
284.358005
284.529864
284.809101
285.927079
286.457525
286.718369
287.04841
287.127425
287.936783
287.996038
288.214283
288.399235
288.940436
288.964869
289.037506
289.108588
289.520819
289.71074
289.852199
289.856984
289.897301
289.946976
290.14409
290.418122
290.609885
291.213208
291.216704
291.409018
291.443475
291.449864
291.68225
291.714256
291.8507
292.26304
292.339186
292.346441
292.548128
292.691745
292.757196
292.780408
292.841551
293.5155
293.579333
293.870453
293.897746
294.30406
294.730731
294.773607
295.004952
295.018479
295.058165
295.104216
295.152111
295.509909
295.810999
296.06526
296.065792
296.216639
296.734472
296.98712
297.089853
297.138519
297.230532
297.313761
297.375387
297.823962
297.931414
297.961527
297.975498
298.305662
298.325495
298.417653
298.825779
298.981746
299.115274
299.172012
299.416334
299.707118
299.764421
299.901486
300.140127
300.240661
300.812307
300.969842
301.02311
301.560003
301.572484
301.601342
301.607511
302.090417
302.196513
302.201657
302.32522
302.996756
303.017332
303.028132
303.116581
303.564098
303.612598
303.621779
303.865617
304.137551
304.60359
304.625057
304.802317
304.882986
305.223148
305.421997
305.422849
305.574897
305.633005
305.977728
306.0827
306.187396
306.452885
306.539784
306.826251
307.02966
307.09799
307.100179
307.130434
307.324449
307.438198
307.612356
307.739255
308.266988
308.419957
308.481869
308.695693
308.702112
308.852926
308.862612
309.04169
309.084781
309.095074
309.202223
309.548676
309.703109
309.770199
310.095668
310.342635
310.450592
310.551298
310.654086
311.063369
311.096289
311.151851
311.177863
311.235107
311.574366
312.33627
312.593965
312.638065
312.834642
312.840513
313.048743
313.052385
313.055922
313.164283
313.199409
313.313615
313.337938
313.710666
313.775229
313.80553
313.996674
314.071084
314.117265
314.153088
314.168923
314.315463
314.397775
314.469539
314.470932
314.580217
314.848588
314.899365
314.918162
315.014704
315.412076
315.638055
315.892025
316.215667
316.413823
316.47269
316.509744
316.784542
316.984546
316.992917
317.059071
317.173798
317.284641
317.355978
317.59504
317.637571
317.678895
317.709566
317.87766
318.041662
318.071124
318.499214
318.633073
318.69469
318.696989
318.915562
319.080215
319.408621
319.4194
319.521672
319.559471
319.88982
320.290354
320.760756
320.822208
321.457571
321.513228
321.898261
322.010763
322.38274
322.444943
322.496765
322.556214
322.556685
322.646118
322.680139
322.72652
323.023285
323.22305
323.335128
323.491096
323.727623
323.815124
323.82184
323.83899
324.271473
325.414493
325.419723
325.451409
325.520714
325.64084
325.65589
325.747367
325.794852
325.904261
326.220143
326.279851
326.576567
326.630835
327.078968
327.079526
327.098312
327.644133
328.098801
328.112475
328.331927
328.866756
328.926521
328.942781
328.96119
329.091106
329.458769
329.472364
329.608527
329.660593
329.863938
330.017643
330.318711
330.813992
331.05165
331.213054
331.275037
331.314821
331.329912
331.444321
331.58231
331.61477
331.715116
332.149042
332.200374
332.244139
332.255803
332.320657
332.355461
333.136266
333.36035
333.388419
333.624839
333.642965
334.009794
334.01766
334.119319
334.164945
334.362493
334.374602
334.407798
334.465841
334.484985
334.696548
334.706064
334.950733
335.157332
335.486152
335.762952
335.944001
335.94553
336.756009
337.111557
337.149958
337.278033
337.446692
337.897416
337.898167
337.982957
338.50981
339.206361
339.467199
339.509349
339.685027
339.834907
340.235072
340.540588
340.644935
340.675869
340.70648
340.936632
340.9933
341.015834
341.332477
341.60308
341.644414
341.70529
341.721661
342.437363
342.500421
342.596054
342.701931
342.708981
342.757441
343.291883
343.722594
344.524394
345.672181
346.405714
347.067275
347.248958
347.356482
347.410301
347.415244
347.673627
348.446045
348.463206
348.73416
348.859854
348.892543
349.015861
349.348906
349.797108
350.29648
350.727287
350.757746
351.036318
351.124654
351.494135
351.601134
352.804177
353.813163
354.656184
354.865531
354.921668
355.381093
355.561477
355.762922
355.808038
355.873036
356.002294
356.073581
356.124101
356.174619
356.301634
356.506334
356.543434
356.563491
356.949346
357.386664
357.41789
357.656324
357.660127
357.681509
357.890282
358.130283
358.491811
358.512985
358.520622
358.546215
358.770409
359.224005
359.622814
359.745521
360.066158
360.362303
360.57273
360.594528
360.595014
360.623735
360.686662
360.948317
361.290765
361.292015
361.548953
361.673626
361.792179
361.918796
362.4643
362.735504
362.941504
363.166157
363.169101
363.663191
364.040947
364.405204
364.510476
365.378627
365.430949
365.492533
365.508887
365.842727
366.365004
366.463559
366.566987
367.175407
367.246962
367.36511
367.621111
367.892473
368.174665
368.577727
368.585119
368.85349
368.992383
369.263046
369.461482
369.474483
369.52757
369.734918
369.8451
370.016044
370.025695
372.083111
372.372671
372.510775
372.725151
372.908825
373.197573
373.441342
374.011297
374.319589
374.508754
374.571768
374.762199
375.064932
375.169698
375.661979
376.353887
376.561716
376.883342
377.254962
378.509214
379.67214
380.84803
381.106546
381.234371
381.289314
381.323484
381.979959
382.102263
382.174444
382.675346
382.902811
382.926383
383.124514
383.504742
383.542331
383.688347
384.237323
384.861211
384.955177
386.120756
388.157558
388.225606
388.753906
389.203989
389.818594
390.794198
390.845728
391.462217
392.88289
392.885814
393.755096
393.858334
393.97493
394.039911
394.244162
394.578859
395.5821
395.653555
396.335254
398.581085
399.076611
399.273949
399.751635
399.75801
399.806287
399.894445
399.982479
401.277257
401.814752
401.83322
402.16576
402.573142
402.71993
402.860438
404.153831
405.056178
405.505923
406.525443
407.12668
407.601663
407.89826
409.046432
412.431016
413.304258
415.116871
416.999925
417.095947
422.845316
424.280109
424.314808
424.867599
426.263447
426.722074
427.670915
428.658198
432.307667
433.792304
435.44481
436.157217
437.525443
439.483947
441.838206
443.704488
445.385171
446.941646
448.263692
453.868659
455.371271
462.683525
464.622969
471.109995
471.519245
471.741009
474.51093
476.537576
477.38987
478.135584
484.255902
490.676401
492.899405
493.507385
498.29924
511.858645
513.653197
515.689404
516.779341
519.503701
526.535756
526.947378
529.395325
531.890167
533.010365
534.565734
539.17053
541.976523
543.41834
545.116359
545.491556
548.338785
555.236422
561.317795
562.760852
563.759861
565.47318
575.658819
577.07163
583.785874
585.739241
594.468561
597.814129
638.74138
686.92801
704.046199
722.938812
787.732145
845.154078
855.99662
987.832123
1396.209475
2577.6504
6719.054548
23914.827828
