8.027718
143.119209
150.189086
150.295629
150.551551
152.121528
152.187314
152.415955
153.029603
153.600718
161.897587
217.798301
217.868354
217.966106
221.140819
221.192493
221.60903
221.672941
222.18501
222.24556
224.63357
225.360398
225.488939
229.684212
230.055302
231.3622
237.27067
237.436367
238.397489
241.897447
246.224569
249.440016
255.749579
257.866811
260.7677
261.978283
263.383237
266.992028
268.143153
273.279136
276.09972
276.605476
278.697754
281.104423
292.691745
293.897746
297.931414
303.865617
305.977728
309.095074
309.770199
310.551298
312.33627
317.59504
317.678895
318.041662
319.080215
319.408621
322.38274
322.72652
325.451409
331.444321
331.715116
333.136266
334.119319
336.756009
337.149958
337.982957
338.50981
340.70648
340.936632
347.415244
351.036318
354.656184
355.561477
356.002294
357.890282
363.663191
365.430949
368.577727
374.011297
374.319589
384.237323
388.225606
392.88289
396.335254
399.75801
399.894445
401.277257
401.814752
405.505923
409.046432
415.116871
416.999925
417.095947
424.280109
424.314808
426.263447
426.722074
437.525443
441.838206
443.704488
445.385171
448.263692
492.899405
498.29924
