312.509493
330.965424
338.520071
338.707153
368.699306
372.745193
373.189449
375.125502
375.85668
377.062153
384.744916
400.736808
405.556115
414.740994
415.148407
426.596087
427.256094
428.482251
431.839078
437.663414
437.672092
440.945133
443.467499
455.896007
456.523015
459.829082
459.955591
461.386836
464.390516
465.794784
467.832036
468.416054
470.973104
481.427157
488.109099
488.274374
488.56854
489.05678
489.165253
489.290082
489.402291
489.476066
489.881963
491.580952
491.883791
494.221352
494.348668
494.46437
494.547241
495.332814
495.898204
496.248002
496.53767
496.760252
497.431724
497.639972
497.815535
497.916123
498.081054
498.232902
498.413021
498.563274
498.724092
498.783361
498.795259
498.899335
499.087883
499.145374
499.185387
499.452877
499.60053
499.706981
499.790038
499.950804
500.010709
500.028821
500.134545
500.296549
500.386965
500.492383
500.688054
500.727818
500.780205
500.822778
500.856644
500.9084
500.950023
500.973938
501.105168
501.38335
501.468107
501.528235
501.811284
501.868304
501.884114
501.951147
501.963674
502.03335
502.116976
502.274612
502.347292
502.362092
502.539159
502.706607
502.711127
502.752477
502.762949
502.819524
502.906758
502.912886
503.089667
503.27075
503.311991
503.51046
503.511878
503.597497
503.704629
503.725466
503.942143
503.990631
504.111708
504.139438
504.170598
504.183629
504.219468
504.251644
504.310171
504.334433
504.434245
504.547525
504.61144
504.6365
504.637687
504.642752
504.660112
504.725966
504.77644
504.879263
505.032528
505.053689
505.064605
505.187378
505.1925
505.203584
505.210849
505.228536
505.230697
505.288096
505.334629
505.340153
505.377092
505.479784
505.505251
505.517266
505.631335
505.696431
505.731167
505.875849
505.929003
505.96776
505.988573
506.01033
506.011076
506.051309
506.102771
506.137061
506.171159
506.262375
506.340611
506.518917
506.541154
506.554423
506.577946
506.637714
506.659791
506.703073
506.735711
506.79235
506.802544
506.803087
506.897327
506.909044
506.920798
507.020184
507.056424
507.098872
507.126433
507.196737
507.233831
507.251921
507.26372
507.438298
507.625171
507.681724
507.914129
507.945172
507.96144
508.014509
508.039407
508.069001
508.088121
508.181321
508.33777
508.35185
508.351965
508.356952
508.400872
508.453778
508.478304
508.558164
508.594758
508.659044
508.662506
508.685519
508.698046
508.699009
508.759647
508.763105
508.786002
508.805548
508.844477
508.977085
509.032267
509.12349
509.145458
509.32077
509.325257
509.348089
509.362589
509.424229
509.460934
509.46583
509.469137
509.478896
509.5136
509.630652
509.653757
509.721092
509.746528
509.751479
509.828532
509.882876
510.085424
510.09367
510.107998
510.197118
510.230396
510.299564
510.377366
510.414578
510.468926
510.502763
510.533891
510.539658
510.574916
510.57626
510.577492
510.652604
510.726873
510.752566
510.800212
510.802714
510.845497
510.848801
510.865919
510.86648
510.869966
510.882046
510.894299
510.926711
510.947195
510.955995
510.980278
511.021773
511.06719
511.083928
511.096234
511.105577
511.117465
511.15073
511.173771
511.233713
511.250108
511.252431
511.265202
511.267508
511.277405
511.290433
511.297082
511.381466
511.397341
511.423894
511.455287
511.478094
511.537971
511.545891
511.657197
511.65996
511.742819
511.756488
511.832704
511.911606
511.999011
511.999394
512.001692
512.028041
512.037932
512.059707
512.091448
512.099803
512.100346
512.108638
512.148645
512.157702
512.252771
512.267783
512.329089
512.340261
512.415021
512.448398
512.553962
512.611405
512.641281
512.654188
512.664874
512.685997
512.688091
512.73189
512.747895
512.7555
512.766567
512.774635
512.833921
512.855456
512.925743
512.929632
512.932921
512.951161
512.960367
513.003844
513.151053
513.151163
513.20771
513.220998
513.230774
513.237615
513.252066
513.284344
513.402729
513.430249
513.433888
513.454325
513.463453
513.560949
513.576317
513.609499
513.63281
513.683073
513.702154
513.708046
513.716027
513.730283
513.753883
513.77369
513.81548
513.844618
513.864582
513.888017
513.912501
513.939952
513.956006
514.021807
514.033776
514.040629
514.102621
514.12599
514.154241
514.158977
514.165457
514.17918
514.181003
514.241736
514.255009
514.290313
514.315847
514.338725
514.348624
514.350357
514.373208
514.440738
514.465525
514.625063
514.656229
514.664635
514.685984
514.710623
514.715009
514.756208
514.783987
514.797019
514.820106
514.859301
514.870482
514.888632
514.924402
514.948721
514.977665
514.983064
514.983418
514.985951
515.046311
515.05962
515.060984
515.078151
515.127206
515.132481
515.165635
515.182022
515.216617
515.287031
515.294982
515.304953
515.338581
515.380907
515.398274
515.414243
515.434063
515.437434
515.440638
515.519097
515.567863
515.601814
515.617089
515.643095
515.674251
515.699398
515.725587
515.755161
515.756942
515.818948
515.827172
515.83982
515.854785
515.858741
515.906156
515.929549
515.978332
516.002751
516.007493
516.028396
516.033963
516.040441
516.070801
516.081533
516.153787
516.154231
516.168579
516.215437
516.260957
516.280263
516.314126
516.372903
516.395547
516.410448
516.412658
516.42856
516.436887
516.448365
516.454963
516.467626
516.508011
516.509149
516.513837
516.540553
516.543904
516.609688
516.612996
516.623739
516.72581
516.853563
516.858811
516.901276
516.909293
516.914538
516.923787
516.94193
516.977822
516.98517
517.039591
517.04643
517.052101
517.062266
517.082058
517.110302
517.113722
517.149786
517.167982
517.212053
517.232546
517.257467
517.26653
517.273946
517.296193
517.349446
517.397797
517.414253
517.424597
517.427655
517.459516
517.468553
517.471207
517.490815
517.493095
517.507852
517.577286
517.579988
517.644827
517.730235
517.762829
517.765512
517.808486
517.848924
517.878318
517.892715
517.910565
517.916382
517.92245
517.936743
517.962219
517.99601
517.998507
518.038972
518.039176
518.056169
518.063309
518.065676
518.069381
518.080401
518.083648
518.098179
518.127449
518.138797
518.140489
518.178667
518.202099
518.213353
518.232279
518.351521
518.360075
518.362108
518.407217
518.412339
518.478809
518.489166
518.496963
518.517244
518.542508
518.554331
518.568421
518.573722
518.580917
518.612745
518.625596
518.645702
518.65211
518.658767
518.679144
518.697464
518.704448
518.705397
518.707775
518.718133
518.720838
518.760728
518.77044
518.806914
518.917662
518.950815
518.954351
518.99021
518.997613
519.009025
519.026355
519.038773
519.046032
519.099869
519.183368
519.202005
519.237773
519.262102
519.277041
519.296532
519.331903
519.37169
519.378651
519.380756
519.390716
519.42517
519.496913
519.514668
519.521099
519.522491
519.52978
519.533458
519.580685
519.617357
519.648191
519.656284
519.664326
519.698244
519.702606
519.72629
519.74099
519.752836
519.769385
519.773335
519.78067
519.806371
519.813295
519.828897
519.839867
519.847952
519.852877
519.921959
519.954628
519.95735
519.969889
520.014257
520.017869
520.034198
520.080992
520.086675
520.08702
520.090485
520.093972
520.099465
520.147437
520.152508
520.163872
520.175273
520.202767
520.290086
520.344511
520.35028
520.380946
520.393744
520.394935
520.400227
520.423481
520.424232
520.433249
520.454196
520.455334
520.487736
520.492761
520.494877
520.505131
520.507259
520.521235
520.559083
520.564023
520.608882
520.614464
520.624332
520.637118
520.666909
520.697984
520.711623
520.726637
520.748193
520.759704
520.77541
520.820829
520.834375
520.853285
520.866
520.867673
520.901204
520.916464
520.924246
520.960599
520.961721
520.970365
520.990676
521.030364
521.031985
521.040772
521.068153
521.12862
521.141234
521.15317
521.168376
521.18719
521.223415
521.239912
521.281602
521.284425
521.295294
521.321738
521.34966
521.413527
521.433995
521.536916
521.595929
521.604643
521.611886
521.633897
521.662776
521.691856
521.692581
521.692586
521.701285
521.713344
521.741529
521.764513
521.775717
521.782365
521.811413
521.870816
521.874939
521.877271
521.895077
521.919077
521.930203
521.968778
521.980399
521.998068
522.006571
522.006763
522.058227
522.063683
522.07072
522.087728
522.110115
522.112663
522.115116
522.138632
522.179917
522.197098
522.203613
522.221589
522.269953
522.273005
522.280724
522.321365
522.325308
522.365227
522.375346
522.443365
522.450016
522.473119
522.474458
522.475858
522.480003
522.488179
522.510273
522.513321
522.534252
522.536001
522.582393
522.591734
522.62224
522.652699
522.655517
522.668996
522.70732
522.733808
522.741757
522.741987
522.753312
522.787818
522.80089
522.805213
522.836724
522.842125
522.850717
522.871736
522.906924
522.90936
522.918149
522.923768
522.983515
522.990864
523.006136
523.016758
523.039583
523.074108
523.089842
523.098858
523.111364
523.114876
523.125188
523.139658
523.146641
523.229631
523.236104
523.240938
523.249517
523.249968
523.26205
523.264987
523.268607
523.284035
523.289839
523.303374
523.366641
523.372741
523.422524
523.443183
523.45555
523.462701
523.477291
523.543463
523.567763
523.590766
523.650993
523.655888
523.707639
523.71253
523.726045
523.759025
523.789993
523.808045
523.810387
523.855476
523.86988
523.891336
523.8934
523.898438
523.900999
523.904927
523.915248
523.958584
524.000323
524.001252
524.012014
524.014941
524.028437
524.036279
524.04287
524.072131
524.08458
524.092583
524.097088
524.100028
524.10429
524.150899
524.184643
524.214724
524.218812
524.230941
524.269511
524.282518
524.302844
524.317449
524.319459
524.352677
524.379696
524.402785
524.407262
524.41082
524.42364
524.43669
524.440011
524.451183
524.451949
524.458374
524.468784
524.47212
524.494808
524.523783
524.541702
524.547908
524.557739
524.579992
524.601474
524.601547
524.619391
524.640896
524.657484
524.675228
524.70856
524.710953
524.719876
524.720312
524.737093
524.752513
524.763814
524.765899
524.791259
524.793873
524.795107
524.799032
524.822657
524.834337
524.840279
524.854298
524.908506
524.908629
524.92051
524.93604
524.940508
524.96686
524.979334
525.008622
525.030734
525.052848
525.069282
525.095217
525.105308
525.126186
525.143262
525.164038
525.165609
525.175513
525.180227
525.194135
525.197379
525.245052
525.287305
525.301365
525.328222
525.367656
525.368376
525.434467
525.464444
525.476093
525.498145
525.513736
525.528226
525.538448
525.542967
525.580997
525.650344
525.680965
525.696664
525.719243
525.733912
525.736677
525.74023
525.742827
525.767423
525.784966
525.814852
525.824579
525.84055
525.844467
525.846162
525.867853
525.873367
525.876114
525.878106
525.924709
525.929471
525.92991
525.980727
525.983053
525.985032
526.013802
526.025538
526.030248
526.047855
526.074208
526.128367
526.137666
526.151424
526.158822
526.180503
526.191593
526.210818
526.21418
526.220874
526.235281
526.246358
526.27375
526.274206
526.281087
526.286762
526.28838
526.289186
526.292871
526.297171
526.299212
526.327892
526.357469
526.359543
526.363574
526.373609
526.373742
526.399561
526.409838
526.417842
526.422693
526.427643
526.488022
526.507715
526.511743
526.528488
526.539452
526.559319
526.56295
526.575915
526.576478
526.592296
526.597224
526.613591
526.642434
526.652789
526.659489
526.662481
526.679896
526.680923
526.701274
526.719391
526.733404
526.756733
526.764892
526.775583
526.783294
526.785766
526.791788
526.802583
526.841856
526.847722
526.864387
526.866288
526.87221
526.891361
526.892654
526.893544
526.921019
526.932653
526.933993
526.936921
526.940654
526.944756
526.968529
527.008007
527.01088
527.017803
527.038727
527.043407
527.066671
527.090373
527.12386
527.151822
527.153535
527.176968
527.179892
527.200509
527.306215
527.323483
527.328523
527.341052
527.386269
527.394352
527.399683
527.436676
527.457181
527.465802
527.466069
527.487741
527.50311
527.511106
527.527161
527.531575
527.535434
527.554586
527.585854
527.60442
527.608009
527.628885
527.637277
527.641135
527.642909
527.647673
527.702699
527.708951
527.712942
527.741409
527.799341
527.804693
527.806832
527.860878
527.862046
527.86389
527.870416
527.879882
527.915608
527.925021
527.936869
527.939696
527.945304
527.97959
528.002507
528.002837
528.012382
528.01821
528.034968
528.046563
528.097136
528.102167
528.128158
528.148083
528.174001
528.179775
528.184466
528.198238
528.218434
528.223275
528.224084
528.224202
528.272514
528.329835
528.331203
528.340022
528.35277
528.383834
528.391114
528.396337
528.410509
528.423168
528.434309
528.452559
528.4553
528.456929
528.474052
528.486253
528.492073
528.500114
528.502938
528.534911
528.539349
528.559491
528.572142
528.574057
528.646828
528.648496
528.649935
528.668015
528.67221
528.678071
528.697373
528.69927
528.700106
528.714628
528.716871
528.727386
528.731545
528.739409
528.803273
528.823811
528.87628
528.883246
528.883356
528.88674
528.887129
528.897044
528.926495
528.956136
528.968086
528.976532
528.989342
529.018154
529.083071
529.090512
529.090773
529.101893
529.115323
529.117984
529.128349
529.159507
529.200985
529.222098
529.229096
529.282172
529.295251
529.302293
529.31327
529.321565
529.329963
529.358498
529.373945
529.376935
529.391665
529.402467
529.420034
529.425461
529.431157
529.456388
529.480292
529.481604
529.488556
529.494517
529.494953
529.500501
529.512522
529.514717
529.567195
529.570973
529.585358
529.59286
529.598499
529.605791
529.621617
529.646736
529.669671
529.688949
529.695186
529.70373
529.708938
529.714924
529.736917
529.767746
529.775261
529.775391
529.814156
529.82322
529.844615
529.846715
529.874505
529.898295
529.898803
529.919015
529.919465
529.933719
529.938516
529.941038
529.944677
529.960452
529.983851
530.024989
530.04842
530.078415
530.105703
530.107448
530.108183
530.13855
530.140277
530.161064
530.23385
530.241851
530.297511
530.339668
530.367449
530.380768
530.409637
530.410596
530.453833
530.494199
530.523272
530.543729
530.560971
530.566609
530.568531
530.632698
530.669626
530.689808
530.70894
530.717784
530.736342
530.767799
530.787656
530.79317
530.796398
530.807842
530.809091
530.831763
530.848973
530.849457
530.885029
530.897163
530.898055
530.9154
530.932152
530.932223
530.947662
530.972666
530.97427
530.980873
530.985553
530.98757
530.995887
531.008206
531.010728
531.014006
531.019182
531.039947
531.041324
531.041404
531.05791
531.063637
531.075972
531.075973
531.077933
531.081313
531.096224
531.113282
531.115318
531.118732
531.145555
531.148251
531.182624
531.192587
531.212253
531.214176
531.257445
531.270798
531.28655
531.30254
531.313671
531.315512
531.346767
531.375791
531.383607
531.412686
531.415067
531.419366
531.434841
531.457594
531.479222
531.479851
531.51107
531.51898
531.555589
531.562519
531.582472
531.598261
531.599553
531.602263
531.610968
531.629203
531.634384
531.665849
531.695889
531.728365
531.74363
531.751618
531.753218
531.757541
531.800971
531.828517
531.829318
531.832655
531.843931
531.846059
531.854578
531.889619
531.913875
531.920128
531.933149
531.936323
531.950886
532.009866
532.03967
532.059813
532.076063
532.081317
532.107032
532.126692
532.127719
532.128407
532.13132
532.134371
532.146848
532.175318
532.184727
532.20981
532.211966
532.215462
532.244382
532.248612
532.250587
532.285685
532.299253
532.306337
532.309136
532.337913
532.366393
532.371609
532.394619
532.46453
532.480609
532.48482
532.492847
532.519371
532.527407
532.540854
532.555881
532.586703
532.604187
532.621026
532.648857
532.666731
532.670668
532.68045
532.695444
532.70378
532.747257
532.760168
532.7642
532.781867
532.80951
532.830772
532.833124
532.83383
532.842807
532.846805
532.876207
532.909168
532.91414
532.926056
532.930428
532.941945
532.961737
533.000964
533.008233
533.035435
533.044049
533.048142
533.059225
533.100387
533.109625
533.125493
533.142881
533.173053
533.178968
533.182535
533.195635
533.19895
533.198995
533.211185
533.21195
533.215554
533.2352
533.258514
533.262686
533.264319
533.268135
533.269544
533.29424
533.308986
533.320901
533.321424
533.381884
533.431561
533.435796
533.440689
533.44501
533.450291
533.494042
533.524268
533.528172
533.553974
533.559526
533.561441
533.590453
533.597207
533.653241
533.667686
533.690892
533.697565
533.700089
533.719018
533.723813
533.734036
533.774777
533.778811
533.81377
533.821055
533.852842
533.857578
533.870492
533.905557
533.910748
533.912665
533.949111
534.004337
534.005669
534.025528
534.105687
534.110842
534.125169
534.129441
534.155607
534.158176
534.162087
534.1809
534.246032
534.249623
534.250743
534.25991
534.260332
534.291526
534.308324
534.311165
534.344974
534.346959
534.349417
534.351386
534.357151
534.36057
534.414766
534.421281
534.425634
534.427316
534.462776
534.507085
534.513544
534.532609
534.538547
534.543731
534.558126
534.581443
534.599195
534.6143
534.671367
534.690907
534.702382
534.725132
534.733961
534.754587
534.783684
534.796915
534.826462
534.827271
534.838334
534.843632
534.850115
534.855095
534.869123
534.884283
534.922405
534.944232
534.968369
534.975028
534.992994
535.023652
535.049853
535.063338
535.075018
535.108135
535.123049
535.139433
535.169053
535.176847
535.195024
535.208719
535.211631
535.228714
535.228943
535.248483
535.250382
535.26018
535.261324
535.279405
535.289346
535.292649
535.323362
535.326481
535.326937
535.346678
535.364162
535.382057
535.40382
535.417727
535.431602
535.450203
535.463251
535.467676
535.504889
535.517721
535.528921
535.547983
535.595563
535.635068
535.645902
535.666201
535.673073
535.718131
535.734239
535.752231
535.760607
535.767008
535.771581
535.788684
535.827396
535.862664
535.867409
535.876308
535.884722
535.893954
535.924269
535.92478
535.935395
535.95813
535.971896
535.984193
535.98603
535.988297
535.999226
536.007481
536.008129
536.048661
536.054987
536.061892
536.068135
536.076814
536.161621
536.165883
536.168344
536.185496
536.189117
536.204708
536.21916
536.259429
536.267291
536.269305
536.28836
536.295125
536.321471
536.34825
536.371186
536.382794
536.388897
536.39399
536.418246
536.422919
536.461721
536.511802
536.596241
536.600546
536.655088
536.66015
536.676596
536.676604
536.695846
536.698973
536.707105
536.722519
536.731353
536.733389
536.744935
536.759119
536.759159
536.789481
536.81861
536.818867
536.860644
536.862533
536.873675
536.875647
536.894081
536.933048
536.958649
536.963781
536.965777
536.992548
536.999792
537.020943
537.073203
537.111651
537.154082
537.157654
537.160532
537.163107
537.177278
537.182505
537.1827
537.265104
537.270865
537.280269
537.304874
537.323324
537.335566
537.348846
537.36718
537.397808
537.410367
537.423034
537.439271
537.445526
537.453585
537.495986
537.512243
537.525859
537.576225
537.585566
537.603269
537.603897
537.638483
537.648106
537.662865
537.673558
537.685721
537.686917
537.687647
537.68848
537.715896
537.716736
537.724374
537.734296
537.752314
537.770382
537.777813
537.784954
537.793634
537.80113
537.818935
537.819521
537.855171
537.866458
537.87904
537.883841
537.903008
537.918581
537.936487
537.944204
537.947816
537.961894
537.985584
538.009675
538.055775
538.108434
538.109628
538.121098
538.126451
538.163496
538.167799
538.183733
538.195084
538.227067
538.258861
538.259867
538.32347
538.330609
538.349703
538.402712
538.412228
538.445188
538.448822
538.451843
538.456351
538.496025
538.498552
538.502083
538.52358
538.524057
538.529361
538.548744
538.582308
538.608025
538.636334
538.666606
538.66862
538.671876
538.691097
538.741679
538.747506
538.751309
538.776676
538.806139
538.806464
538.836454
538.852038
538.86239
538.890277
538.891871
538.913298
538.925601
538.941029
538.948422
538.979877
539.016381
539.038712
539.039359
539.044411
539.080652
539.084132
539.10942
539.116854
539.140457
539.155967
539.214546
539.228181
539.255049
539.263634
539.265656
539.299768
539.302707
539.310977
539.385248
539.393879
539.394648
539.482553
539.494278
539.500252
539.521583
539.536873
539.549065
539.555693
539.556053
539.599748
539.601247
539.642779
539.64657
539.648971
539.651643
539.659848
539.662494
539.686311
539.687846
539.698171
539.716667
539.76715
539.7743
539.792888
539.796429
539.803077
539.811579
539.824951
539.892075
539.926494
539.955988
539.992162
540.02347
540.104939
540.148484
540.158061
540.180217
540.193575
540.226672
540.243238
540.252867
540.266
540.296305
540.345362
540.360202
540.372504
540.393862
540.396479
540.423784
540.470554
540.480434
540.536427
540.545836
540.614519
540.632185
540.67348
540.692204
540.707837
540.720167
540.745131
540.779798
540.783063
540.804818
540.809793
540.833373
540.844092
540.849517
540.85951
540.869815
540.87477
540.887886
540.933163
540.949196
541.005665
541.013357
541.031317
541.035153
541.058512
541.065857
541.068397
541.110882
541.124278
541.125185
541.13983
541.144321
541.161264
541.17526
541.178189
541.180707
541.195661
541.228323
541.241803
541.2598
541.266743
541.30041
541.32551
541.34642
541.356256
541.362051
541.36557
541.392873
541.407539
541.431994
541.436238
541.450074
541.455276
541.511725
541.562175
541.581556
541.646727
541.688048
541.708549
541.710246
541.755392
541.82476
541.886927
541.892714
541.894255
541.934971
541.937499
541.956641
541.96303
541.981441
541.983206
541.985773
541.99268
542.005917
542.033447
542.102297
542.11482
542.11983
542.163325
542.167742
542.190752
542.212303
542.215555
542.24941
542.29437
542.314049
542.35405
542.396163
542.410862
542.439551
542.446027
542.51114
542.590679
542.59592
542.609292
542.621461
542.650905
542.656277
542.665642
542.668587
542.682009
542.726226
542.731068
542.757564
542.776008
542.791913
542.793328
542.804576
542.826343
542.828427
542.862745
542.912588
542.916505
542.936191
542.968012
543.011682
543.022997
543.07832
543.114788
543.16221
543.162843
543.270549
543.281476
543.29552
543.335455
543.33785
543.357931
543.480591
543.482737
543.483502
543.524731
543.534442
543.540776
543.558729
543.621188
543.621639
543.650417
543.656357
543.71677
543.75152
543.828201
543.870635
543.871968
543.893813
543.932449
543.948613
543.991576
543.99873
544.027562
544.058999
544.063758
544.090251
544.093359
544.119386
544.15603
544.159922
544.16407
544.1888
544.191626
544.193589
544.218596
544.224575
544.270275
544.295367
544.303055
544.30565
544.328099
544.387718
544.401871
544.405755
544.429709
544.467864
544.545861
544.550841
544.566426
544.570062
544.598462
544.639998
544.655579
544.668809
544.670558
544.67748
544.702307
544.704827
544.799613
544.820931
544.855849
544.877675
544.944853
544.978397
545.026791
545.04615
545.049912
545.079977
545.098849
545.11856
545.121009
545.153769
545.15558
545.223275
545.251191
545.256225
545.268145
545.285686
545.286268
545.286342
545.301455
545.31095
545.332222
545.342272
545.356094
545.362115
545.39776
545.453968
545.469095
545.536173
545.563983
545.591922
545.597538
545.641359
545.646802
545.667664
545.669966
545.694179
545.759535
545.761455
545.798203
545.800485
545.818664
545.838277
545.867678
545.904655
545.919961
545.968911
546.002822
546.086597
546.094455
546.123245
546.130121
546.203002
546.263135
546.289528
546.342093
546.429268
546.455723
546.559323
546.564568
546.698557
546.720646
546.737549
546.776453
546.787521
546.790451
546.808909
546.841178
546.878106
546.900886
546.948056
547.010109
547.174808
547.203241
547.218146
547.25109
547.274906
547.28256
547.320532
547.334837
547.351686
547.388357
547.397481
547.414948
547.425748
547.542028
547.558898
547.55893
547.727402
547.742003
547.783663
547.8067
547.813173
547.858863
547.875003
547.886955
547.904538
547.912975
547.987419
548.006051
548.062222
548.081011
548.146434
548.389727
548.392034
548.446491
548.465339
548.473204
548.483941
548.585077
548.631169
548.673003
548.700477
548.729359
548.76288
548.788887
548.802604
548.848137
548.896769
548.898431
548.910313
548.915347
548.932413
548.941188
549.054817
549.056289
549.089066
549.104404
549.161769
549.168448
549.199486
549.231578
549.36858
549.429089
549.440778
549.44962
549.456066
549.495701
549.565414
549.668448
549.679771
549.783607
549.87726
549.926793
549.954308
549.996746
550.017228
550.025807
550.03543
550.077016
550.107461
550.183231
550.19601
550.205946
550.406059
550.490947
550.515119
550.558749
550.567849
550.578668
550.595663
550.597262
550.631269
550.670722
550.721163
550.729169
550.742464
550.756436
550.810619
550.987258
551.001803
551.014707
551.023384
551.098409
551.175921
551.249197
551.260472
551.274352
551.300724
551.310717
551.433728
551.509245
551.524401
551.582829
551.583782
551.591497
551.594838
551.705527
551.728874
551.822203
551.836363
551.944277
551.948608
551.9729
551.982096
552.023912
552.077817
552.127273
552.21218
552.253115
552.332606
552.385919
552.401102
552.49038
552.502461
552.568753
552.597579
552.735441
552.736734
552.770138
552.779805
552.969445
553.115848
553.238497
553.273955
553.290988
553.436462
553.486877
553.579849
553.583771
553.623911
553.671702
553.71317
553.71348
553.726752
553.881098
553.916473
553.921556
553.991111
554.05446
554.167736
554.207241
554.247053
554.311231
554.317313
554.351296
554.380799
554.398079
554.486713
554.692495
554.83619
554.838038
554.891376
555.024374
555.064736
555.085518
555.166684
555.182156
555.24842
555.271401
555.288978
555.298312
555.330435
555.344153
555.345859
555.366683
555.409893
555.456334
555.563964
555.581986
555.629083
555.768056
555.876777
555.968858
556.03117
556.311075
556.548465
556.583918
556.614489
556.6485
556.668244
556.793367
556.819775
557.105249
557.127732
557.211544
557.350279
557.37813
557.383064
557.419529
557.460782
557.526931
557.531138
557.65976
557.95223
558.05549
558.085029
558.358578
558.392534
558.44286
558.573947
558.591909
558.617009
558.619144
558.714818
558.722743
558.785632
559.157523
559.216467
559.356425
559.411433
559.458955
559.496435
559.554288
559.621023
559.656794
559.672722
559.705142
559.712549
559.724457
559.743335
559.86938
559.885045
559.91237
559.979042
560.100479
560.157196
560.17325
560.234499
560.243069
560.346683
560.752825
561.198614
561.245145
561.409686
561.60227
561.62114
561.774977
561.796254
561.916772
561.977456
562.280509
562.304924
562.320356
562.481897
562.50064
562.517699
562.653584
562.677485
562.693758
562.859703
562.955681
563.129308
563.157185
563.208621
563.223908
563.489509
563.513948
563.581709
563.713911
563.842661
564.164776
564.275796
564.45796
564.515774
564.643466
564.829435
564.863174
564.906117
564.918599
564.956188
564.98465
565.150046
565.25278
565.420479
565.635592
565.640142
565.701248
565.76477
565.770816
565.786382
566.109084
566.199132
566.422719
566.47539
566.538729
566.607433
566.876023
566.893564
566.931879
567.233681
567.293901
567.37296
567.509039
567.637511
567.751629
567.862588
567.864996
567.970353
568.255233
568.352638
568.542648
568.692009
568.818683
569.027546
569.31132
569.350841
570.023239
570.094251
570.220209
570.389417
570.538558
570.789986
571.050772
571.252525
571.421877
571.459114
571.739581
572.09376
572.234226
572.240953
572.279965
572.326444
572.628839
572.690446
572.705344
572.967378
573.024635
573.277497
573.311945
573.433858
573.51207
574.118847
574.284557
574.303474
574.346554
574.62051
574.81185
574.855639
574.948699
575.079907
575.159854
575.41807
575.612682
576.0665
576.292623
576.293492
576.43857
577.244136
577.360492
577.361052
578.188994
578.892379
578.898427
579.061309
579.104834
579.118167
579.142362
579.48691
579.63221
579.776498
579.807127
579.892828
580.492768
580.692672
580.712665
580.951794
581.017807
581.93406
581.97572
582.159166
582.278586
582.459218
582.819737
583.260719
583.335695
583.508852
583.913885
584.29295
584.514931
584.588233
584.738381
584.825645
584.9105
584.911839
585.139805
585.376674
585.383843
585.385759
585.417352
585.807891
586.260749
586.594274
586.61241
586.65666
587.07059
588.096948
588.114099
588.304842
588.575741
588.968893
589.231804
589.470819
589.494969
589.497972
589.767379
589.820344
589.831026
590.110733
590.279183
590.39284
591.557598
591.718932
592.057581
592.255134
592.345732
592.565882
592.940989
594.429385
595.167851
595.216293
595.465555
595.694419
595.745732
596.098368
596.288443
596.605284
596.845552
596.893035
596.9347
597.267527
597.666991
598.039601
598.333184
600.212929
600.514573
600.744818
600.908853
601.044348
601.088813
601.11604
601.38026
601.399107
602.370768
602.570264
602.930222
602.981457
603.346934
603.570155
603.733078
604.268394
604.674476
605.117989
605.239885
605.518656
606.339074
607.161829
607.581438
607.987277
609.672539
610.400507
610.867615
611.806701
612.759753
613.010756
613.70993
614.491044
615.198249
615.401006
615.827161
617.042696
618.786968
620.115072
620.135113
620.380758
620.382375
620.629887
622.420926
623.168319
623.701243
624.565894
631.316105
634.608928
636.831818
637.42145
640.311455
640.924582
641.910119
642.64497
645.454707
651.702703
656.945511
658.398752
661.697121
668.466415
672.455951
676.146557
683.893095
693.132097
714.151756
819.05925
838.276688
864.472708
879.922949
896.366607
905.362057
922.43869
1031.851636
1056.674259
1561.085925
