79.054139
99.557129
125.139828
128.137357
131.706924
135.351136
143.411689
146.5525
149.568452
153.010921
157.843583
158.198413
158.698382
161.539098
161.813949
161.88046
161.880471
161.895143
162.004585
162.073575
162.075291
162.149934
162.213011
162.318031
162.442861
162.600973
162.855765
163.051661
163.179401
163.310295
163.338902
163.535669
163.590058
163.67013
163.837185
163.954878
164.039475
164.045254
164.119638
164.250029
164.29875
164.432487
164.480576
164.629954
164.720257
164.851727
164.852576
164.928575
164.938934
164.968353
165.270739
165.502822
165.6852
165.68901
165.7976
165.970663
166.144089
166.15446
166.188697
166.28151
166.326909
166.330179
166.337663
166.34244
166.350647
166.363342
166.424459
166.609193
166.63818
166.692985
166.749264
166.89829
166.907066
166.909686
166.953643
166.99959
167.087684
167.179095
167.288223
167.45987
167.466586
167.607626
167.625402
167.701181
167.981225
168.125743
168.192304
168.230773
168.355165
168.44405
168.600253
168.723756
168.746335
168.811346
168.987931
169.050637
169.060052
169.066674
169.086614
169.120416
169.177539
169.218306
169.239353
169.241126
169.259504
169.419965
169.529897
169.606983
169.614753
169.680713
169.775069
169.825495
169.836452
169.871918
169.897937
169.917453
169.93362
169.934676
169.948048
169.955661
169.960661
169.992032
169.993439
170.09045
170.092522
170.212538
170.222689
170.243196
170.264648
170.328854
170.343269
170.354654
170.364353
170.441202
170.466358
170.471779
170.504958
170.630466
170.669078
170.679991
170.696109
170.73321
170.906029
170.916478
170.965402
170.975961
170.991256
170.994408
170.998735
171.145034
171.163168
171.176673
171.190364
171.190457
171.198382
171.24336
171.296621
171.358541
171.391395
171.391597
171.432984
171.443661
171.461613
171.470332
171.500649
171.512236
171.525472
171.587859
171.596372
171.605676
171.62381
171.656411
171.664808
171.670937
171.681996
171.708343
171.719792
171.739538
171.783467
171.783704
171.791394
171.803562
171.806777
171.828713
171.832222
171.833284
171.838754
171.870461
171.88334
171.92779
171.961672
171.991168
172.018099
172.027465
172.059996
172.073897
172.076738
172.078761
172.104589
172.1114
172.139525
172.15025
172.15136
172.199943
172.230863
172.259274
172.273271
172.283384
172.287701
172.315893
172.320657
172.322546
172.331716
172.338174
172.338265
172.373007
172.410148
172.438182
172.441115
172.464402
172.471753
172.472458
172.4831
172.485543
172.509848
172.539878
172.57501
172.639348
172.644351
172.658532
172.661935
172.684303
172.715916
172.733448
172.743764
172.771203
172.862922
172.884925
172.935688
172.941595
172.942799
172.956849
172.958509
172.964758
172.965153
173.008783
173.009975
173.021614
173.034643
173.04981
173.057643
173.066979
173.068574
173.076418
173.091391
173.104316
173.126442
173.1661
173.174997
173.182458
173.184907
173.219681
173.230818
173.24121
173.243126
173.251291
173.26297
173.271343
173.278434
173.289031
173.290628
173.300572
173.311806
173.331662
173.368576
173.377206
173.40519
173.414521
173.416532
173.431476
173.453986
173.457697
173.479176
173.483851
173.526009
173.538097
173.547282
173.552552
173.556206
173.560696
173.583608
173.585946
173.625013
173.629923
173.639001
173.68839
173.689217
173.690674
173.705728
173.712251
173.713995
173.714393
173.753044
173.7577
173.796114
173.807085
173.830349
173.848324
173.868544
173.873572
173.900204
173.901771
173.918687
173.919337
173.966103
173.970711
174.006524
174.011519
174.029535
174.030605
174.033281
174.033408
174.040018
174.049768
174.076288
174.098401
174.100167
174.10427
174.161612
174.17983
174.187445
174.189744
174.190656
174.226588
174.243986
174.270905
174.27294
174.295515
174.305391
174.307169
174.337299
174.338697
174.345649
174.355198
174.360629
174.379424
174.385411
174.395107
174.410312
174.424925
174.442645
174.445002
174.455169
174.458807
174.460982
174.483709
174.489604
174.490145
174.501229
174.501621
174.506003
174.53693
174.552205
174.564428
174.568748
174.571407
174.575248
174.579752
174.586221
174.599729
174.613088
174.623949
174.628254
174.693925
174.704884
174.706177
174.725451
174.727485
174.73008
174.732928
174.737176
174.744607
174.764246
174.784327
174.813701
174.819243
174.82433
174.837527
174.851235
174.851401
174.861015
174.901278
174.934762
174.953418
174.96682
174.978854
174.979597
174.991303
175.01669
175.026337
175.027713
175.067303
175.078782
175.115379
175.129977
175.14133
175.170202
175.172207
175.212306
175.229786
175.240544
175.244154
175.245847
175.250667
175.253881
175.258585
175.275607
175.309758
175.312533
175.338512
175.364205
175.378055
175.396199
175.413208
175.427988
175.43593
175.438372
175.442447
175.450489
175.453261
175.455585
175.479939
175.480523
175.491706
175.498215
175.511632
175.548243
175.56867
175.573115
175.576549
175.58415
175.607204
175.607376
175.626734
175.628863
175.652843
175.65413
175.663181
175.684175
175.697779
175.699089
175.700389
175.708472
175.728135
175.761521
175.762178
175.763573
175.778006
175.782678
175.793434
175.804772
175.849523
175.851092
175.853868
175.854955
175.856345
175.861193
175.881275
175.888964
175.903209
175.924949
175.931132
175.945169
175.970893
175.993547
176.00214
176.01806
176.031276
176.046773
176.05076
176.095296
176.102584
176.104584
176.128969
176.137526
176.138616
176.151209
176.167478
176.172441
176.182293
176.191705
176.201338
176.209956
176.212636
176.225209
176.228849
176.239086
176.252081
176.257436
176.258813
176.268496
176.29318
176.303446
176.306711
176.308349
176.345518
176.379697
176.394904
176.397539
176.410665
176.421321
176.43002
176.437837
176.439784
176.471113
176.474727
176.481833
176.484002
176.512856
176.520372
176.544519
176.554059
176.559592
176.583695
176.584512
176.58929
176.596301
176.603154
176.603873
176.604482
176.607207
176.612539
176.61359
176.634378
176.645059
176.658339
176.680877
176.680942
176.697967
176.721833
176.732943
176.73448
176.75083
176.753405
176.788911
176.792411
176.800915
176.820379
176.822789
176.837211
176.843155
176.860903
176.861523
176.897778
176.898028
176.904002
176.907437
176.912003
176.915578
176.924509
176.940547
176.991571
176.998975
177.000686
177.026682
177.035428
177.04624
177.08091
177.084593
177.086643
177.094765
177.101385
177.128612
177.138856
177.156342
177.161435
177.163998
177.17009
177.176592
177.177956
177.202797
177.203663
177.208688
177.218773
177.222359
177.224928
177.263643
177.284415
177.299199
177.310058
177.323977
177.328061
177.348196
177.372024
177.396623
177.40506
177.415277
177.425177
177.431211
177.445039
177.463524
177.464778
177.483938
177.486344
177.492382
177.505788
177.516164
177.518336
177.53929
177.549652
177.568998
177.603286
177.609439
177.613931
177.623631
177.627731
177.648868
177.66406
177.677192
177.67945
177.707954
177.722114
177.725472
177.726328
177.763412
177.764967
177.77079
177.781409
177.786366
177.791464
177.809817
177.810749
177.829454
177.849061
177.852768
177.858254
177.870593
177.884802
177.887603
177.892097
177.896319
177.899212
177.902033
177.906428
177.914521
177.916267
177.918718
177.923782
177.948717
177.958868
177.962907
177.983021
177.985603
177.988772
177.998467
178.002377
178.007035
178.016536
178.026664
178.033169
178.038533
178.041715
178.048848
178.064409
178.064646
178.099476
178.115421
178.115933
178.123701
178.125703
178.149177
178.158983
178.162368
178.17334
178.178965
178.196612
178.203343
178.203488
178.219708
178.219953
178.221167
178.233721
178.249169
178.265601
178.2752
178.276455
178.308816
178.309395
178.313068
178.313872
178.317599
178.350177
178.362442
178.379451
178.389514
178.390846
178.402351
178.407565
178.426555
178.434297
178.448012
178.454568
178.455063
178.45689
178.467756
178.469378
178.474389
178.481454
178.4819
178.491408
178.497597
178.518164
178.54173
178.564836
178.575292
178.592175
178.595883
178.610377
178.621198
178.63034
178.630737
178.639806
178.641359
178.652575
178.66366
178.70857
178.710941
178.715778
178.732817
178.733116
178.734176
178.751993
178.825516
178.840775
178.847388
178.851085
178.891027
178.891851
178.897429
178.900559
178.906836
178.918895
178.939546
178.949487
178.95086
178.953087
178.985065
178.991636
179.028167
179.048273
179.05181
179.059149
179.063372
179.063484
179.072313
179.076087
179.082693
179.092334
179.096194
179.09945
179.110621
179.119099
179.123567
179.125579
179.135789
179.138508
179.138604
179.141862
179.173296
179.174951
179.183705
179.192334
179.194004
179.210973
179.221023
179.224275
179.226794
179.239025
179.24448
179.244645
179.248509
179.258696
179.286501
179.293077
179.2985
179.303326
179.31523
179.316489
179.317015
179.325699
179.327839
179.339263
179.342644
179.356907
179.358592
179.366272
179.375137
179.393643
179.39777
179.406092
179.430849
179.437588
179.438024
179.440546
179.465153
179.470319
179.475975
179.489757
179.493786
179.49801
179.49828
179.51266
179.51311
179.520029
179.527225
179.576287
179.576327
179.578023
179.580637
179.581731
179.585464
179.595152
179.595479
179.611361
179.630116
179.638426
179.652051
179.66747
179.669944
179.676938
179.686115
179.705806
179.70707
179.713779
179.720646
179.732104
179.753975
179.758772
179.759317
179.769762
179.772339
179.77306
179.785841
179.789423
179.789427
179.816825
179.821253
179.823127
179.823691
179.824544
179.82625
179.829429
179.831368
179.833983
179.834736
179.841072
179.85918
179.862183
179.872706
179.888065
179.892531
179.896302
179.912451
179.915447
179.921828
179.925871
179.929809
179.930052
179.940771
179.943407
179.946683
179.962089
179.967326
179.972394
179.976179
179.977733
179.983922
179.984621
179.995557
180.001587
180.003962
180.007846
180.013271
180.017492
180.025285
180.028775
180.03086
180.031102
180.041997
180.04424
180.054886
180.058006
180.064814
180.077944
180.083206
180.100828
180.105605
180.117398
180.120067
180.13525
180.150894
180.152948
180.154515
180.157737
180.16504
180.177862
180.17967
180.187262
180.196589
180.19965
180.204284
180.209716
180.211872
180.214598
180.215624
180.223022
180.223094
180.224308
180.236094
180.242861
180.24621
180.246373
180.25282
180.268168
180.268766
180.275542
180.28326
180.29173
180.296729
180.300344
180.304427
180.31119
180.322659
180.327458
180.340577
180.353638
180.364784
180.365472
180.366578
180.375155
180.385617
180.386845
180.390961
180.397658
180.398494
180.402963
180.410721
180.423178
180.423728
180.43247
180.436846
180.444873
180.448248
180.450258
180.452626
180.459486
180.474981
180.476005
180.477776
180.479992
180.48068
180.485271
180.490982
180.498092
180.498591
180.511893
180.518591
180.522529
180.530032
180.530321
180.533971
180.547765
180.550727
180.550776
180.55266
180.553484
180.557833
180.562129
180.566785
180.569222
180.571749
180.573811
180.581388
180.583994
180.584099
180.585249
180.589155
180.59216
180.604113
180.613676
180.619718
180.624952
180.627079
180.638346
180.639387
180.648777
180.657025
180.666496
180.668049
180.672902
180.674831
180.679229
180.683514
180.686437
180.689734
180.692633
180.695249
180.701768
180.702477
180.70319
180.710045
180.715768
180.72303
180.728127
180.73051
180.733095
180.735043
180.764273
180.77014
180.782981
180.78602
180.805972
180.808844
180.810496
180.835866
180.853216
180.857381
180.8584
180.86798
180.8693
180.874305
180.877428
180.883361
180.899263
180.903983
180.907115
180.908585
180.91
180.919173
180.919557
180.924633
180.949743
180.95392
180.974988
180.975373
181.000566
181.021875
181.029213
181.05497
181.058858
181.064688
181.069019
181.069138
181.077017
181.086824
181.092525
181.096601
181.124604
181.129506
181.131908
181.13378
181.140853
181.149171
181.157452
181.157744
181.163025
181.168965
181.176586
181.180351
181.184707
181.194071
181.206377
181.216759
181.223445
181.231192
181.232722
181.233526
181.234979
181.235134
181.236064
181.245237
181.245245
181.258351
181.264052
181.265813
181.275277
181.285035
181.287287
181.291954
181.297366
181.301057
181.313788
181.315235
181.323609
181.332504
181.335526
181.349695
181.354779
181.35815
181.366845
181.371044
181.377136
181.410612
181.43256
181.434058
181.451116
181.451165
181.458968
181.462009
181.469217
181.471816
181.472788
181.474792
181.477488
181.479505
181.480083
181.485003
181.512935
181.515475
181.522693
181.52444
181.527078
181.527478
181.537596
181.538926
181.544471
181.549117
181.549194
181.562663
181.563987
181.577277
181.57737
181.59374
181.594292
181.60086
181.608158
181.629751
181.645036
181.659801
181.665566
181.69847
181.699273
181.711438
181.714614
181.717065
181.71821
181.73162
181.740502
181.741128
181.744062
181.744819
181.752829
181.754858
181.762001
181.762067
181.768243
181.769432
181.771839
181.772847
181.774143
181.775091
181.784904
181.791277
181.801244
181.803682
181.809081
181.822066
181.824669
181.825196
181.83346
181.833662
181.83425
181.84035
181.842475
181.849503
181.850564
181.859863
181.865688
181.874566
181.880929
181.885275
181.890804
181.894259
181.894827
181.897927
181.898864
181.906553
181.92195
181.942605
181.946836
181.949499
181.964033
181.966957
181.977833
181.988694
181.991241
181.992039
181.993628
181.993893
181.994393
181.994503
182.001464
182.00354
182.006309
182.006772
182.01619
182.021315
182.04218
182.04717
182.049134
182.061182
182.066207
182.072192
182.072936
182.104312
182.106838
182.108806
182.114446
182.118911
182.12049
182.12544
182.137859
182.150585
182.160171
182.161919
182.163016
182.169089
182.174398
182.176794
182.178338
182.181886
182.185453
182.189504
182.194543
182.198429
182.206238
182.210604
182.210905
182.22209
182.226607
182.233854
182.240523
182.256202
182.26986
182.279141
182.279149
182.286931
182.297985
182.302434
182.307646
182.316729
182.326921
182.326951
182.329811
182.345726
182.361328
182.362272
182.365117
182.365975
182.373998
182.379687
182.385368
182.393075
182.393174
182.403297
182.407506
182.409249
182.410884
182.43398
182.437577
182.446454
182.447196
182.451093
182.469512
182.479535
182.486286
182.49044
182.490703
182.495085
182.495724
182.513308
182.519788
182.528197
182.547836
182.557652
182.566455
182.569499
182.585492
182.589806
182.590078
182.596847
182.607864
182.620098
182.62048
182.634296
182.640907
182.641094
182.649578
182.666046
182.668423
182.677959
182.679215
182.681053
182.681391
182.683993
182.685599
182.688058
182.697822
182.698604
182.70494
182.722289
182.733474
182.73605
182.747636
182.750123
182.750561
182.752907
182.756113
182.757696
182.765883
182.782579
182.785705
182.797252
182.797994
182.800408
182.815779
182.816902
182.821436
182.824076
182.825525
182.82962
182.831114
182.834219
182.83559
182.838017
182.839434
182.840176
182.841246
182.8425
182.844302
182.84878
182.850705
182.852471
182.852846
182.886798
182.889821
182.893318
182.900959
182.906591
182.915209
182.921374
182.921619
182.923792
182.92499
182.928361
182.943668
182.952428
182.957002
182.958837
182.959454
182.961361
182.974809
182.981292
182.987995
182.988493
182.994031
182.994236
183.010086
183.011625
183.024329
183.035273
183.035892
183.035929
183.055832
183.064024
183.068618
183.068655
183.069786
183.07163
183.082938
183.094005
183.102549
183.103113
183.10861
183.109915
183.111782
183.125248
183.125545
183.147766
183.158387
183.160497
183.165297
183.167796
183.174419
183.198537
183.210584
183.211008
183.213068
183.217255
183.227794
183.230588
183.239152
183.246551
183.246552
183.248089
183.254991
183.259146
183.259331
183.265585
183.266474
183.26663
183.267808
183.270096
183.277105
183.284465
183.28671
183.288122
183.310631
183.329662
183.331452
183.340466
183.344333
183.351797
183.355739
183.373118
183.384173
183.398389
183.399358
183.401703
183.403105
183.414913
183.417584
183.418375
183.418599
183.424588
183.430466
183.438859
183.439599
183.446375
183.447361
183.455525
183.460865
183.471288
183.473674
183.478102
183.482058
183.483337
183.486394
183.495943
183.498041
183.508668
183.510788
183.514291
183.5164
183.518201
183.525336
183.526995
183.535777
183.543784
183.555159
183.557113
183.560795
183.565815
183.565836
183.570549
183.577247
183.596003
183.597002
183.597785
183.605768
183.605788
183.615161
183.620808
183.625023
183.625291
183.641371
183.643916
183.644758
183.646013
183.646644
183.650049
183.650835
183.653076
183.658314
183.659641
183.681663
183.685206
183.690698
183.698463
183.712896
183.714748
183.715751
183.716694
183.716899
183.728889
183.735694
183.73729
183.745679
183.766261
183.770043
183.774274
183.783786
183.79022
183.800075
183.801548
183.803374
183.827892
183.836646
183.838568
183.842107
183.84606
183.847595
183.847865
183.859224
183.865239
183.870397
183.879417
183.890726
183.907022
183.907585
183.909095
183.913091
183.915883
183.915905
183.934474
183.937231
183.943047
183.947055
183.947744
183.949899
183.957514
183.958703
183.962244
183.965443
183.979217
183.993425
183.995807
184.012244
184.014355
184.018923
184.028093
184.045207
184.053365
184.064664
184.066253
184.074315
184.07652
184.085497
184.087656
184.095954
184.097157
184.098536
184.104444
184.120196
184.130904
184.140838
184.161991
184.163337
184.165541
184.177171
184.192536
184.205293
184.207218
184.212306
184.212571
184.22075
184.222532
184.224076
184.239154
184.239221
184.239263
184.25079
184.257855
184.260798
184.26083
184.261037
184.263648
184.265884
184.271549
184.27262
184.279129
184.290938
184.305074
184.306556
184.309638
184.323693
184.335772
184.341287
184.343635
184.349703
184.350411
184.356959
184.364448
184.375022
184.386917
184.38754
184.3901
184.398386
184.417933
184.424314
184.43661
184.463953
184.464459
184.465217
184.467871
184.477167
184.477666
184.482555
184.490032
184.491274
184.498497
184.49886
184.504124
184.511408
184.512116
184.524464
184.53324
184.539746
184.541538
184.545868
184.549189
184.555604
184.556734
184.568591
184.581
184.58194
184.587319
184.592479
184.595023
184.613673
184.618849
184.62937
184.629524
184.637416
184.645869
184.648841
184.655016
184.657607
184.661545
184.66413
184.669345
184.678726
184.681416
184.683241
184.686279
184.68722
184.709237
184.713649
184.721665
184.728883
184.729906
184.73857
184.751027
184.761025
184.765739
184.7776
184.778425
184.791302
184.791838
184.794562
184.802214
184.813544
184.825719
184.826539
184.834097
184.836675
184.844146
184.853549
184.856493
184.867148
184.869102
184.871389
184.882786
184.889357
184.894888
184.89853
184.905417
184.906769
184.907144
184.916398
184.916725
184.929273
184.935203
184.937106
184.94291
184.944359
184.94452
184.947978
184.951051
184.955038
184.957541
184.960549
184.961963
184.964497
184.970872
184.987707
184.989055
185.022039
185.026379
185.037061
185.047372
185.049378
185.055874
185.058241
185.061554
185.071989
185.085662
185.087379
185.089276
185.099887
185.100542
185.102397
185.106316
185.119597
185.122931
185.123805
185.125533
185.127631
185.128487
185.129987
185.130441
185.135111
185.138095
185.151135
185.159786
185.183837
185.186549
185.196765
185.204999
185.222346
185.226041
185.226904
185.229755
185.235749
185.237349
185.240007
185.244242
185.273009
185.286135
185.287988
185.288496
185.294659
185.300186
185.30325
185.305252
185.316177
185.317824
185.32599
185.328879
185.334159
185.335041
185.343317
185.343861
185.344233
185.354223
185.357008
185.369733
185.37131
185.375035
185.377352
185.380186
185.386017
185.386353
185.393232
185.394362
185.394969
185.396821
185.40255
185.404262
185.412807
185.422894
185.428101
185.451482
185.453054
185.453276
185.454902
185.456953
185.469169
185.469741
185.47079
185.47854
185.490115
185.507121
185.507501
185.51048
185.51134
185.514577
185.519764
185.553819
185.563181
185.568827
185.572357
185.576455
185.579084
185.583255
185.585721
185.586972
185.589074
185.593573
185.597522
185.602352
185.604447
185.605812
185.616933
185.620867
185.621583
185.624745
185.625244
185.628018
185.635058
185.639598
185.649801
185.655023
185.659428
185.659891
185.660352
185.663833
185.665809
185.675579
185.677302
185.683355
185.684649
185.709416
185.714252
185.714408
185.733163
185.73725
185.737335
185.746386
185.748226
185.750812
185.752845
185.759211
185.76994
185.774144
185.775593
185.78469
185.792289
185.792513
185.796379
185.800831
185.801411
185.805361
185.806536
185.811467
185.812876
185.816621
185.823318
185.825046
185.837561
185.838884
185.854667
185.862863
185.862999
185.868393
185.87267
185.879818
185.883118
185.884137
185.888413
185.888586
185.892541
185.898671
185.899434
185.900003
185.90151
185.903524
185.914387
185.915024
185.916978
185.923246
185.928458
185.929142
185.944359
185.94511
185.946134
185.952721
185.95628
185.957849
185.971739
185.973765
185.976256
185.9805
185.981647
185.98633
185.995294
186.002869
186.003666
186.008584
186.015282
186.015894
186.052701
186.055169
186.073689
186.078679
186.085587
186.102807
186.109256
186.113954
186.118917
186.12192
186.12471
186.12866
186.128886
186.138776
186.141936
186.145644
186.164924
186.167655
186.169903
186.180144
186.180231
186.184017
186.186272
186.189152
186.197182
186.201692
186.202762
186.209274
186.2109
186.221339
186.222429
186.225602
186.237815
186.240109
186.242359
186.253289
186.258818
186.260523
186.278229
186.292468
186.295261
186.300242
186.309327
186.324204
186.327713
186.330781
186.33635
186.338169
186.348401
186.353978
186.364946
186.374455
186.377278
186.378375
186.386831
186.389684
186.404485
186.416125
186.419257
186.423125
186.432399
186.434372
186.447393
186.448036
186.454295
186.457733
186.472715
186.48507
186.486199
186.496753
186.50015
186.500167
186.520776
186.526446
186.529055
186.533936
186.534696
186.560012
186.56638
186.570485
186.574681
186.603474
186.637446
186.639529
186.639754
186.646826
186.654961
186.657565
186.658459
186.669838
186.671821
186.673825
186.678907
186.685529
186.686222
186.693437
186.694369
186.695845
186.708496
186.710788
186.713486
186.717981
186.72749
186.733343
186.736344
186.737664
186.744589
186.745211
186.746606
186.765685
186.766654
186.771791
186.773213
186.775284
186.785534
186.787324
186.794215
186.797704
186.800121
186.801988
186.806662
186.810977
186.814826
186.820173
186.828538
186.830434
186.840358
186.843694
186.861104
186.876627
186.883826
186.901253
186.901367
186.911381
186.913951
186.940092
186.954686
186.960763
186.961231
186.964674
186.965843
186.986582
186.995238
186.999874
187.002271
187.009104
187.009394
187.011932
187.017596
187.02016
187.021213
187.030181
187.033594
187.04121
187.045868
187.052079
187.05757
187.07453
187.075611
187.080432
187.083483
187.086869
187.088129
187.102601
187.104431
187.106592
187.112267
187.119006
187.131069
187.13244
187.13474
187.13519
187.138265
187.142167
187.15932
187.163298
187.168652
187.189248
187.191787
187.196408
187.207854
187.22449
187.232103
187.245987
187.246853
187.256958
187.259792
187.264392
187.264403
187.273744
187.283983
187.284047
187.303558
187.318225
187.325969
187.3273
187.332217
187.3325
187.337094
187.34147
187.346177
187.346975
187.357717
187.358458
187.3644
187.372924
187.378209
187.380852
187.382124
187.383276
187.383833
187.393396
187.406687
187.411674
187.413997
187.414696
187.434211
187.435386
187.43799
187.441434
187.461468
187.463895
187.468444
187.474682
187.477436
187.482823
187.486995
187.490628
187.491891
187.528793
187.530109
187.534183
187.537063
187.548078
187.563447
187.575766
187.584136
187.5931
187.605577
187.610781
187.615671
187.648674
187.649305
187.658453
187.664279
187.674343
187.674403
187.686765
187.724025
187.72741
187.736976
187.738211
187.740091
187.748008
187.748158
187.7612
187.7628
187.766985
187.769463
187.773427
187.778225
187.778642
187.778938
187.780443
187.78237
187.784978
187.79493
187.799735
187.804993
187.825498
187.825653
187.831969
187.84276
187.84293
187.851468
187.854213
187.861659
187.861701
187.865243
187.867467
187.869022
187.874598
187.876128
187.880701
187.883642
187.884276
187.888039
187.893646
187.894655
187.901643
187.906016
187.915786
187.929653
187.930422
187.944274
187.944759
187.945189
187.945659
187.956018
187.963914
187.978816
187.981195
187.986106
187.986354
188.009062
188.010159
188.01068
188.014658
188.025055
188.026536
188.030516
188.040978
188.046101
188.057803
188.062575
188.091985
188.097577
188.101408
188.111285
188.116829
188.122324
188.124927
188.127501
188.128475
188.133089
188.140417
188.156454
188.172188
188.173137
188.177821
188.182624
188.201166
188.207692
188.209793
188.221777
188.232092
188.235076
188.242657
188.254277
188.257878
188.266592
188.287113
188.297547
188.320092
188.322413
188.331154
188.335343
188.337285
188.343524
188.349697
188.355606
188.355758
188.367128
188.370004
188.370675
188.373074
188.397415
188.407831
188.434085
188.438708
188.43906
188.441064
188.448049
188.44841
188.474356
188.479854
188.485899
188.493287
188.493678
188.505057
188.517235
188.520455
188.541021
188.557994
188.564905
188.576651
188.588722
188.598333
188.600617
188.601604
188.608305
188.609752
188.615116
188.619717
188.622793
188.623641
188.625145
188.627528
188.627537
188.634117
188.63429
188.637476
188.646153
188.651147
188.661806
188.673569
188.700002
188.730749
188.743726
188.748617
188.756549
188.758512
188.77504
188.802407
188.822637
188.84342
188.847509
188.850506
188.855555
188.858472
188.872496
188.884024
188.896514
188.900172
188.904716
188.906597
188.913316
188.918498
188.934541
188.940394
188.947159
188.949961
188.959233
188.971484
188.972901
188.972968
188.973505
188.986487
188.986993
189.016455
189.025889
189.026095
189.038067
189.040955
189.055681
189.0611
189.065563
189.074832
189.075939
189.080266
189.093408
189.11088
189.126995
189.133862
189.152182
189.162296
189.181882
189.185707
189.195484
189.198099
189.217648
189.217749
189.225071
189.22649
189.227397
189.262383
189.278593
189.280074
189.281912
189.284913
189.305866
189.307511
189.308433
189.311247
189.313479
189.326445
189.344036
189.344412
189.347497
189.372033
189.397662
189.401524
189.419511
189.442809
189.498003
189.50088
189.527872
189.528874
189.532196
189.536751
189.542124
189.544277
189.547784
189.553086
189.56439
189.572939
189.580908
189.58452
189.606954
189.607923
189.623848
189.624783
189.626072
189.62917
189.636966
189.664648
189.668596
189.67295
189.683357
189.719805
189.755583
189.801753
189.803516
189.807387
189.84734
189.853875
189.861602
189.885731
189.925165
189.938391
189.975919
189.985514
189.988566
189.99498
189.998353
189.999845
190.009212
190.03211
190.034671
190.037739
190.044697
190.062971
190.075038
190.086798
190.093486
190.095047
190.096357
190.102478
190.106795
190.110771
190.114575
190.12192
190.126913
190.130368
190.135294
190.152345
190.162507
190.173578
190.1923
190.20465
190.224389
190.234739
190.243513
190.255439
190.280805
190.28794
190.291795
190.296875
190.309648
190.313697
190.33118
190.333354
190.3377
190.34013
190.344755
190.355931
190.366107
190.393003
190.403191
190.408081
190.4137
190.415409
190.415546
190.442609
190.458545
190.468707
190.471035
190.471103
190.481137
190.491235
190.495439
190.526004
190.539387
190.541748
190.564278
190.572768
190.582887
190.586888
190.588185
190.591064
190.603466
190.629092
190.63456
190.638988
190.667574
190.668695
190.694296
190.716417
190.732689
190.757829
190.780665
190.795557
190.805584
190.815417
190.820239
190.834839
190.840435
190.841568
190.851578
190.85612
190.902719
190.904935
190.913193
190.91856
190.948908
190.963323
190.985854
190.987642
191.007001
191.01719
191.035099
191.049616
191.051649
191.083189
191.085338
191.085662
191.109126
191.112206
191.116081
191.122639
191.144178
191.163159
191.179494
191.204862
191.214562
191.223122
191.23949
191.246834
191.250374
191.27223
191.282019
191.286053
191.295781
191.299689
191.327716
191.336907
191.35693
191.380463
191.418165
191.450471
191.467024
191.502898
191.508919
191.519881
191.54395
191.563242
191.593292
191.606867
191.636152
191.647925
191.677498
191.724438
191.74058
191.783894
191.795944
191.79777
191.830058
191.861524
191.949002
191.951392
191.966681
191.968266
191.980025
191.999349
192.020353
192.032292
192.034176
192.055538
192.123253
192.140953
192.142741
192.159911
192.164776
192.167101
192.18066
192.184454
192.246246
192.252089
192.291718
192.293761
192.296885
192.372422
192.435461
192.439899
192.449549
192.481764
192.482342
192.512312
192.584783
192.625577
192.688864
192.722958
192.723508
192.756029
192.770099
192.784452
192.792525
192.810719
192.880352
192.887549
192.897029
192.939481
192.974841
192.987318
193.054951
193.079516
193.092977
193.113276
193.156666
193.157338
193.264648
193.327564
193.338582
193.368278
193.395942
193.408264
193.512926
193.51796
193.554491
193.570065
193.584761
193.615363
193.616795
193.632702
193.641714
193.740215
193.756663
193.760163
193.934331
193.97145
193.988192
194.004228
194.062882
194.147226
194.197054
194.202675
194.226896
194.275556
194.293543
194.305615
194.310262
194.323385
194.3312
194.416593
194.446497
194.606636
194.618973
194.675904
194.719491
194.727641
194.889917
194.891324
194.892756
194.95848
194.964168
194.964397
194.99329
195.011449
195.016393
195.045402
195.13246
195.307136
195.321616
195.324096
195.36443
195.369142
195.450503
195.468955
195.475921
195.595411
195.629475
195.655937
195.68076
195.791056
195.824951
195.840077
195.845958
195.879951
195.882707
195.883632
195.888659
195.914471
196.047581
196.105601
196.143167
196.183292
196.329836
196.364453
196.473765
196.556427
196.584605
196.642448
196.684259
196.752855
196.764943
196.77794
197.054254
197.080112
197.188182
197.305086
197.371016
197.461019
197.478171
197.503809
197.506241
197.654579
197.67518
197.767251
197.820771
198.136264
198.431979
198.494729
198.553983
198.658433
198.680067
198.791368
198.890978
198.899473
198.903732
198.945312
199.345155
199.358188
199.446443
199.472697
199.542819
199.678057
199.693298
200.026165
200.048573
200.203569
200.225732
200.38903
200.453467
200.700222
200.98695
201.014052
201.048348
201.19313
201.358428
201.361011
202.031776
202.231078
202.48406
202.611686
203.880002
204.162332
204.209078
205.738932
205.767525
206.833967
208.42507
209.593623
210.511571
210.91327
213.623375
217.94292
218.266622
220.735042
222.984352
230.49347
232.530078
237.693971
239.873649
244.733489
246.278486
249.498548
259.99998
264.337496
276.944877
292.916315
293.384964
306.399296
321.607491
352.861623
393.893453
413.322717
463.176219
500.374886
509.320979
524.66076
617.695406
881.530424
1019.852628
