5.123811
8.782545
10.981622
12.770078
13.037844
13.405445
13.433398
13.617346
13.739123
13.964737
14.650856
15.305963
15.316017
15.738924
16.263957
17.06186
17.104799
17.110813
17.181705
17.545702
18.889921
19.231605
19.287935
20.252648
21.318173
23.561836
23.738171
23.973073
24.553483
24.692818
25.492468
25.937445
32.54283
37.059316
39.24095
43.59452
48.329744
53.683425
63.778906
66.393217
69.194262
72.08641
74.082768
85.036953
103.688885
140.516393
141.838837
142.380008
144.031889
144.455758
145.779095
146.383346
146.815378
147.275735
147.340855
147.990968
148.474984
149.491606
150.267187
150.690638
150.961817
150.99763
151.002722
151.160311
151.488494
151.580423
151.867925
152.21903
152.480703
152.621803
152.742571
153.211838
153.442423
153.48509
153.956744
154.010614
154.077818
154.135346
154.393776
154.535582
155.783695
155.89994
156.087436
156.387247
156.431417
156.466799
156.852923
159.405625
159.5863
159.721201
160.016092
160.147315
161.840841
162.289796
163.510335
165.93461
166.39789
166.567381
167.282715
167.326415
167.616164
167.867775
167.925081
168.168385
168.575507
169.494499
170.041194
170.737121
171.032678
171.790847
171.898494
172.147122
173.057813
173.11401
173.654566
174.411433
174.816732
174.823607
174.837582
175.146322
175.395164
175.576928
175.94197
175.974322
176.311449
176.399444
176.599829
176.878999
176.886789
177.040423
177.057735
177.643964
177.845449
178.044387
178.164758
178.199108
178.312877
178.500456
178.678243
178.725256
178.896469
178.903908
179.083124
179.154622
179.291623
179.320192
179.360643
179.374307
179.474878
179.711892
179.904637
180.079811
180.212495
180.434183
180.585926
181.203214
181.238105
181.52965
181.795215
182.069403
182.215396
182.306456
182.329135
182.47838
182.481439
182.535219
183.069374
183.889857
184.02882
184.260584
184.438397
184.766915
185.000912
185.581246
185.910047
185.950309
186.591958
186.723377
187.026503
187.115967
189.184051
189.218042
189.661798
189.971551
190.874825
194.836353
195.087809
195.966173
198.648322
200.888306
206.256641
247.692205
281.14564
411.54795
3096.906437
4545.833649
6570.406709
10802.170594
