0.240701
141.886932
142.61253
142.658959
143.926696
147.649018
150.209376
151.201328
152.85241
153.496467
153.75168
154.025257
160.009327
161.484235
166.1046
168.028937
168.811753
169.619221
170.512468
170.801298
172.33473
173.660215
173.837829
174.066624
174.253746
174.620308
175.085673
175.795886
176.184318
178.22095
178.531368
179.066753
179.845686
181.234464
183.941131
184.391398
184.512562
185.182691
185.287782
185.798056
185.821644
186.332396
186.90419
186.951509
187.471643
190.65505
190.842682
191.073745
192.827064
192.88636
192.941834
194.107618
195.43716
195.921161
199.988674
246.215154
248.184305
258.067932
261.194403
262.061115
263.933246
282.373299
328.412263
359.000298
