0.240701
1.548725
1.553711
1.721929
6.350877
7.091107
7.408691
7.474977
7.502624
7.609713
7.650525
7.73095
7.742546
7.835987
7.979059
8.053844
8.070967
8.148963
8.298797
8.376044
8.427918
8.448485
8.548644
8.815629
8.866465
8.87736
8.938308
9.056712
9.215203
9.343791
9.689962
9.696824
9.79872
9.996114
10.060859
10.136903
10.204713
10.283801
10.361065
10.362655
10.433302
10.526522
10.587209
10.71426
10.903864
10.996212
11.131492
11.228492
11.286696
11.327302
11.431049
11.460301
11.475842
11.695496
11.764909
11.854049
11.886156
11.896995
11.970659
12.108035
12.113826
12.122324
12.232794
12.249397
12.304658
12.321547
12.348931
12.355938
12.445777
12.494809
12.583449
12.624965
12.673647
12.674982
12.713571
12.937442
13.005827
13.013721
13.154574
13.452503
13.630229
13.724029
13.776505
13.790216
13.808818
13.904477
13.925699
13.940923
13.942525
14.088588
14.150421
14.158003
14.177004
14.209853
14.291562
14.378665
14.457806
14.537372
14.55044
14.607077
14.77774
14.933536
14.979927
15.038764
15.0421
15.081234
15.140271
15.2412
15.341253
15.34534
15.416661
15.552083
15.58649
15.623395
15.898967
15.975313
16.064506
16.304143
16.416351
16.862838
16.926538
16.953224
16.982507
17.298015
17.483044
17.51062
17.755124
17.987809
18.166805
18.284848
18.348269
18.512592
18.62767
18.67755
18.712988
18.788848
18.806082
19.148427
19.191079
19.503769
19.665731
19.952425
20.41972
20.487414
20.550107
20.934446
20.969037
21.687337
21.894781
22.385964
22.772459
22.909409
22.913696
22.940113
23.888334
24.997464
25.007615
25.104992
25.363217
25.675729
26.015166
26.208329
26.398368
27.554307
30.368013
30.437443
30.698192
31.275201
31.328346
32.526521
33.709146
39.515037
41.747064
46.256771
52.666827
53.88836
55.248892
66.087697
66.48801
69.453414
72.341675
72.625993
73.693172
74.383965
74.829941
81.734422
88.424957
89.482129
91.299341
98.452581
108.826608
112.451452
114.992791
115.586655
115.830539
116.981898
117.33166
118.384048
118.844045
119.187755
120.013841
120.065104
121.292675
121.386325
121.492961
121.496856
121.554761
121.738124
121.835505
121.94039
122.380055
123.304565
123.359118
123.360515
123.874966
124.15094
124.173568
124.2553
124.382686
124.502596
125.058997
125.19537
125.267099
125.332461
125.333869
125.744343
125.751571
125.85081
126.022313
126.089343
126.09398
127.420452
127.436127
127.720779
127.738865
127.908242
128.05834
128.133663
128.258607
128.394328
128.435435
128.673895
128.740915
129.115858
129.201338
129.209747
129.218305
129.618467
129.795479
129.82534
129.98324
130.003755
130.124127
130.538205
130.599483
130.668686
130.746954
130.774828
130.809095
130.872728
131.077707
131.165386
131.274243
131.278536
131.42873
131.597739
131.674657
131.85728
132.164007
132.515151
132.582478
132.749915
132.774819
132.963851
133.56803
133.749308
133.793104
134.35247
134.362728
134.381903
134.452142
134.895377
134.917139
135.133923
135.620927
135.773918
135.879625
136.185772
136.673979
137.664061
137.702932
137.811833
138.183849
138.292421
138.330276
138.350862
138.766722
139.179656
140.750476
141.240511
141.302192
141.475943
141.587188
141.886932
142.61253
142.658959
142.899762
143.454949
143.475302
143.79186
143.845005
143.926696
144.249066
144.775436
144.863012
144.866447
145.669233
146.161141
146.681175
147.211508
147.23124
147.649018
147.733456
147.87136
147.964161
148.274227
148.33201
148.894905
149.301734
149.841942
149.968078
150.209376
150.849432
150.887438
151.064188
151.083245
151.164184
151.201328
151.245979
151.316727
151.522344
152.11352
152.165982
152.85241
152.955811
152.969553
152.988143
153.099914
153.469159
153.496467
153.497167
153.547958
153.75168
154.025257
154.315717
154.517536
154.585088
154.793072
154.913842
155.075626
155.457403
155.810229
156.286092
157.419624
157.970606
158.110838
158.188498
158.262224
158.444559
158.507845
158.707865
159.531217
160.009327
160.452371
160.526843
160.599257
160.914466
160.978565
161.484235
161.492774
161.630013
161.977569
162.291986
162.333618
162.642906
162.868146
163.690843
163.962844
164.598068
164.781905
165.390549
165.756197
166.1046
166.288446
166.326364
166.345256
166.518609
166.564243
166.60573
166.739966
166.947817
167.193247
167.41084
167.71492
167.75303
167.948013
168.028937
168.120188
168.166144
168.643739
168.811753
168.982196
169.205518
169.619221
169.8782
170.425606
170.512468
170.5182
170.801298
170.824177
171.839968
171.998732
172.33473
172.392264
172.423173
172.583712
172.587632
173.125112
173.143932
173.365396
173.421149
173.442521
173.630747
173.660215
173.837829
173.887345
174.066624
174.253746
174.469017
174.620308
174.681858
174.765897
175.080077
175.085673
175.255219
175.297521
175.496707
175.698175
175.754329
175.795886
175.920148
176.043302
176.05914
176.159227
176.16724
176.184318
176.267301
176.434469
176.560694
176.606727
176.671367
176.883435
176.935885
177.569429
177.59495
177.67504
177.928089
177.982501
178.22095
178.387804
178.454943
178.531368
178.534053
178.558022
178.571323
178.589958
178.760921
179.045813
179.066753
179.077954
179.533108
179.550423
179.668706
179.694626
179.845686
179.896813
180.248615
180.414811
180.469052
180.504572
180.507091
180.604854
180.734467
180.782774
180.790423
180.900267
181.091073
181.234464
181.415268
181.474919
181.803514
182.283703
182.341432
182.462714
182.512449
182.565284
182.65644
182.817314
182.910325
183.102496
183.38313
183.583986
183.62295
183.721791
183.941131
184.045869
184.049242
184.391398
184.415687
184.512562
184.904381
184.983907
185.117997
185.182691
185.196154
185.24475
185.265398
185.287782
185.406992
185.443341
185.570124
185.60337
185.618986
185.627623
185.798056
185.821644
185.912694
186.071716
186.332396
186.420986
186.4948
186.609531
186.640748
186.831372
186.90419
186.951509
187.471643
187.559265
187.641382
187.678922
187.97162
188.058496
188.123569
188.1748
188.272551
188.275548
188.296782
188.408281
188.540147
188.769349
188.975721
189.17594
189.308663
190.094641
190.485464
190.65505
190.814519
190.842682
190.970026
191.04881
191.069981
191.073745
191.07609
191.178326
191.280464
191.583168
191.684665
191.690907
191.734739
191.827434
192.327779
192.494631
192.556563
192.770078
192.827064
192.847029
192.88636
192.941834
193.319069
193.445972
193.554622
194.05614
194.107618
194.316624
194.738891
195.069888
195.082159
195.192916
195.267929
195.43716
195.621773
195.760611
195.83736
195.921161
195.953993
196.93158
197.135903
197.567855
198.090807
198.567371
198.952667
198.985227
199.350939
199.763844
199.988674
200.146203
201.026034
201.281484
201.588168
201.626336
201.64202
201.645959
201.760886
201.849591
201.884002
202.019922
202.063717
202.448663
202.643508
202.98019
203.705732
204.084608
204.18162
204.564731
205.254394
205.593754
206.678592
206.743142
206.749145
206.838249
207.282971
207.421566
207.474308
207.700145
207.965589
208.211369
208.275704
210.239492
211.128414
211.363146
211.492401
211.571941
211.656636
212.009599
212.404372
214.27535
215.107939
215.23651
215.764321
216.210667
216.27031
216.999135
218.412505
218.930337
219.186608
220.32753
221.986286
222.470062
222.941589
223.431415
223.710485
224.739238
224.966898
226.801671
229.186502
231.937825
231.943572
232.217417
233.091666
234.008417
235.867371
238.274982
243.459689
246.215154
248.184305
257.908205
258.067932
258.322084
261.194403
262.061115
263.933246
281.581871
282.373299
287.387369
287.91694
290.659742
295.473853
296.895499
297.279025
299.170078
299.958978
305.114805
308.472668
311.01705
328.412263
346.82761
355.883459
359.000298
362.631205
382.172393
387.964524
429.523955
530.872642
2162.220553
3739.127798
4495.745878
6577.00389
10802.017817
