248.959892
270.396664
275.929984
287.85569
289.048106
295.71352
298.621434
300.509615
300.655535
301.503566
303.682788
304.02067
304.231326
304.394821
306.324657
307.072014
308.289067
311.176888
311.311146
311.354287
311.704831
312.135962
312.271058
312.784533
312.83653
314.089279
314.101105
315.160139
316.143985
316.161241
316.554612
316.93589
317.041214
317.153554
317.377071
317.539968
317.702704
317.709249
317.997774
318.270204
318.313571
318.578006
318.757052
318.765656
319.497368
319.74947
319.855349
319.944567
319.99226
320.237264
320.266919
320.410961
320.567129
320.670764
320.796708
320.798154
321.054261
321.212342
321.356967
321.416772
321.444399
321.813595
321.835071
321.85009
321.908618
321.914897
321.916159
321.925712
322.349696
322.371242
322.445621
322.495307
322.541114
322.7707
322.809305
322.871014
322.875973
322.979311
323.011952
323.036525
323.045717
323.122646
323.171922
323.426364
323.42812
323.522039
323.638123
323.690033
323.714741
323.86509
323.897471
323.942693
323.997452
324.084706
324.14204
324.145739
324.156175
324.528921
324.549321
324.619312
324.712253
324.728436
324.732733
324.825455
324.880308
324.988156
325.086515
325.111077
325.150672
325.170597
325.180678
325.183359
325.213292
325.264657
325.310381
325.371826
325.382256
325.425511
325.618553
325.681225
325.704741
325.733133
325.79562
325.833781
325.882983
325.903609
326.068546
326.087955
326.151345
326.220796
326.245827
326.368276
326.46194
326.470024
326.550679
326.562393
326.565441
326.571363
326.591716
326.647096
326.749805
326.779365
326.789302
326.852128
326.868179
326.876275
326.888286
326.89056
326.916552
326.930598
326.955681
326.97377
326.980384
326.998257
327.056646
327.074467
327.164426
327.237978
327.302338
327.325136
327.342215
327.346523
327.37586
327.442546
327.467201
327.511904
327.51694
327.517228
327.524108
327.536574
327.553078
327.580099
327.593788
327.604905
327.662697
327.675461
327.7161
327.89369
327.943089
327.970371
327.990092
327.994507
328.074991
328.100029
328.111922
328.161418
328.219303
328.299282
328.341811
328.348839
328.371185
328.37501
328.375508
328.381604
328.382416
328.448025
328.466137
328.553941
328.586344
328.588527
328.593103
328.65386
328.655505
328.710767
328.795073
328.841538
328.883637
328.894365
328.906462
328.910167
328.958386
328.971126
328.99104
329.015851
329.026615
329.030561
329.047153
329.111249
329.147851
329.152869
329.158266
329.17021
329.174524
329.174684
329.183878
329.185485
329.190147
329.206364
329.230231
329.259686
329.287411
329.315672
329.329905
329.343105
329.368026
329.371419
329.373413
329.380038
329.388004
329.390748
329.392884
329.394277
329.399764
329.409806
329.437721
329.475002
329.507229
329.513129
329.517508
329.561249
329.605186
329.613042
329.619123
329.628204
329.691738
329.734497
329.736672
329.741683
329.773133
329.792913
329.796056
329.874483
329.879471
329.889758
329.904679
329.927675
329.986565
330.008348
330.017744
330.034732
330.043134
330.06792
330.068008
330.121586
330.126098
330.1497
330.151177
330.209702
330.235235
330.237639
330.241207
330.258882
330.268328
330.270348
330.294907
330.321669
330.325664
330.338596
330.37815
330.386063
330.471004
330.478842
330.485269
330.555549
330.565256
330.566849
330.642756
330.649776
330.683209
330.713589
330.714984
330.719504
330.741708
330.743941
330.752315
330.754707
330.762428
330.779893
330.867428
330.87675
330.881083
330.903012
330.931373
330.957269
330.968503
330.979614
330.992854
330.99418
331.066127
331.156834
331.158477
331.16195
331.174374
331.222074
331.231924
331.235665
331.237325
331.264518
331.278614
331.292868
331.296657
331.326316
331.330657
331.33531
331.353174
331.370014
331.396131
331.399731
331.418731
331.429602
331.43259
331.460815
331.463952
331.489833
331.54904
331.557515
331.568295
331.569475
331.570149
331.574965
331.582041
331.605324
331.608888
331.609005
331.623513
331.629235
331.633712
331.648451
331.659095
331.677069
331.679458
331.685706
331.724327
331.749943
331.751283
331.758945
331.774461
331.837937
331.870464
331.880412
331.923263
331.936242
331.938413
331.948435
331.951061
331.987326
331.99345
332.005149
332.033323
332.056553
332.109358
332.10985
332.113698
332.131852
332.140523
332.14152
332.144019
332.154359
332.190349
332.196801
332.245568
332.245691
332.267963
332.280564
332.284149
332.286671
332.294477
332.312463
332.334064
332.341745
332.345095
332.34924
332.371942
332.379174
332.453451
332.465153
332.466936
332.467312
332.485123
332.485495
332.4886
332.488765
332.514509
332.515379
332.526882
332.532965
332.558386
332.567051
332.585089
332.586878
332.591857
332.620914
332.621245
332.63752
332.65005
332.659634
332.662116
332.666332
332.672064
332.681718
332.687885
332.702917
332.722263
332.724211
332.733654
332.736974
332.740254
332.7432
332.770373
332.775853
332.788734
332.815513
332.867085
332.879688
332.891464
332.893918
332.929527
332.93786
332.941696
332.962723
332.984722
332.998108
333.000946
333.014898
333.031449
333.047651
333.054018
333.059735
333.073247
333.089041
333.116525
333.130583
333.137869
333.156472
333.167934
333.195159
333.206009
333.220127
333.227374
333.234665
333.238587
333.240097
333.254882
333.268644
333.270224
333.288852
333.289995
333.3092
333.316526
333.317614
333.35399
333.431011
333.44684
333.448654
333.454131
333.461592
333.464412
333.476025
333.488041
333.489022
333.507725
333.514516
333.518827
333.559244
333.566424
333.570711
333.584957
333.607922
333.611754
333.612873
333.626687
333.634413
333.67848
333.685359
333.695884
333.695927
333.711009
333.741893
333.743392
333.784675
333.786796
333.786813
333.794964
333.809007
333.810324
333.812461
333.836982
333.864398
333.871298
333.872494
333.886101
333.889354
333.891234
333.899132
333.929658
333.947209
333.959696
333.96323
334.010134
334.017706
334.064456
334.064991
334.066385
334.08864
334.100541
334.11609
334.160113
334.171554
334.195313
334.197288
334.200882
334.220098
334.221906
334.243537
334.258677
334.261287
334.30592
334.311005
334.325725
334.329479
334.33607
334.343282
334.35137
334.355747
334.371364
334.381787
334.386184
334.413836
334.415032
334.428541
334.436717
334.444388
334.453303
334.467987
334.490253
334.498811
334.500052
334.502343
334.51008
334.513283
334.525699
334.535317
334.538456
334.552346
334.562697
334.564069
334.571783
334.575371
334.576586
334.5799
334.603051
334.604866
334.615317
334.617001
334.637389
334.647167
334.64876
334.656943
334.664169
334.664892
334.673773
334.677541
334.724955
334.727954
334.729995
334.732522
334.749076
334.759933
334.773601
334.794087
334.798354
334.800252
334.800326
334.818551
334.851969
334.864988
334.865463
334.8682
334.880736
334.885849
334.893116
334.900169
334.910944
334.925366
334.925824
334.929646
334.940308
334.945179
334.958157
334.961115
334.973505
334.974926
334.983239
335.001552
335.020602
335.03798
335.05178
335.063819
335.070341
335.076947
335.094019
335.098164
335.102197
335.139375
335.151438
335.160524
335.162825
335.169282
335.171775
335.180625
335.182329
335.193623
335.197832
335.207794
335.220526
335.260625
335.263468
335.283953
335.309931
335.31143
335.365312
335.384108
335.395527
335.408407
335.420072
335.425343
335.434317
335.445882
335.457666
335.49147
335.501696
335.508841
335.520819
335.524471
335.530893
335.534573
335.541326
335.545927
335.568192
335.593051
335.593308
335.604554
335.609114
335.644463
335.644504
335.64903
335.661491
335.668388
335.675901
335.67631
335.679177
335.687238
335.69471
335.707072
335.70719
335.718088
335.731342
335.769337
335.770066
335.770118
335.776399
335.781481
335.782108
335.787615
335.798994
335.80015
335.801828
335.80368
335.806228
335.809402
335.816893
335.81699
335.820019
335.826138
335.833723
335.834934
335.838836
335.844266
335.848637
335.871519
335.885118
335.913006
335.927668
335.931771
335.935829
335.938689
335.944563
335.94474
335.953067
335.95531
335.971248
335.975469
335.98933
335.990654
336.005298
336.015305
336.018287
336.024393
336.034743
336.064661
336.065413
336.067676
336.078013
336.084631
336.086428
336.098298
336.108888
336.117482
336.118303
336.118606
336.127811
336.129439
336.138136
336.144172
336.177507
336.180539
336.181673
336.18668
336.187425
336.189772
336.191663
336.193939
336.194793
336.196579
336.19749
336.212982
336.231689
336.232654
336.234318
336.243304
336.246883
336.247031
336.248176
336.251407
336.25647
336.269574
336.269939
336.270228
336.284204
336.294231
336.298453
336.306646
336.314877
336.334277
336.342584
336.356087
336.380258
336.395831
336.403102
336.425223
336.436397
336.441677
336.451314
336.465937
336.467921
336.472992
336.533584
336.618348
336.621675
336.624813
336.627604
336.627875
336.654754
336.664219
336.695581
336.711945
336.718214
336.721777
336.726029
336.7312
336.745582
336.749714
336.756925
336.757709
336.777347
336.777862
336.780359
336.789376
336.794623
336.799404
336.801713
336.810823
336.813578
336.816975
336.819601
336.831004
336.847883
336.855581
336.86683
336.870506
336.883633
336.904288
336.921975
336.936943
336.949491
336.954509
336.963107
336.968358
336.978376
336.987835
337.007397
337.016312
337.017119
337.021273
337.021874
337.04762
337.077236
337.099603
337.100708
337.136491
337.145648
337.149201
337.153116
337.169888
337.179915
337.182871
337.203367
337.218836
337.231242
337.232942
337.255494
337.255718
337.267539
337.276195
337.288073
337.320399
337.32394
337.326585
337.327704
337.328241
337.347272
337.362026
337.3646
337.382966
337.389116
337.390688
337.390799
337.399182
337.404478
337.412382
337.42352
337.43039
337.444978
337.44541
337.447002
337.456054
337.465422
337.487334
337.49038
337.492383
337.497677
337.503877
337.509827
337.515805
337.518762
337.532695
337.539903
337.56593
337.578006
337.588491
337.595466
337.596057
337.609688
337.611694
337.61527
337.622278
337.627415
337.636622
337.641049
337.651334
337.651878
337.676731
337.707473
337.726154
337.726325
337.730082
337.737167
337.749112
337.750826
337.752849
337.761569
337.762245
337.801901
337.802694
337.810223
337.813756
337.827106
337.827392
337.828925
337.844263
337.869696
337.87163
337.889821
337.891705
337.894623
337.907594
337.920117
337.927079
337.937202
337.937258
337.950369
337.95428
337.96456
337.973095
337.982137
337.986253
337.995287
337.998896
338.002149
338.009358
338.01041
338.010529
338.011951
338.01467
338.0243
338.032135
338.039298
338.058141
338.059346
338.073999
338.081385
338.086706
338.08903
338.101603
338.109085
338.110489
338.113848
338.127222
338.130796
338.140595
338.151079
338.154686
338.157391
338.158777
338.159365
338.16109
338.163394
338.165212
338.170058
338.170405
338.197371
338.209071
338.213311
338.213566
338.217128
338.228768
338.229566
338.231021
338.235721
338.236502
338.246208
338.246311
338.2482
338.249799
338.251441
338.27253
338.280116
338.309474
338.324679
338.339608
338.342031
338.349808
338.352863
338.366525
338.37606
338.380889
338.396469
338.422584
338.423606
338.432239
338.442566
338.443854
338.450386
338.472755
338.487213
338.489822
338.495791
338.49778
338.500059
338.50143
338.512601
338.517627
338.541677
338.547157
338.549333
338.550464
338.556335
338.562953
338.570729
338.575149
338.585578
338.595822
338.609657
338.61555
338.62113
338.626507
338.627122
338.627581
338.632297
338.632697
338.641901
338.644425
338.645847
338.661849
338.664727
338.680444
338.68726
338.689763
338.689882
338.699374
338.699526
338.705226
338.718504
338.722886
338.723385
338.728244
338.732222
338.736605
338.739978
338.742872
338.745383
338.747061
338.753563
338.75757
338.7607
338.774598
338.788596
338.810697
338.835365
338.83902
338.841847
338.845761
338.846586
338.85066
338.853577
338.886219
338.893094
338.9079
338.916408
338.916717
338.934091
338.936853
338.949515
338.974378
338.982521
338.998832
339.000651
339.000716
339.011719
339.011784
339.067936
339.073678
339.079779
339.083028
339.106879
339.114045
339.13762
339.139943
339.140063
339.141322
339.154911
339.172169
339.190341
339.209589
339.217041
339.219826
339.226717
339.234595
339.262595
339.264632
339.268395
339.27559
339.280584
339.288924
339.292769
339.298077
339.305997
339.335154
339.335209
339.342898
339.362736
339.384546
339.39444
339.40064
339.402129
339.402389
339.403014
339.420337
339.430172
339.445316
339.4709
339.47309
339.473262
339.47899
339.480495
339.518568
339.531456
339.547841
339.5535
339.566985
339.57139
339.573452
339.574137
339.606529
339.60808
339.618502
339.622475
339.623925
339.625112
339.661132
339.664984
339.671753
339.673987
339.675141
339.676515
339.679445
339.702841
339.722245
339.743536
339.745073
339.750046
339.75516
339.756437
339.766967
339.774528
339.77737
339.779236
339.780854
339.784564
339.821758
339.824127
339.849492
339.854039
339.858761
339.86758
339.868758
339.876851
339.893147
339.910458
339.936219
339.949909
339.975102
339.984067
339.995007
339.996173
340.007435
340.014917
340.023708
340.040806
340.052324
340.060986
340.068496
340.092172
340.094966
340.099589
340.123065
340.132977
340.139319
340.139703
340.15599
340.164019
340.170326
340.172793
340.173838
340.184272
340.192044
340.20674
340.21662
340.219292
340.225851
340.246601
340.248773
340.262785
340.289535
340.29524
340.307337
340.309915
340.323859
340.327075
340.360236
340.363415
340.372416
340.376508
340.384508
340.409575
340.435763
340.437958
340.440765
340.441526
340.459729
340.461555
340.466525
340.470743
340.475883
340.482586
340.48624
340.504119
340.512185
340.514987
340.517933
340.519969
340.525101
340.532247
340.543932
340.544429
340.545529
340.561716
340.568694
340.570567
340.574456
340.589175
340.600963
340.610923
340.621483
340.624741
340.637876
340.640714
340.676797
340.686184
340.688925
340.691241
340.693945
340.695485
340.698068
340.699452
340.714331
340.718026
340.721145
340.730346
340.738732
340.740748
340.759361
340.764943
340.76682
340.772994
340.790931
340.794833
340.796696
340.802913
340.80485
340.806633
340.817409
340.827199
340.829754
340.834683
340.841807
340.843101
340.847888
340.852338
340.857835
340.870644
340.906022
340.917125
340.923969
340.944218
340.946237
340.961575
340.973993
340.99485
340.994934
341.009475
341.015166
341.016369
341.026052
341.03092
341.036534
341.058299
341.061621
341.065027
341.070985
341.08106
341.082404
341.089127
341.097477
341.133587
341.136732
341.138613
341.141011
341.142449
341.170159
341.183044
341.191542
341.194385
341.196132
341.201352
341.226094
341.226779
341.230502
341.238311
341.254285
341.262761
341.285822
341.288333
341.297157
341.299939
341.304351
341.309209
341.30962
341.316849
341.32603
341.339287
341.352198
341.352963
341.3616
341.374032
341.384597
341.405978
341.409954
341.415205
341.426767
341.434825
341.438128
341.45039
341.462132
341.473055
341.483441
341.517961
341.525346
341.525701
341.535705
341.53607
341.53866
341.560411
341.583654
341.594101
341.599285
341.606777
341.608006
341.608953
341.610775
341.623609
341.635479
341.657795
341.667889
341.708691
341.732328
341.741606
341.75234
341.752372
341.752961
341.759237
341.761708
341.764382
341.76916
341.771077
341.774877
341.78159
341.793307
341.801721
341.812486
341.81372
341.826303
341.846714
341.853462
341.873253
341.892676
341.904931
341.907194
341.922095
341.933044
341.937485
341.938952
341.941216
341.958735
341.989356
341.989359
341.990633
341.993203
342.012365
342.028829
342.038253
342.041491
342.046922
342.061657
342.082922
342.088044
342.096836
342.100561
342.113866
342.120583
342.121071
342.124868
342.13273
342.136119
342.139128
342.144858
342.163534
342.165823
342.174401
342.177175
342.179574
342.183624
342.187423
342.189971
342.196302
342.199535
342.206522
342.213709
342.223178
342.227398
342.256247
342.262148
342.268521
342.27128
342.277321
342.283161
342.28889
342.300915
342.31181
342.334769
342.347955
342.359597
342.363264
342.366518
342.371871
342.373825
342.376685
342.379336
342.38395
342.416059
342.419446
342.430317
342.49032
342.491881
342.511737
342.548255
342.57043
342.570895
342.583833
342.584798
342.606905
342.62319
342.653073
342.660295
342.671158
342.671992
342.754013
342.771145
342.773631
342.806246
342.808481
342.812774
342.825652
342.826978
342.841936
342.849698
342.850013
342.852454
342.869211
342.873019
342.874431
342.880343
342.903134
342.908888
342.924017
342.934477
342.952072
342.956348
342.960639
342.961266
342.977769
342.982093
342.98245
342.991366
342.994626
343.019407
343.019779
343.023028
343.035655
343.035746
343.036946
343.045174
343.071021
343.07518
343.077269
343.077626
343.101932
343.115712
343.139098
343.143668
343.167528
343.1699
343.180769
343.189483
343.190426
343.191373
343.200327
343.217547
343.239466
343.244262
343.253473
343.280619
343.282167
343.289078
343.308491
343.317331
343.318685
343.324272
343.344555
343.352444
343.376352
343.37705
343.392355
343.405449
343.412171
343.421655
343.440523
343.444428
343.458619
343.459623
343.483298
343.484276
343.488589
343.495548
343.504129
343.50601
343.52627
343.530452
343.545117
343.551483
343.557276
343.575487
343.593734
343.600086
343.617172
343.623401
343.636432
343.637389
343.659313
343.659849
343.673389
343.688195
343.689109
343.6972
343.699568
343.716711
343.719249
343.723948
343.741575
343.750095
343.772871
343.77688
343.784823
343.78957
343.799107
343.805947
343.811333
343.814594
343.817524
343.827782
343.828906
343.845613
343.862513
343.864131
343.864807
343.878976
343.902654
343.908423
343.929244
343.935834
343.942559
343.952824
343.959197
343.961872
343.963887
343.970167
343.970694
343.981079
343.981421
344.003398
344.019895
344.046161
344.061777
344.065237
344.069566
344.082177
344.086904
344.110767
344.130755
344.148554
344.156717
344.158506
344.160676
344.170719
344.178931
344.183251
344.194595
344.219665
344.236066
344.24564
344.263222
344.284328
344.330043
344.335275
344.344514
344.350335
344.353315
344.36784
344.379541
344.382413
344.384118
344.393358
344.406278
344.409122
344.411655
344.413132
344.437797
344.438593
344.445236
344.450736
344.457999
344.458268
344.47591
344.482453
344.493842
344.509225
344.517582
344.523195
344.544109
344.550169
344.555446
344.563496
344.577045
344.597246
344.617086
344.630464
344.633721
344.637107
344.656683
344.663873
344.71712
344.730134
344.730584
344.731176
344.737279
344.76858
344.790607
344.803287
344.807241
344.809272
344.817153
344.82494
344.832058
344.841676
344.860753
344.862267
344.869865
344.884004
344.891812
344.893652
344.908653
344.908887
344.921501
344.937382
344.949483
344.954337
344.959221
344.960073
344.97267
344.98237
344.99395
344.995678
345.041252
345.052923
345.090692
345.098479
345.122903
345.144971
345.147926
345.154498
345.154611
345.172046
345.177886
345.190145
345.197632
345.218224
345.22563
345.232606
345.246114
345.253946
345.267847
345.2741
345.275878
345.280113
345.287407
345.287883
345.31162
345.315793
345.323168
345.324296
345.327302
345.33412
345.343718
345.354346
345.36195
345.36455
345.368521
345.371465
345.372932
345.373251
345.373638
345.3882
345.406297
345.414301
345.423436
345.427708
345.439995
345.444063
345.44489
345.458222
345.500671
345.51192
345.521929
345.536138
345.55994
345.563354
345.573244
345.578306
345.582425
345.601211
345.602076
345.618384
345.627747
345.638846
345.640508
345.645584
345.650202
345.654953
345.659245
345.665831
345.680997
345.702456
345.724297
345.778527
345.802157
345.80502
345.805348
345.805989
345.813675
345.823512
345.847668
345.855967
345.85684
345.871142
345.873518
345.874428
345.885466
345.892016
345.8928
345.915877
345.91838
345.919698
345.936616
345.948955
345.980262
345.994666
345.995016
346.006238
346.01198
346.027564
346.041035
346.062007
346.062536
346.074977
346.08137
346.087233
346.111484
346.116024
346.159213
346.171521
346.203256
346.217597
346.221787
346.229836
346.232556
346.2427
346.257982
346.261126
346.262529
346.276471
346.29416
346.351751
346.383051
346.385485
346.400022
346.431608
346.436683
346.443729
346.466616
346.486135
346.490236
346.492698
346.493938
346.51563
346.540357
346.546138
346.564219
346.573508
346.610069
346.615506
346.625145
346.630231
346.653156
346.671131
346.67431
346.684243
346.68815
346.716388
346.729637
346.747136
346.808546
346.817277
346.839447
346.840691
346.87323
346.874931
346.87829
346.880416
346.912614
346.921179
346.926847
346.94738
346.97662
346.998287
347.011907
347.012318
347.014176
347.024535
347.030056
347.072073
347.121284
347.151464
347.175364
347.197331
347.197898
347.198629
347.217972
347.22393
347.227188
347.231787
347.244416
347.245576
347.248448
347.253515
347.258302
347.277095
347.291393
347.29734
347.355625
347.365376
347.374217
347.378988
347.386097
347.420765
347.424368
347.43218
347.436866
347.535167
347.541272
347.553401
347.564963
347.600344
347.602683
347.614606
347.628782
347.643413
347.667283
347.696525
347.701346
347.70468
347.714539
347.725714
347.733982
347.751722
347.762091
347.768976
347.787383
347.812435
347.868393
347.871666
347.880377
347.899729
347.917932
347.94719
347.950901
347.966839
347.969215
347.974781
348.004106
348.013975
348.025675
348.030508
348.032062
348.077322
348.11189
348.115094
348.125356
348.133109
348.135534
348.174822
348.175781
348.202732
348.213342
348.21622
348.219438
348.237741
348.243959
348.287814
348.304966
348.310281
348.326751
348.331331
348.370627
348.373243
348.391141
348.399092
348.40678
348.46542
348.484908
348.493505
348.499001
348.500581
348.520966
348.540419
348.541363
348.576364
348.595407
348.60156
348.649881
348.656203
348.680529
348.689564
348.734488
348.748665
348.750933
348.756164
348.766699
348.78395
348.787873
348.801145
348.809331
348.813438
348.824235
348.848435
348.885444
348.900745
348.90435
348.919274
348.959833
348.966113
348.990581
349.018418
349.055085
349.060148
349.077224
349.07732
349.080553
349.081995
349.104347
349.139866
349.143652
349.144205
349.144768
349.183739
349.189353
349.204515
349.23855
349.272381
349.279797
349.285289
349.295156
349.298403
349.306297
349.306359
349.334606
349.355899
349.400745
349.412464
349.417434
349.435342
349.438363
349.521435
349.522115
349.530485
349.558961
349.572017
349.590628
349.596329
349.598367
349.630482
349.63598
349.644399
349.655202
349.658358
349.662711
349.663798
349.681566
349.681638
349.68736
349.690543
349.723893
349.757141
349.779332
349.814832
349.829251
349.839667
349.844027
349.885868
349.892542
349.893015
349.893245
349.903287
349.905087
349.944762
349.99685
350.010214
350.021178
350.036655
350.112565
350.113413
350.121525
350.129548
350.161985
350.166853
350.18114
350.181998
350.183583
350.186512
350.214426
350.22937
350.246127
350.256832
350.265727
350.266211
350.292034
350.351604
350.354691
350.364143
350.393793
350.424618
350.428283
350.446863
350.471902
350.486932
350.522923
350.558173
350.559792
350.571998
350.573801
350.601695
350.613788
350.677121
350.69394
350.700719
350.711535
350.730005
350.733301
350.735114
350.755226
350.782441
350.786991
350.79445
350.808913
350.814047
350.821232
350.846668
350.854504
350.863145
350.9232
350.981473
350.993846
351.031722
351.037581
351.045858
351.046715
351.082373
351.094922
351.100951
351.124588
351.185839
351.197056
351.25303
351.274104
351.274282
351.30432
351.340517
351.342575
351.358036
351.424941
351.44589
351.449726
351.452265
351.467588
351.469697
351.488585
351.489886
351.523655
351.531546
351.549389
351.601339
351.634969
351.659536
351.661206
351.665076
351.67525
351.704085
351.725736
351.726262
351.763557
351.771705
351.860146
351.86514
351.871232
351.906378
351.915377
351.9169
351.937378
351.959152
352.003562
352.020415
352.021557
352.045614
352.080358
352.093137
352.120757
352.153158
352.214257
352.256638
352.263778
352.2867
352.339378
352.373654
352.399229
352.432976
352.435655
352.451614
352.457363
352.463047
352.473767
352.480815
352.487416
352.529658
352.53945
352.551635
352.569483
352.582493
352.604643
352.616318
352.667927
352.715493
352.723054
352.760928
352.765375
352.830729
352.835492
352.978527
352.991014
353.022936
353.052028
353.057356
353.075979
353.190364
353.193695
353.233346
353.264757
353.269541
353.312485
353.393776
353.408016
353.447466
353.511081
353.546428
353.624766
353.641344
353.658321
353.747356
353.750777
353.817261
353.860431
353.907168
353.984096
353.99198
354.002511
354.032078
354.044712
354.061477
354.062015
354.068102
354.072156
354.098498
354.119701
354.129516
354.177697
354.181532
354.194492
354.236192
354.244121
354.288044
354.403436
354.413453
354.458815
354.472741
354.533066
354.57207
354.585886
354.587245
354.600581
354.612521
354.715316
354.715806
354.762232
354.828801
354.837869
354.84051
354.845825
354.877987
354.91678
354.950667
354.954004
354.957741
355.028178
355.09767
355.119974
355.139613
355.150576
355.205002
355.207934
355.209452
355.216886
355.272041
355.298093
355.299311
355.329729
355.36621
355.441413
355.477606
355.499429
355.523512
355.533744
355.554262
355.561073
355.596711
355.671602
355.703607
355.706934
355.707785
355.748362
355.753907
355.764018
355.779807
355.791255
355.800688
355.828018
355.871143
355.872076
355.876439
355.903436
355.934882
355.96695
355.970644
356.042319
356.046264
356.049295
356.07494
356.1025
356.126735
356.163175
356.169149
356.180266
356.236339
356.374788
356.482882
356.522794
356.531265
356.534311
356.575687
356.743392
356.778251
356.784058
356.818015
356.834017
356.849678
356.867155
356.912362
357.009432
357.018817
357.027086
357.038009
357.076141
357.114318
357.136602
357.148129
357.208149
357.23761
357.245014
357.337378
357.356697
357.461487
357.513766
357.539961
357.565444
357.573496
357.633312
357.664719
357.674312
357.682843
357.795395
357.800818
357.871955
357.8736
357.885642
357.955338
357.988108
358.010864
358.114145
358.158374
358.171093
358.173377
358.192934
358.295431
358.308853
358.349585
358.416595
358.438318
358.544582
358.545524
358.57062
358.586276
358.627029
358.656717
358.659194
358.665954
358.75344
358.796882
358.802524
358.859705
358.874963
358.983183
359.05396
359.057662
359.103792
359.143804
359.166574
359.310755
359.363869
359.408229
359.454764
359.459444
359.459863
359.501953
359.506931
359.52303
359.533062
359.558326
359.61765
359.61843
359.619355
359.623175
359.65729
359.658437
359.689726
359.695153
359.69892
359.742001
359.743516
359.788485
359.789768
359.862045
359.869371
359.933348
359.934387
359.940127
360.073702
360.076689
360.197409
360.226083
360.2327
360.235634
360.237512
360.262767
360.266056
360.320908
360.382715
360.390716
360.401033
360.422366
360.491946
360.55854
360.598574
360.623245
360.683548
360.742365
360.744313
360.797223
360.80377
360.815319
360.816268
360.859458
360.894049
360.971839
360.983599
360.991266
361.052374
361.169183
361.185242
361.203108
361.209797
361.209932
361.249527
361.294114
361.303984
361.317741
361.342647
361.369422
361.3933
361.421745
361.487867
361.544387
361.558854
361.567157
361.583179
361.702856
361.776327
361.825198
361.884856
361.884934
362.115145
362.186319
362.333202
362.371891
362.372359
362.383445
362.393321
362.39601
362.476886
362.505045
362.531156
362.562331
362.580989
362.841822
362.880685
362.90848
363.00194
363.007838
363.011788
363.012706
363.043066
363.066151
363.181073
363.210426
363.232606
363.290875
363.476907
363.492986
363.606113
363.609746
363.721165
363.732036
363.894887
364.164569
364.16747
364.170557
364.294619
364.297128
364.41263
364.417847
364.58666
364.606295
364.697555
364.932686
364.963325
365.002808
365.072233
365.073324
365.094209
365.130989
365.172138
365.204953
365.321683
365.354244
365.365371
365.373939
365.374107
365.440061
365.497835
365.61936
365.76236
365.836618
365.840349
365.987253
366.027311
366.074137
366.121093
366.25036
366.266506
366.469546
366.503258
366.506301
366.55506
366.615822
366.670453
366.74173
366.845473
366.90804
366.966794
367.007446
367.01121
367.108042
367.217787
367.227167
367.228324
367.304075
367.388293
367.419689
367.451446
367.509905
367.513694
367.765772
367.781957
367.906028
368.025341
368.141634
368.155362
368.183261
368.217436
368.298789
368.383184
368.442035
368.661162
368.74622
368.753275
368.783139
369.001878
369.114594
369.138293
369.148198
369.151561
369.267197
369.465338
369.520393
369.778039
369.791183
369.916748
369.93225
369.996772
369.999405
370.011863
370.142506
370.289472
370.448749
370.454882
370.499204
370.596867
370.798398
370.865077
370.868298
370.923568
370.923945
370.946302
371.149695
371.206142
371.253073
371.266348
371.317727
371.336559
371.339356
371.467009
371.551307
371.592555
371.801513
371.802679
371.89241
371.956845
371.986383
372.001144
372.020318
372.171852
372.233119
372.23813
372.303902
372.343596
372.460199
372.479573
372.575561
372.681454
372.835342
373.06036
373.073401
373.202728
373.281027
373.294676
373.415215
373.440813
373.604282
373.875331
373.879625
373.879678
374.017177
374.051259
374.053975
374.144448
374.16781
374.363322
374.796926
374.829054
374.842128
374.881566
374.968311
375.169829
375.221312
375.224528
375.245925
375.319067
375.436546
375.470816
375.584528
375.621035
375.652137
376.302848
376.306502
376.399461
376.739024
376.778332
376.914118
376.963911
377.127347
377.27036
377.686685
377.718797
377.74495
377.762778
377.826009
378.296369
378.427435
378.57318
378.648541
378.691882
378.73923
378.817481
378.847446
378.911329
379.225262
379.749549
380.02013
380.280413
380.304766
380.344612
380.373891
380.400376
380.526883
380.635376
380.901207
381.014938
381.136774
381.220935
381.265869
381.371293
381.85324
381.872438
381.882509
381.940392
382.061231
382.286193
382.579657
382.985491
383.434463
384.157673
384.617339
384.934025
384.961286
385.545902
385.598999
385.679436
385.73235
385.97624
386.237416
386.898912
386.956055
387.475516
387.485443
387.7096
387.790942
388.007854
388.541582
389.151899
389.167391
391.719064
392.909161
392.923298
393.038984
394.105699
394.428584
394.535667
395.422997
396.353834
397.417437
398.641788
399.735624
401.053742
401.135713
403.364633
403.92453
406.701681
407.134917
408.211727
411.579252
412.602078
413.453763
416.100191
422.075226
437.06265
446.725206
449.40641
462.663126
468.628341
472.17922
485.370738
513.47052
654.730091
698.535946
778.836643
1630.456263
