7.619332
9.35221
9.608572
9.704575
10.649306
10.820246
11.821491
11.980284
12.653636
12.855847
12.930194
13.034311
13.365291
13.536871
13.65099
13.651066
13.821742
14.028503
14.449188
14.678789
14.706814
14.818048
15.062591
15.12487
15.130797
15.794367
15.93243
16.28996
16.350493
16.428673
16.599157
16.916394
16.93285
16.964985
17.128249
17.215927
17.600602
17.691986
17.853447
17.873275
17.879138
17.93716
18.818767
18.954395
19.239445
19.263175
19.53083
20.278736
20.334856
20.396603
20.498608
20.917896
21.133799
21.153164
21.155375
21.441218
22.134698
22.544542
22.984748
23.692582
23.754656
24.466978
24.712151
25.143297
25.982005
27.535615
30.177366
31.633027
32.792974
34.117915
35.75073
45.111875
48.267314
59.652819
69.650053
73.325199
80.384257
82.280303
93.247308
100.348359
113.319043
113.623473
115.166562
134.339198
134.440774
136.408476
136.577782
137.737086
139.929034
140.569644
140.747357
141.897364
144.450555
144.988343
145.894125
146.177883
146.642121
146.913674
147.052089
147.867104
147.979405
148.112908
148.226312
148.632405
149.016875
149.043399
149.143851
149.298212
149.351177
149.567647
149.87471
149.899952
150.09834
150.535525
150.627415
150.715917
151.127658
151.282151
151.288113
151.368254
151.474242
151.771642
151.957612
152.034054
152.045635
152.090536
152.111337
152.113326
152.13806
152.176055
152.193636
152.655005
152.776314
152.816092
152.933606
153.139366
153.421429
153.55026
153.580383
153.885447
153.909556
153.93333
154.247708
154.485372
154.613637
155.519879
155.754232
155.792677
156.508542
156.915245
157.479405
158.513669
158.716727
159.52976
160.206754
160.246896
160.527075
161.982398
163.073633
163.262901
164.789515
165.11903
166.002614
167.906308
169.751982
169.809676
170.509437
170.842621
171.185804
171.296343
176.301
176.686363
177.509573
177.614704
180.176066
182.068113
182.328509
182.922316
183.008615
183.167845
184.770678
185.648508
186.69354
187.090952
187.102191
187.200975
187.659875
188.132712
188.526633
188.894097
188.965118
189.011176
189.286063
189.878886
189.902625
189.998918
190.289786
190.49361
190.738701
191.098989
191.249673
191.271543
191.286761
191.596604
191.96826
192.034738
193.126652
193.209956
193.226126
193.582788
193.872017
193.88335
193.975334
193.977693
194.349178
194.356608
194.364432
194.491323
195.267716
195.519604
195.966481
196.215399
196.640723
196.696942
196.867042
196.875697
196.924734
196.964191
197.041866
197.05971
197.268584
197.428191
197.471159
198.135106
198.238894
198.434833
198.502683
198.513806
198.635672
198.676512
198.784739
198.843414
198.944637
199.306653
199.321318
199.424064
199.676896
199.687842
199.699616
199.759814
199.850848
199.886689
199.913678
199.953615
200.008347
200.092812
200.227148
200.474136
200.47616
200.668173
200.717698
200.767618
200.930605
200.954123
201.125373
201.210475
201.442128
201.491552
201.743674
201.792011
201.909774
201.983897
202.035123
202.093147
202.107078
202.11287
202.143699
202.164418
202.363627
202.42224
202.510859
202.705474
202.721822
202.797387
203.241694
203.242736
203.278707
203.392509
203.599728
203.772593
203.790317
203.875864
203.890283
204.013514
204.061282
204.1368
204.187771
204.260156
204.354006
204.392392
204.559124
204.995755
205.067749
205.274808
205.285255
205.429383
205.532183
205.577711
205.684133
205.686237
205.735557
205.941302
205.957745
205.996909
206.100237
206.347544
206.388139
206.447577
206.615906
206.705475
206.926669
207.129942
207.284658
207.294597
207.313053
207.405756
207.502829
207.769272
207.852208
207.968818
207.989037
208.070468
208.13303
208.253108
208.327915
208.343932
208.34964
208.391583
208.480119
208.712477
208.764256
209.058979
209.061946
209.068802
209.232288
209.391342
209.498961
209.532061
209.575763
209.59785
209.606206
209.643275
209.713453
209.88093
210.094634
210.125755
210.155919
210.15762
210.491143
210.582283
210.693708
210.718116
210.822054
210.939615
210.989297
211.048758
211.084642
211.233528
211.262263
211.547483
211.734944
211.822348
211.862194
211.879273
211.926408
212.06341
212.063612
212.172158
212.223094
212.308514
212.428742
212.490582
212.806238
212.814865
212.889085
212.889644
212.91887
213.210376
213.212928
213.390615
213.430147
213.471646
213.485469
213.706774
213.806977
213.808947
213.967395
213.970783
213.996549
214.058108
214.131337
214.211096
214.236152
214.518798
214.541629
214.606766
214.891635
214.901331
214.921176
215.032542
215.041158
215.305526
215.482299
215.500227
215.527353
215.543225
215.57848
215.627849
215.73271
215.764922
215.924242
215.928412
216.120673
216.153549
216.208639
216.379384
216.383498
216.43909
216.533836
216.547499
216.664563
216.680364
216.749452
216.845496
216.915875
216.946773
216.952799
217.233694
217.342226
217.383441
217.494476
217.637652
217.874214
217.893327
217.908805
217.993452
218.285566
218.291647
218.374485
218.653065
218.666272
218.712435
218.738421
219.020325
219.064349
219.109748
219.166836
219.310826
219.380982
219.443549
219.488621
219.496097
219.663285
219.75769
220.005544
220.170783
221.278971
221.451062
221.458969
221.553104
221.682873
221.91278
222.047898
222.154504
222.278818
222.473677
222.474482
222.51968
222.580545
222.74226
222.94302
223.026518
223.23496
223.306484
224.047489
224.155077
224.357118
224.424592
224.815617
224.846731
224.896075
225.181153
225.30894
225.420767
225.530648
225.851696
225.968732
226.096522
226.161406
226.205776
226.333941
226.402398
226.566648
227.474928
228.682918
228.873647
229.142864
230.06552
230.302947
231.078825
232.651685
232.967929
233.044151
233.071154
233.272123
233.463528
233.735707
234.47616
235.042178
235.555491
236.243065
236.369973
237.510669
238.338602
238.665471
238.767601
238.909185
239.35938
239.45734
239.619319
240.495068
241.096067
242.307154
242.918136
244.150564
245.267033
245.735331
246.404423
246.718994
249.122061
250.19277
252.340564
254.04321
256.073364
259.202721
259.74985
260.994042
262.226681
267.707492
268.865574
269.474208
269.614689
275.05969
276.144941
281.263273
288.133204
288.23468
290.047654
290.63082
292.686157
295.124879
299.040128
300.245793
303.328552
303.814982
304.182255
304.62509
305.115686
305.954491
308.248249
310.50832
310.579811
311.500214
312.043918
312.18585
313.813372
314.140792
314.989949
315.033618
315.170009
315.797426
315.841769
317.036129
317.217031
318.301155
319.26062
319.499359
325.556518
340.359184
347.626381
348.41929
350.609696
365.976154
366.521801
367.747955
368.727956
370.286799
376.774251
383.755156
390.198835
395.342504
400.58988
409.31945
417.976638
421.956343
437.434953
444.642605
446.772112
509.618087
514.188038
554.3057
578.916805
599.433519
612.856168
619.865007
622.430645
628.801875
634.425311
635.785405
636.024785
636.202082
638.844418
641.348638
648.928614
649.8567
650.970908
655.287809
659.700139
661.437756
663.119262
663.669207
675.410143
675.764903
677.053941
678.225841
683.220913
683.889239
685.233581
687.433419
687.594744
688.250027
689.734667
690.634492
691.724075
692.072568
695.329671
696.871353
699.992176
703.002896
703.553466
705.221555
707.691678
710.023809
711.722507
711.795017
713.148221
713.796823
714.728127
715.792401
721.525019
721.814319
724.450886
728.127542
737.266012
740.609043
740.679834
744.266006
747.254023
752.108639
753.015337
757.130081
760.050984
760.966898
761.699435
762.493899
772.419217
773.15923
776.063058
778.619885
779.901338
784.914131
786.712061
787.90434
788.511212
793.448554
795.246099
802.162467
804.518508
805.510431
812.208255
813.157838
813.176056
814.606747
823.420837
826.07077
837.86385
852.527076
853.105493
877.043873
890.209376
977.007538
992.033377
1043.490964
1208.681272
1338.900467
1358.465399
2594.495485
3013.472937
3122.533415
6721.167144
7100.460417
7712.669088
9611.224376
10800.348111
10802.036187
10802.077461
10802.275618
10802.340266
10802.344381
10802.375491
10802.525192
10803.163813
