635.453041
669.487225
683.627613
708.225161
724.0858
727.142852
736.65337
751.051374
754.728586
757.479434
761.508852
764.364404
768.264212
768.464256
771.449454
772.326858
773.015369
775.773448
776.868952
779.54039
780.123806
781.611588
782.513869
782.759061
783.083869
783.90047
784.40501
784.838484
785.658536
786.09382
786.120517
786.384124
786.757949
787.246113
787.378353
787.618155
788.701699
788.959927
789.242244
790.154604
790.499694
790.875567
791.194275
791.646207
792.233722
792.370546
792.5717
792.920932
793.343985
793.433636
793.542642
793.733519
793.79939
793.826288
793.887594
793.896192
794.090516
794.104873
794.121677
794.307232
795.069298
795.185492
795.213837
795.41602
795.626353
795.803302
796.012042
796.096476
796.280874
796.382238
796.403138
796.506614
796.578981
796.59603
797.01712
797.300888
797.325563
797.611196
797.901837
797.932691
798.572863
798.620048
798.695089
798.861105
799.020359
799.254344
800.135687
800.22175
800.451859
800.568419
800.60022
801.058096
801.168873
801.500059
801.791084
802.584791
802.7022
802.790846
802.873478
803.042023
803.162887
803.265749
803.532433
803.561597
803.579149
803.690442
804.476762
804.513824
805.074534
805.183103
805.289572
805.552747
805.58439
805.679941
805.808235
805.810273
805.892462
805.896101
805.9561
806.041158
806.220161
806.353135
806.388685
806.839261
806.899381
807.002992
807.016157
807.045622
807.120392
807.549336
808.1344
808.293105
808.347571
808.40804
808.416351
808.425217
808.471365
808.561519
808.611376
808.873367
808.968046
809.160171
809.245041
809.314963
809.584582
809.596246
809.605395
809.710515
809.813007
809.859494
809.911891
810.001597
810.066161
810.116111
810.20116
810.257478
810.265205
810.393077
810.702094
810.830003
810.839182
810.975829
811.030481
811.363988
811.433971
811.589676
811.607523
811.639914
811.646078
811.787376
811.838344
812.021869
812.041321
812.093564
812.141625
812.151472
812.420451
812.541288
812.93886
812.942212
812.977155
813.116016
813.258681
813.289378
813.294191
813.312677
813.332966
813.715657
813.740261
813.78031
813.830887
814.0042
814.096001
814.114858
814.165784
814.171485
814.274672
814.274795
814.292387
814.322156
814.454737
814.464604
814.478034
814.55525
814.569541
814.817609
815.173546
815.249898
815.256705
815.317912
815.322125
815.417166
815.47674
815.635619
815.689841
815.730749
815.839578
815.851488
816.08899
816.184291
816.205529
816.234265
816.266556
816.497183
816.511382
816.518605
816.639405
816.804743
816.807914
816.88701
817.1359
817.154931
817.173897
817.18337
817.258464
817.31196
817.484371
817.624634
817.631945
817.694843
817.742832
817.956677
817.979456
818.151149
818.257895
818.359506
818.376274
818.582039
818.850544
818.905181
818.905739
818.960815
819.041365
819.119722
819.39497
819.423119
819.426989
819.439318
819.549806
819.559734
819.64089
819.650934
819.739775
819.788627
819.833932
819.873665
819.908626
819.954709
819.956048
820.073149
820.177789
820.210562
820.22185
820.40236
820.422542
820.435625
820.503831
820.557566
820.614752
820.682254
820.913341
821.009887
821.027552
821.241542
821.453446
821.516683
821.628312
821.707979
821.791147
821.797933
821.871153
822.026139
822.068062
822.124618
822.172514
822.299286
822.326429
822.461654
822.643932
822.779522
822.826251
822.834445
822.857161
822.862083
822.876621
823.111158
823.139797
823.235015
823.259701
823.347248
823.472172
823.476168
823.604945
823.782395
823.949175
823.971769
824.085355
824.259014
824.303787
824.310165
824.353036
824.394396
824.773532
824.779021
824.899161
824.966172
825.02388
825.133126
825.14136
825.161821
825.168473
825.170673
825.19516
825.21627
825.243145
825.247699
825.572328
825.611537
825.61792
825.701183
825.820387
825.879725
825.909599
826.057613
826.188326
826.20056
826.288897
826.51317
826.673436
826.752538
826.844354
827.111915
827.118238
827.193927
827.217137
827.35373
827.437971
827.942329
828.033245
828.043807
828.091192
828.119055
828.163282
828.238843
828.266882
828.332505
828.368658
828.411079
828.437693
828.486112
828.649016
828.723383
828.806493
828.953893
828.969838
829.088745
829.152588
829.209752
829.215319
829.23623
829.288124
829.473002
829.553467
829.678084
829.691348
829.804197
829.874579
830.106664
830.189629
830.233122
830.284652
830.316951
830.382718
830.40626
830.456483
830.503261
830.505862
830.613825
830.638235
830.654031
830.675589
830.721284
830.86908
830.93438
830.954864
831.041822
831.098735
831.191908
831.217314
831.223144
831.277638
831.32672
831.379993
831.409452
831.455437
831.476553
831.546578
831.774033
831.933388
832.016864
832.023518
832.106777
832.119926
832.208751
832.358022
832.474245
832.517219
832.782205
832.860352
832.947982
832.980419
833.174063
833.249626
833.306694
833.402416
833.50103
833.646484
833.662103
833.761339
833.776952
833.807839
833.810276
833.823371
833.978716
833.981934
834.022371
834.10758
834.213217
834.300846
834.329281
834.380651
834.417937
834.562862
834.588605
834.656259
834.668385
834.903974
834.922669
834.935034
834.947154
834.950477
834.958765
835.123903
835.179711
835.207933
835.272754
835.278897
835.384112
835.426039
835.478486
835.495757
835.49684
835.512705
835.5476
835.67327
835.706783
835.746927
835.774014
835.806782
836.039141
836.051389
836.09715
836.180926
836.186756
836.413829
836.432159
836.459711
836.498039
836.638458
836.680935
836.761691
836.763692
836.810692
836.841225
837.117402
837.146126
837.156446
837.163369
837.256342
837.293373
837.320553
837.379017
837.577494
837.589852
837.604507
837.609661
837.679373
837.856638
837.917211
837.954879
838.031128
838.051454
838.076516
838.080184
838.081701
838.089392
838.146248
838.151541
838.196987
838.247432
838.329416
838.511668
838.538453
838.582895
838.614608
838.639702
838.653805
838.696257
838.744471
838.797052
838.854566
838.873294
838.875423
838.932329
839.098716
839.101003
839.106797
839.244482
839.265384
839.273227
839.283952
839.328451
839.433318
839.580224
839.587214
839.615496
839.635234
839.713318
839.727957
839.748815
839.809894
839.878157
839.899741
839.902974
839.93186
840.11538
840.142113
840.206173
840.389438
840.549148
840.630663
840.666465
840.769769
840.77973
840.859439
840.880965
840.914942
841.074101
841.074124
841.083694
841.116126
841.126527
841.139771
841.215301
841.215306
841.509464
841.520561
841.542363
841.636031
841.644977
841.673463
841.677728
841.711128
841.724566
841.738915
841.773446
841.809104
841.823551
841.826672
841.841441
841.877519
842.009701
842.174059
842.303813
842.315992
842.473762
842.494834
842.508281
842.538969
842.57507
842.627034
842.679777
842.738081
842.887367
843.055202
843.109684
843.118438
843.20389
843.221664
843.259071
843.338976
843.576367
843.582695
843.751507
843.785321
843.800739
843.968762
844.005277
844.045471
844.071152
844.08169
844.116385
844.206894
844.218365
844.23422
844.271242
844.396473
844.640266
844.724327
844.7976
844.897647
844.968031
845.10967
845.307816
845.336072
845.345371
845.560586
845.701404
845.705397
845.746792
845.8016
845.950135
845.981131
846.109818
846.15168
846.165812
846.286558
846.407614
846.43682
846.461731
846.602956
846.615176
846.643878
846.651382
846.65506
846.739542
846.849316
846.871101
846.896031
846.937383
846.970496
846.989664
847.01583
847.079674
847.15288
847.163649
847.181354
847.186783
847.22647
847.259809
847.262417
847.404693
847.420715
847.431647
847.575185
847.592767
847.650364
847.65679
847.673183
847.736758
847.783629
847.81946
847.881001
848.038181
848.06355
848.141314
848.143314
848.210004
848.23018
848.251936
848.316576
848.322194
848.358712
848.370229
848.390553
848.396996
848.405429
848.434105
848.506262
848.534854
848.540025
848.623604
848.634766
848.743616
848.747933
848.793499
848.8884
848.931334
848.982999
849.012449
849.094108
849.327077
849.356589
849.379975
849.445542
849.501723
849.556501
849.572455
849.576751
849.790405
850.034441
850.043254
850.100062
850.123023
850.181185
850.187522
850.19605
850.198578
850.320476
850.322567
850.413602
850.494859
850.507841
850.515713
850.565426
850.598383
850.599723
850.603027
850.643604
850.644386
850.665732
850.67191
850.681868
850.707751
850.768742
850.786867
850.790681
850.987681
851.153331
851.236782
851.238292
851.289051
851.2913
851.310569
851.330203
851.502247
851.513378
851.583186
851.589304
851.605468
851.665533
851.68001
851.731074
851.769214
851.782228
851.801072
851.866698
851.92051
852.006377
852.072229
852.174217
852.230795
852.26576
852.29457
852.329556
852.355757
852.368868
852.381397
852.393939
852.437483
852.444538
852.467063
852.468077
852.484262
852.530477
852.67875
852.875749
852.881166
852.882684
852.950335
852.985951
852.994337
853.076985
853.155788
853.280962
853.369249
853.429181
853.457319
853.550115
853.639185
853.802957
853.894517
853.918357
853.921058
853.968433
853.995707
854.113937
854.195891
854.198136
854.239263
854.276798
854.345083
854.348789
854.362928
854.515638
854.544706
854.655334
854.698837
854.742731
854.762324
854.798955
854.859751
854.931032
855.048031
855.107665
855.129936
855.137134
855.150176
855.15911
855.203455
855.239743
855.303448
855.33018
855.364332
855.3688
855.45988
855.491547
855.631513
855.648749
855.702828
855.706252
855.729859
855.745974
855.779903
855.814848
855.874186
855.893383
855.922892
855.930024
855.978624
855.991893
856.008791
856.067624
856.083699
856.096994
856.128822
856.147301
856.166393
856.219829
856.271107
856.576193
856.585006
856.657333
856.71745
856.791673
856.924731
856.939712
856.952877
856.983247
856.99124
857.18185
857.194833
857.226098
857.315049
857.472592
857.495589
857.538255
857.591588
857.632668
857.633313
857.639736
857.683453
857.737612
857.752842
857.756019
857.76595
857.77614
857.789979
857.81354
857.833752
857.969229
858.078714
858.121055
858.144075
858.170305
858.198047
858.230886
858.262294
858.276862
858.28215
858.325442
858.356603
858.361422
858.361592
858.420179
858.444341
858.45705
858.49711
858.528239
858.579676
858.654468
858.681642
858.692134
858.762984
858.788928
858.833473
858.85788
858.909003
858.912164
858.913707
859.008198
859.049944
859.1612
859.246715
859.287548
859.429278
859.430432
859.462946
859.473524
859.477333
859.530571
859.551682
859.776715
859.796509
859.805594
859.896326
859.957385
860.036199
860.05187
860.067274
860.113112
860.187688
860.270759
860.273194
860.307793
860.337079
860.418347
860.439946
860.474711
860.47604
860.527909
860.590184
860.627678
860.643588
860.763322
861.10366
861.218923
861.357748
861.434901
861.530875
861.600385
861.602044
861.736214
861.847291
861.875903
861.946887
861.980968
862.005987
862.034115
862.083757
862.115275
862.13709
862.168123
862.18309
862.205792
862.234669
862.263454
862.271322
862.285962
862.294727
862.410713
862.415537
862.462532
862.637279
862.859599
862.889286
862.956681
862.993786
862.997693
863.062483
863.100643
863.128115
863.169397
863.238753
863.286037
863.292046
863.370159
863.385757
863.463065
863.49277
863.497836
863.542594
863.553271
863.596014
863.654834
863.705082
863.869049
863.874444
863.986565
864.073148
864.1196
864.127319
864.354727
864.379071
864.420513
864.433305
864.476625
864.516418
864.710361
864.766738
864.816496
864.970244
865.067852
865.079326
865.109826
865.139932
865.142826
865.160031
865.186223
865.238253
865.255943
865.290161
865.318166
865.338402
865.365635
865.388011
865.390704
865.44443
865.542258
865.555042
865.620324
865.766539
865.855945
865.954629
865.970741
866.231371
866.23288
866.272356
866.28129
866.298315
866.366571
866.369033
866.410875
866.417026
866.467629
866.518007
866.533276
866.585402
866.637224
866.686953
866.740448
866.740689
866.846475
866.91734
866.973575
867.031878
867.110738
867.165633
867.236764
867.286581
867.371973
867.4066
867.434121
867.446445
867.673702
867.71678
867.764323
867.778084
867.811225
867.914117
867.939638
868.009824
868.010597
868.060444
868.066684
868.106169
868.117238
868.172492
868.173316
868.175366
868.230025
868.256882
868.310591
868.330112
868.343371
868.360518
868.400372
868.510067
868.516531
868.524741
868.543612
868.559869
868.679871
868.72785
868.734591
868.834756
868.924559
869.122397
869.142232
869.217863
869.228855
869.267504
869.275925
869.498887
869.501062
869.547101
869.608169
869.635289
869.652117
869.679681
869.742605
869.767612
869.789351
869.850519
869.861362
869.913029
869.97183
869.97899
869.99113
869.998064
870.052172
870.098643
870.133289
870.172415
870.209311
870.273788
870.371858
870.406952
870.481718
870.490562
870.500845
870.612894
870.612957
870.652278
870.713163
870.805886
870.949427
870.98172
871.043364
871.0933
871.144693
871.145931
871.167198
871.181841
871.32748
871.378629
871.417665
871.474893
871.487047
871.53897
871.540574
871.556281
871.565653
871.598902
871.65982
871.67464
871.761678
871.768986
871.778565
871.795191
871.79626
871.796683
871.806209
871.903339
871.960461
871.967407
872.014646
872.069082
872.074664
872.211796
872.239857
872.256184
872.326583
872.328765
872.396634
872.441907
872.483342
872.51138
872.571486
872.585966
872.677472
872.773045
872.791492
872.865682
872.89067
872.926483
872.953578
873.020228
873.148067
873.248968
873.266422
873.28963
873.307733
873.339665
873.411605
873.413421
873.459886
873.645328
873.666097
873.726165
873.810487
873.89545
874.016395
874.045119
874.079122
874.104162
874.144313
874.155701
874.197688
874.207886
874.253789
874.271657
874.357936
874.364874
874.472322
874.524539
874.573635
874.584941
874.586827
874.648332
874.656356
874.686974
874.802194
874.804249
874.857494
874.92582
874.942913
875.059862
875.153136
875.405467
875.422523
875.44253
875.464627
875.477525
875.588742
875.65377
875.700513
875.705246
875.711454
875.72095
875.801479
875.82839
875.898003
875.900115
875.956998
876.028335
876.037782
876.157059
876.171605
876.19401
876.231241
876.294175
876.355624
876.378456
876.378891
876.382773
876.423334
876.476084
876.517233
876.531424
876.533774
876.547286
876.599311
876.615918
876.629667
876.638086
876.656867
876.677567
876.70322
876.740324
876.746801
876.833052
876.957005
876.996641
877.062733
877.121716
877.124285
877.145937
877.14982
877.463643
877.478161
877.481036
877.504401
877.516688
877.532
877.586073
877.63126
877.700384
877.746927
877.785511
877.789081
877.79292
877.810999
877.838149
877.862688
877.925869
877.959598
878.018962
878.100808
878.216576
878.230454
878.237727
878.287659
878.320318
878.353813
878.377752
878.385117
878.419133
878.472499
878.588845
878.620172
878.643718
878.691941
878.723404
878.737482
878.779058
878.86192
878.868697
878.975609
878.988869
879.006339
879.008034
879.082822
879.129883
879.264829
879.269062
879.365245
879.413214
879.503531
879.504142
879.536604
879.57833
879.64476
879.651186
879.662405
879.672064
879.702627
879.721827
879.755178
879.845212
879.969109
880.021002
880.054885
880.071395
880.10264
880.114538
880.117404
880.130838
880.148332
880.155302
880.20697
880.207302
880.29797
880.298327
880.304916
880.430846
880.442326
880.591978
880.612519
880.635744
880.646349
880.688403
880.695994
880.726373
880.734367
880.904852
880.965681
880.970167
881.125999
881.146418
881.157211
881.208271
881.220649
881.242428
881.295351
881.360265
881.364458
881.36811
881.52144
881.526619
881.530708
881.573869
881.657548
881.733841
881.777656
881.853064
881.869589
881.90375
881.918302
882.0268
882.040103
882.051135
882.073858
882.083178
882.124307
882.14368
882.159984
882.174228
882.261448
882.36645
882.420248
882.42309
882.438394
882.475069
882.561807
882.586159
882.626558
882.690581
882.698776
882.706335
882.740962
882.741862
882.75805
882.797152
882.872233
882.899398
883.008202
883.045365
883.130886
883.187911
883.27933
883.298007
883.304036
883.401123
883.405592
883.471876
883.480984
883.497724
883.510202
883.551147
883.571972
883.581569
883.589724
883.610116
883.651021
883.679426
883.773346
883.850051
883.852459
883.866741
883.891545
883.916976
884.035025
884.045711
884.128372
884.161835
884.164706
884.166272
884.205554
884.347525
884.354798
884.384857
884.393469
884.409912
884.469461
884.525062
884.525987
884.535728
884.570845
884.612366
884.651562
884.703392
884.710206
884.73083
884.782103
884.794243
884.812238
884.835486
884.848428
884.897943
885.007952
885.013125
885.032546
885.036541
885.038996
885.230295
885.328755
885.426854
885.443906
885.491893
885.519306
885.527821
885.560016
885.615935
885.62926
885.654397
885.79122
885.79207
885.819302
885.824653
885.856058
885.857167
885.932995
885.943555
885.946435
885.953901
886.105625
886.110962
886.137651
886.144203
886.164563
886.324592
886.355342
886.452885
886.45666
886.480517
886.49458
886.52604
886.580401
886.643062
886.711521
886.72358
886.775446
886.840485
886.884568
886.983894
886.996044
887.05999
887.066069
887.067786
887.087968
887.09399
887.116091
887.242802
887.254991
887.274058
887.277199
887.292692
887.347905
887.349037
887.394892
887.41051
887.464654
887.515384
887.560168
887.573142
887.655655
887.663581
887.66555
887.673547
887.703839
887.774185
887.803846
887.807672
887.86311
887.914037
887.933826
887.939836
888.068061
888.136146
888.148101
888.222051
888.264927
888.29377
888.315638
888.512288
888.600512
888.685179
888.8246
888.879295
888.899339
888.915944
888.963676
888.994355
889.090174
889.156823
889.252308
889.265141
889.282336
889.288872
889.322978
889.327317
889.334458
889.341639
889.353673
889.39519
889.397672
889.460303
889.505676
889.511935
889.686031
889.708262
889.798673
889.808038
889.819275
889.848034
889.889907
889.913795
889.928121
889.942294
890.003694
890.083615
890.117347
890.135321
890.198097
890.227198
890.291315
890.308306
890.335571
890.39976
890.414585
890.441526
890.444208
890.453328
890.458893
890.485334
890.602676
890.646942
890.655517
890.673996
890.689224
890.833055
890.880048
890.9868
890.995134
891.053723
891.113009
891.147929
891.165198
891.219324
891.250393
891.346442
891.409269
891.42427
891.460251
891.496385
891.497237
891.526316
891.574082
891.589788
891.597069
891.654454
891.809909
891.864078
891.864157
891.875176
891.89347
891.980517
891.982531
891.995592
892.002892
892.058259
892.061988
892.100197
892.110342
892.17757
892.185452
892.220927
892.261414
892.281455
892.357541
892.388444
892.526369
892.540266
892.544268
892.559906
892.560131
892.58989
892.599967
892.618504
892.626332
892.725918
892.7272
892.740855
892.752909
892.754788
892.892624
892.931607
893.072751
893.075264
893.113599
893.186913
893.208519
893.239536
893.266142
893.282
893.313378
893.348924
893.412999
893.457281
893.458124
893.565226
893.580155
893.610042
893.745107
893.804686
893.884717
893.922542
893.971365
893.990105
894.002278
894.057304
894.065907
894.076824
894.091654
894.146113
894.170541
894.183808
894.291716
894.3416
894.352968
894.356275
894.392657
894.444476
894.489936
894.565577
894.575878
894.704763
894.759098
894.822447
894.849443
894.900167
894.917186
894.947024
895.007077
895.013906
895.042923
895.06611
895.089054
895.103346
895.121675
895.344901
895.351659
895.366813
895.454815
895.504651
895.544908
895.560038
895.574968
895.586779
895.603301
895.661928
895.677521
895.711992
895.714927
895.805174
895.858929
895.865864
895.913933
895.928514
895.940705
895.968407
895.971111
895.988658
896.01484
896.03598
896.096928
896.149548
896.168359
896.194044
896.212305
896.224758
896.249739
896.292685
896.29507
896.34218
896.459859
896.52241
896.588889
896.626748
896.635398
896.66796
896.699744
896.724515
896.831874
896.880987
896.90763
896.954996
896.962716
896.989637
896.990494
897.047572
897.154308
897.170678
897.379931
897.450927
897.487413
897.572979
897.796907
897.914758
897.962234
898.051184
898.076003
898.092852
898.106857
898.125902
898.209759
898.232408
898.288935
898.305596
898.370068
898.370286
898.384763
898.45765
898.472507
898.605831
898.773675
898.820752
898.822875
898.863948
898.875847
898.911152
898.920365
898.941223
898.948267
898.96131
898.9904
899.02482
899.061863
899.143532
899.239277
899.250713
899.252636
899.254808
899.280983
899.301902
899.415857
899.495728
899.535266
899.550128
899.590406
899.617838
899.638654
899.639677
899.685578
899.795403
899.83576
899.885896
900.034699
900.07999
900.150577
900.161759
900.324245
900.362007
900.374381
900.402111
900.403508
900.423543
900.433372
900.437893
900.513546
900.531787
900.573051
900.640629
900.6952
900.75675
900.799794
900.818281
900.882989
900.975816
900.994383
901.003299
901.023686
901.053077
901.05968
901.180581
901.208715
901.249199
901.297415
901.311925
901.32167
901.354102
901.357768
901.362377
901.424438
901.474599
901.481159
901.59788
901.612828
901.641765
901.66449
901.712656
901.781938
901.883841
901.904796
901.928091
901.931
901.941705
901.973727
902.062747
902.077251
902.120566
902.122279
902.135442
902.14097
902.184124
902.346757
902.360262
902.394237
902.471497
902.500097
902.502666
902.568486
902.586247
902.587931
902.633695
902.634642
902.664864
902.745844
902.748546
902.75509
902.880305
902.905061
902.917933
902.959121
902.973083
902.989065
902.990965
903.012246
903.029683
903.036727
903.080269
903.16396
903.179532
903.185408
903.211489
903.363835
903.401415
903.475171
903.51746
903.539176
903.551575
903.582673
903.671552
903.707009
903.748833
903.956178
903.974607
904.054256
904.054418
904.126134
904.174362
904.239509
904.360892
904.367147
904.372902
904.391267
904.39973
904.458054
904.524537
904.554657
904.598752
904.621746
904.784614
904.814956
904.868355
904.877445
904.91088
904.948363
905.044561
905.108939
905.131043
905.178285
905.196415
905.21142
905.264672
905.268656
905.316686
905.394622
905.446855
905.509565
905.635173
905.676907
905.70196
905.747515
905.81043
905.899831
905.950687
905.963764
906.001434
906.001577
906.091421
906.178873
906.274394
906.311733
906.344868
906.443547
906.455846
906.51595
906.534758
906.588704
906.661117
906.695069
906.733721
906.742675
906.86131
906.900338
906.978332
907.018248
907.019884
907.05391
907.05582
907.137683
907.148208
907.190489
907.203523
907.225738
907.278752
907.341449
907.364662
907.414843
907.442872
907.477976
907.524313
907.61372
907.666614
907.805751
907.922593
907.931104
907.952461
907.968699
907.972273
908.03559
908.038238
908.058865
908.106389
908.125744
908.166085
908.167975
908.223075
908.261646
908.263815
908.295161
908.326208
908.382292
908.477728
908.549684
908.555506
908.566167
908.645791
908.68961
908.700974
908.767885
908.862176
908.884633
908.918579
908.927721
909.015126
909.044031
909.074557
909.163162
909.21216
909.415339
909.415675
909.421042
909.592746
909.672706
909.782529
909.800226
909.804784
909.815296
909.894754
909.933623
909.960122
910.149175
910.15587
910.256262
910.301061
910.326546
910.407073
910.55836
910.670103
910.720971
910.748073
910.78727
910.860584
910.861591
910.933161
910.943652
910.97164
911.026829
911.044206
911.055912
911.135479
911.197001
911.231113
911.290018
911.544268
911.572563
911.687356
911.75141
911.777469
911.780248
911.8189
911.82541
911.849477
911.934395
911.945504
912.039516
912.088822
912.104354
912.126833
912.145695
912.231846
912.233524
912.269288
912.322493
912.398264
912.566851
912.577631
912.652562
912.721937
912.746895
912.756227
912.767179
912.852166
912.857292
912.91627
912.96369
913.151986
913.179431
913.18638
913.218227
913.225694
913.446479
913.487211
913.537418
913.538404
913.568539
913.764432
913.767435
913.780739
913.793439
913.794084
913.896781
913.906671
914.108515
914.13167
914.159573
914.17848
914.182946
914.304044
914.352709
914.440216
914.519284
914.604789
914.647277
914.702661
914.70939
914.844319
914.86684
914.944371
915.208628
915.348954
915.361468
915.39574
915.398261
915.408466
915.438745
915.475751
915.510882
915.572816
915.594286
915.722025
915.776009
915.805801
916.078544
916.115186
916.121511
916.230561
916.24918
916.265157
916.290347
916.347227
916.598592
916.637073
916.810573
916.859858
916.973238
917.076737
917.110404
917.225942
917.246778
917.259698
917.265794
917.323418
917.32834
917.409477
917.411201
917.448334
917.501397
917.534306
917.596986
917.639991
917.662292
917.702447
917.729139
917.843877
917.943538
917.982852
918.014252
918.025813
918.053018
918.058153
918.120248
918.276767
918.366452
918.47239
918.497219
918.524676
918.563814
918.616324
918.63951
918.665604
918.673881
918.691571
918.694121
918.701392
918.72461
918.893741
918.932598
918.955243
919.319238
919.32973
919.370764
919.536681
919.688924
919.724423
919.837993
919.867068
919.874411
919.922794
919.985877
920.065148
920.088487
920.144435
920.214042
920.259222
920.263412
920.42091
920.455772
920.525242
920.551149
920.596311
920.599904
920.638879
920.677303
920.731052
920.846547
920.903958
921.145409
921.17846
921.269548
921.369171
921.379743
921.396695
921.577436
921.687315
921.786157
921.838283
921.863284
921.88127
921.978678
922.000344
922.024294
922.04565
922.147112
922.280369
922.334765
922.479948
922.524539
922.561721
922.646522
922.655883
922.840514
922.89148
922.896851
922.92188
922.921987
923.036331
923.214189
923.218216
923.35031
923.71387
923.734321
923.753536
923.769113
923.882719
923.942488
923.972292
923.991811
924.01267
924.069292
924.183488
924.203828
924.362177
924.465131
924.474774
924.541018
924.843564
924.885355
924.890801
924.934258
924.959024
924.992769
925.00375
925.094349
925.119737
925.142085
925.170748
925.205182
925.333778
925.693161
925.715126
925.754092
925.815208
925.951254
925.984667
926.05785
926.063649
926.315296
926.338416
926.401479
926.448958
926.486207
926.545028
926.584245
926.735762
926.78596
926.807564
926.822633
926.84387
926.949029
927.26864
927.366375
927.494118
927.684939
927.68613
927.956491
928.040584
928.121956
928.151964
928.555055
928.576427
928.644918
928.744966
928.864947
929.005044
929.017772
929.168961
929.190662
929.547331
929.72978
929.781468
929.845452
929.958235
930.166383
930.275138
930.419472
930.610298
930.612662
930.668721
930.711395
930.840336
930.986625
931.21038
931.368488
931.721352
932.072025
932.113774
932.287565
932.308113
932.720268
932.914769
933.008617
933.472254
933.54562
933.578982
933.714763
933.775163
933.921267
933.967251
934.057789
934.130822
934.205618
934.328064
934.453165
934.495478
934.668287
934.672614
934.689065
934.792741
934.794069
934.963465
935.022103
935.050021
935.144642
935.200578
935.239279
935.349724
935.431457
935.521544
935.571923
935.636366
935.712742
935.798435
935.801048
935.901137
936.204278
936.216853
936.249202
936.262328
936.680863
936.72789
936.96998
937.254038
937.326634
937.376476
937.631907
937.636648
937.894249
938.047325
938.418543
938.60709
938.624557
938.680951
938.854574
938.995227
939.0356
939.5774
939.598917
939.632193
939.72828
940.123042
940.241064
940.26064
940.32077
940.333507
940.370855
940.667062
940.826889
940.91456
940.938498
941.241068
941.265849
941.956045
942.139192
942.350047
942.463105
942.816244
943.074062
943.550981
943.991739
944.117829
944.405183
944.745312
944.854381
944.974007
945.595117
945.60705
945.987746
946.071355
946.203688
946.251487
946.567702
946.869333
947.023472
947.281242
947.304624
947.580341
947.964221
948.125422
948.678452
948.681929
948.749901
948.827974
949.043633
949.058467
949.086691
949.09041
949.17584
949.332047
949.727353
949.799162
949.846514
950.048824
950.532654
950.629695
950.711726
951.008062
951.184158
951.347648
951.452929
951.489148
951.644735
951.857689
952.008102
952.068457
952.193181
952.445885
952.508297
952.577592
953.055517
953.28697
953.866474
953.958568
954.109674
954.118356
954.890913
954.952804
955.483538
955.722367
955.791792
956.227741
956.30028
956.313258
956.382595
957.755059
957.786999
958.047628
958.78526
958.817651
959.043497
959.963715
960.571047
960.92071
961.031125
961.293499
961.670615
961.821764
961.879007
962.16131
962.343392
962.541616
962.805131
963.132146
963.361997
963.415864
963.852581
964.204969
964.698461
964.717975
964.84286
964.980861
965.330686
965.469517
965.64731
965.666779
965.804625
966.610258
967.190655
967.464448
968.01127
968.295513
968.388628
969.552307
969.793193
970.050932
970.151657
971.151562
971.455407
972.041873
972.19954
972.302413
972.631945
972.770018
973.264484
973.72102
975.59327
975.968568
976.261953
976.30644
976.731194
977.920068
978.035501
978.264478
979.003659
979.431762
979.616981
979.97474
980.423208
980.785014
981.01154
981.112409
981.274596
981.302666
981.959689
982.468351
984.965697
985.371615
985.563001
986.504891
987.001364
987.788605
988.798274
988.934805
989.163994
989.46199
989.836182
990.673417
990.712868
991.019449
991.700725
992.536157
992.985683
993.324273
993.773489
994.118875
994.230424
994.657067
995.093926
995.569934
996.817985
997.043744
997.062257
997.670164
997.7452
998.143959
998.406554
998.846023
999.233744
999.258791
1000.130936
1000.1662
1000.198962
1000.4558
1000.769746
1000.893727
1001.256818
1001.512009
1001.904818
1002.385413
1002.54507
1003.2704
1003.441721
1003.520864
1003.583795
1004.118953
1005.367431
1005.740049
1005.756058
1010.057444
1010.093857
1011.171254
1011.469335
1013.644621
1016.080969
1016.911033
1016.967215
1019.619578
1026.084702
1026.553817
1028.50897
1028.509112
1028.588826
1028.997901
1029.116823
1030.46203
1032.20726
1033.150755
1033.328651
1033.555712
1035.083046
1035.111226
1036.15989
1037.695567
1037.936179
1038.316364
1038.562952
1039.226221
1039.48846
1039.56792
1040.785261
1041.782153
1043.898948
1044.923522
1047.839085
1048.832937
1048.834155
1049.005603
1051.727745
1054.149424
1056.522272
1059.440481
1063.924269
1064.588783
1066.080686
1072.389899
1083.822436
1088.9117
1102.410259
1103.389206
1125.404461
1139.754369
1155.163436
1184.041548
1191.846707
1230.813811
1262.679235
1348.736374
1518.842415
1807.42157
2164.420925
5971.543577
8049.370767
