15.12487
18.954395
22.134698
139.929034
141.897364
144.450555
146.177883
146.913674
147.867104
149.899952
150.715917
151.282151
151.771642
152.090536
152.111337
152.816092
152.933606
154.247708
154.485372
156.508542
165.11903
167.906308
169.751982
176.301
177.614704
180.176066
182.068113
182.328509
183.008615
184.770678
187.659875
189.878886
189.902625
190.289786
190.738701
191.271543
193.126652
193.226126
193.872017
193.975334
193.977693
195.267716
195.519604
196.964191
197.041866
197.268584
198.238894
198.434833
198.513806
199.306653
199.886689
199.953615
200.954123
201.743674
203.242736
203.772593
205.532183
205.686237
206.347544
206.447577
207.769272
209.391342
209.606206
210.939615
211.862194
213.390615
213.706774
213.996549
216.153549
216.915875
216.946773
217.383441
217.908805
219.663285
219.75769
226.096522
227.474928
233.044151
234.47616
238.767601
245.267033
245.735331
256.073364
259.202721
269.474208
304.182255
310.579811
312.18585
317.217031
319.499359
383.755156
400.58988
444.642605
514.188038
554.3057
578.916805
599.433519
638.844418
661.437756
663.119262
675.410143
677.053941
689.734667
692.072568
705.221555
721.525019
737.266012
744.266006
747.254023
753.015337
760.050984
773.15923
805.510431
814.606747
837.86385
977.007538
1208.681272
1338.900467
1358.465399
2594.495485
3122.533415
7712.669088
10802.036187
10802.340266
10802.344381
10802.375491
10802.525192
10803.163813
