179.326468
211.446352
229.6071
232.640792
242.440632
242.79518
246.997467
250.837147
253.444574
256.588882
256.866797
259.244825
263.594209
268.883586
270.969237
274.767747
279.323917
281.092308
283.679675
287.641747
287.817331
288.456828
294.646885
297.361517
312.767847
317.058493
319.861861
325.597839
327.478065
327.883899
329.74596
330.662504
333.444491
333.602785
333.909253
334.387431
334.540491
334.995703
335.162859
335.29352
335.316252
335.378278
335.566026
336.154176
336.238837
336.473556
336.572854
336.665309
336.72512
336.736244
336.760857
336.855018
336.902088
337.113681
337.259888
337.30297
337.527925
337.594032
337.706102
338.005194
338.007013
338.322072
338.381919
338.472067
338.616705
338.649207
338.698169
339.104093
339.21577
339.217797
339.234929
339.311335
339.504332
339.680489
339.71658
339.72547
339.783724
339.884041
339.917045
339.920865
340.144911
340.18341
340.242184
340.271342
340.376989
340.519007
340.647802
340.725678
340.727157
340.891978
340.955432
340.955764
340.970134
341.019663
341.020369
341.043286
341.047199
341.075107
341.096991
341.100081
341.167527
341.191636
341.247176
341.258611
341.336196
341.374493
341.491378
341.540697
341.560043
341.635372
341.75659
341.835114
341.836767
341.867591
341.869955
341.880033
341.896659
341.917675
341.953367
341.969864
342.025993
342.030327
342.056091
342.128234
342.17386
342.191922
342.247343
342.306795
342.354951
342.404996
342.471587
342.509679
342.510892
342.540892
342.547099
342.580495
342.658855
342.689172
342.693307
342.696267
342.708267
342.727303
342.729737
342.749836
342.980658
342.984627
342.99369
343.006396
343.014294
343.043267
343.073487
343.077188
343.126946
343.135703
343.159779
343.180849
343.225685
343.235729
343.237554
343.282105
343.375588
343.410047
343.497158
343.506281
343.56138
343.730729
343.755738
343.755939
343.757763
343.759854
343.798531
343.845742
343.86067
343.867902
343.899532
343.911366
343.913665
343.932976
343.984532
344.137786
344.151864
344.194727
344.196449
344.248881
344.27873
344.281759
344.326718
344.349767
344.360432
344.370295
344.373302
344.398573
344.414206
344.476966
344.499874
344.509294
344.519417
344.527842
344.546488
344.565545
344.597753
344.606153
344.610686
344.622681
344.647696
344.650041
344.650249
344.666796
344.689488
344.716791
344.747497
344.795576
344.860366
344.867284
344.907768
344.918177
344.944446
344.954116
344.957317
344.972449
344.993852
344.995838
345.003991
345.052111
345.078525
345.081055
345.10069
345.110258
345.129625
345.133057
345.144235
345.157454
345.168626
345.197821
345.20164
345.206981
345.210767
345.218201
345.24659
345.26374
345.293184
345.297296
345.298238
345.319302
345.33983
345.37065
345.381251
345.395834
345.409203
345.422253
345.431681
345.442416
345.471407
345.497533
345.501618
345.532297
345.546658
345.596186
345.665723
345.686843
345.705636
345.743467
345.745216
345.746323
345.764502
345.772926
345.807936
345.810035
345.835211
345.903402
345.908904
345.910111
345.913833
345.929341
345.961959
345.987411
346.002899
346.009732
346.042592
346.046273
346.062405
346.070086
346.130892
346.164677
346.167981
346.184828
346.192417
346.196377
346.19952
346.201925
346.210816
346.21738
346.223745
346.232566
346.253861
346.313546
346.31488
346.331177
346.342252
346.354124
346.391789
346.424852
346.425358
346.532258
346.580276
346.584508
346.591157
346.597432
346.599511
346.608156
346.623743
346.624042
346.666441
346.666456
346.711314
346.725135
346.748997
346.790967
346.79315
346.804553
346.812822
346.830541
346.868194
346.886971
346.923302
346.948363
346.967796
346.97434
346.979208
346.99892
347.00196
347.025449
347.02731
347.036112
347.038038
347.038288
347.042307
347.048931
347.060893
347.064969
347.071449
347.072708
347.08019
347.093281
347.095031
347.097552
347.098236
347.102327
347.111267
347.127482
347.128287
347.1912
347.219823
347.23149
347.233042
347.240346
347.24104
347.267682
347.271824
347.294075
347.299569
347.312432
347.328458
347.336637
347.339964
347.346341
347.350752
347.383001
347.393374
347.465825
347.489045
347.49138
347.541895
347.557151
347.580079
347.586257
347.588037
347.591147
347.622066
347.648416
347.674442
347.680832
347.687373
347.693896
347.71815
347.726076
347.726772
347.739743
347.73991
347.749405
347.752006
347.763828
347.779815
347.805314
347.810245
347.838357
347.848844
347.856691
347.872932
347.880832
347.887057
347.8943
347.906211
347.918977
347.920364
347.925822
347.930336
347.936546
347.942911
347.953057
347.956109
347.960261
347.974225
347.9923
348.031481
348.067496
348.081319
348.099197
348.103457
348.118997
348.129171
348.134277
348.141657
348.148831
348.162235
348.213343
348.252217
348.270008
348.276867
348.299395
348.338829
348.339424
348.35528
348.357791
348.371476
348.394018
348.396348
348.403251
348.406563
348.407105
348.412699
348.481092
348.488323
348.494477
348.495107
348.498544
348.535199
348.56196
348.574496
348.577603
348.584934
348.595291
348.600494
348.618457
348.627713
348.667221
348.668171
348.672927
348.709631
348.722918
348.726815
348.742363
348.751443
348.767597
348.768412
348.775679
348.780412
348.783108
348.787339
348.801801
348.804211
348.813247
348.819253
348.833052
348.834519
348.861405
348.865747
348.874651
348.879695
348.882587
348.898353
348.905169
348.924326
348.930195
348.942012
348.953571
348.954454
348.989736
349.011817
349.018933
349.038054
349.049933
349.052415
349.054382
349.069312
349.071612
349.084597
349.087462
349.089396
349.093515
349.09549
349.095855
349.102868
349.110797
349.122525
349.129023
349.135346
349.14864
349.149058
349.150267
349.163106
349.170285
349.180453
349.197709
349.237287
349.241677
349.254083
349.264766
349.265518
349.268001
349.272145
349.274658
349.284928
349.302581
349.311077
349.31471
349.31981
349.319856
349.321786
349.329593
349.356966
349.391147
349.395592
349.414213
349.422483
349.439246
349.452989
349.47127
349.476173
349.483049
349.487935
349.514785
349.518462
349.524603
349.536364
349.558228
349.57531
349.623402
349.638191
349.644774
349.654593
349.655829
349.663326
349.682376
349.70737
349.717557
349.726879
349.767622
349.774491
349.786017
349.807888
349.828889
349.829983
349.834241
349.839855
349.850966
349.863826
349.894812
349.907356
349.915977
349.916136
349.922096
349.93961
349.955198
349.956888
349.973336
349.974327
349.975359
349.976123
349.983709
349.987972
349.99361
350.02164
350.024931
350.046435
350.049921
350.060198
350.071354
350.104889
350.10493
350.119038
350.130129
350.130461
350.133808
350.135044
350.140734
350.144549
350.149273
350.159794
350.180768
350.2096
350.236852
350.254123
350.268273
350.276451
350.29273
350.294746
350.297854
350.309748
350.314496
350.341328
350.413149
350.41362
350.509108
350.52268
350.52957
350.555288
350.555619
350.574455
350.608026
350.620873
350.626304
350.629306
350.632606
350.635012
350.638241
350.650657
350.653002
350.666949
350.678016
350.696952
350.704366
350.706526
350.807446
350.811729
350.814182
350.820977
350.839499
350.848974
350.855189
350.857184
350.858957
350.870998
350.880602
350.883927
350.884336
350.886811
350.895168
350.895746
350.896648
350.898196
350.9014
350.90275
350.909597
350.919673
350.955328
350.972989
350.976694
350.980428
350.981736
350.984839
350.990193
350.997987
351.007586
351.016297
351.016781
351.023619
351.028587
351.032099
351.035324
351.036888
351.042423
351.053059
351.075051
351.088211
351.096874
351.118814
351.13117
351.133993
351.139908
351.190653
351.213131
351.227122
351.229083
351.234324
351.249786
351.257687
351.259125
351.260378
351.285962
351.287597
351.288074
351.288407
351.310256
351.322403
351.338664
351.35515
351.361087
351.365722
351.374413
351.377037
351.38061
351.389759
351.389814
351.397889
351.408374
351.423463
351.435427
351.457453
351.461326
351.465303
351.478685
351.485798
351.492872
351.493839
351.520206
351.530444
351.550082
351.563124
351.563318
351.588541
351.600349
351.603517
351.612939
351.61472
351.615204
351.619915
351.628011
351.63003
351.640928
351.64297
351.644101
351.645444
351.662274
351.671037
351.701132
351.706715
351.728232
351.728501
351.737468
351.744245
351.750322
351.775752
351.790969
351.792197
351.804202
351.817792
351.825131
351.830218
351.835404
351.853108
351.897233
351.908999
351.911999
351.91421
351.91475
351.951976
351.97456
352.016906
352.019971
352.022068
352.029932
352.035058
352.035727
352.042681
352.046027
352.046596
352.051474
352.060719
352.064906
352.065041
352.065391
352.071606
352.08751
352.097302
352.101878
352.111631
352.118384
352.119698
352.146468
352.151682
352.153125
352.171304
352.194912
352.198618
352.199982
352.213653
352.235566
352.240893
352.24493
352.251464
352.293923
352.306842
352.310928
352.321345
352.328963
352.335036
352.342267
352.354646
352.370329
352.379874
352.386007
352.397316
352.399518
352.406787
352.435925
352.455444
352.458256
352.461125
352.504582
352.505303
352.518403
352.539468
352.561092
352.57239
352.572403
352.612413
352.619333
352.629504
352.645004
352.677853
352.687843
352.69962
352.702221
352.703657
352.704675
352.708968
352.709147
352.743397
352.746968
352.756194
352.761118
352.768833
352.771013
352.774913
352.785473
352.800667
352.804894
352.805399
352.806458
352.818127
352.822199
352.844766
352.845155
352.85626
352.858602
352.860414
352.863916
352.90441
352.908755
352.912803
352.923568
352.930124
352.968781
352.985032
352.986208
352.993705
353.01225
353.015204
353.026017
353.028718
353.035153
353.041465
353.042256
353.063995
353.072182
353.080545
353.082439
353.08596
353.094578
353.10023
353.110337
353.133967
353.160269
353.171195
353.186928
353.193859
353.19697
353.199019
353.200434
353.213139
353.22881
353.231961
353.233531
353.235994
353.238756
353.243362
353.244947
353.251467
353.253976
353.267548
353.276155
353.280448
353.297278
353.303962
353.33106
353.344988
353.357788
353.364456
353.364524
353.368586
353.386601
353.38962
353.390766
353.408939
353.417122
353.421258
353.432103
353.441708
353.442156
353.446049
353.44623
353.466456
353.466589
353.469604
353.474373
353.480255
353.49248
353.497943
353.515721
353.519049
353.519601
353.532917
353.558473
353.573451
353.579538
353.579655
353.580713
353.583084
353.592733
353.596873
353.606308
353.608053
353.616729
353.62571
353.62795
353.629263
353.637384
353.653273
353.670172
353.673398
353.681819
353.701207
353.702861
353.713625
353.719656
353.738788
353.751329
353.751818
353.757522
353.759594
353.769335
353.777179
353.796926
353.798173
353.826885
353.83237
353.852116
353.880688
353.892086
353.892902
353.896996
353.89788
353.899146
353.900652
353.922769
353.935155
353.949351
353.953744
353.962347
353.963737
353.968553
353.974409
353.979831
353.981389
353.990916
353.998887
354.001295
354.023987
354.025376
354.047361
354.050474
354.050477
354.058084
354.068564
354.071892
354.074838
354.088212
354.105116
354.133401
354.138256
354.145357
354.173896
354.185015
354.210451
354.221139
354.221567
354.248425
354.265336
354.28064
354.294836
354.304447
354.308899
354.31991
354.337309
354.33908
354.348956
354.352948
354.369496
354.389841
354.411749
354.41679
354.426331
354.448938
354.450721
354.456391
354.460462
354.462277
354.465173
354.478575
354.483391
354.49072
354.540331
354.541756
354.557718
354.577441
354.57942
354.584544
354.61246
354.640236
354.642845
354.644791
354.651423
354.668106
354.679234
354.684169
354.702543
354.703179
354.715332
354.716561
354.72038
354.732204
354.741764
354.760857
354.763923
354.773418
354.799333
354.804157
354.82661
354.838327
354.847487
354.848034
354.851601
354.859839
354.865937
354.871211
354.885226
354.912213
354.919148
354.919162
354.922065
354.93048
354.951928
354.958273
354.965011
354.973248
354.977483
354.978327
354.982439
354.996138
354.99696
355.035621
355.037424
355.055812
355.057536
355.060036
355.060268
355.07258
355.074487
355.075207
355.077484
355.078535
355.080342
355.091259
355.105338
355.116564
355.125466
355.129984
355.132155
355.146064
355.147738
355.154532
355.194823
355.194858
355.212094
355.222563
355.224222
355.224636
355.240995
355.253007
355.27561
355.288922
355.298544
355.302042
355.313025
355.324651
355.328457
355.341694
355.351779
355.356345
355.356622
355.361344
355.379193
355.380975
355.381601
355.381912
355.388444
355.398009
355.400388
355.411252
355.419437
355.430044
355.431041
355.470621
355.475606
355.482621
355.496997
355.518039
355.518458
355.523478
355.541594
355.567943
355.580456
355.588525
355.591185
355.591976
355.59535
355.609167
355.631849
355.65217
355.661564
355.674678
355.67552
355.711735
355.722113
355.72603
355.727435
355.742717
355.763427
355.768091
355.781542
355.804836
355.808611
355.828546
355.828776
355.835952
355.84069
355.845462
355.883637
355.88952
355.894531
355.900208
355.92917
355.936533
355.945668
355.947445
355.951703
355.956885
355.963004
355.965867
355.980757
355.987652
355.997518
356.000659
356.012468
356.014234
356.022611
356.025116
356.027593
356.028453
356.036295
356.057247
356.105667
356.110739
356.136404
356.142373
356.150411
356.163655
356.169362
356.187187
356.204337
356.214906
356.230353
356.232501
356.236632
356.246013
356.257733
356.273595
356.288651
356.294687
356.306093
356.308553
356.310925
356.310966
356.321213
356.333482
356.340118
356.348769
356.351266
356.356136
356.364859
356.371583
356.380124
356.388649
356.406912
356.408815
356.409733
356.419157
356.425112
356.436423
356.441391
356.459682
356.484068
356.48763
356.530162
356.532976
356.553476
356.553908
356.561025
356.561921
356.574839
356.60896
356.609618
356.618441
356.619887
356.62942
356.629646
356.638454
356.653095
356.663369
356.693023
356.709879
356.722393
356.739028
356.776968
356.789955
356.792255
356.792287
356.798964
356.807361
356.820487
356.853331
356.857001
356.867446
356.894875
356.901392
356.904691
356.914649
356.923848
356.932496
356.938719
356.946927
356.949706
356.950332
356.962068
356.96513
356.972971
357.005608
357.008565
357.010594
357.013559
357.021083
357.029042
357.03949
357.045731
357.082399
357.101715
357.107135
357.116058
357.119559
357.154225
357.17132
357.179766
357.186345
357.194179
357.204256
357.223363
357.233266
357.252154
357.265595
357.268297
357.285095
357.293448
357.316905
357.331532
357.339615
357.374764
357.380282
357.390038
357.394322
357.395482
357.429333
357.44457
357.445154
357.467382
357.468434
357.485439
357.492722
357.500316
357.508017
357.5262
357.533537
357.544292
357.549328
357.576997
357.586638
357.590153
357.595032
357.646259
357.649759
357.654518
357.659685
357.666636
357.679162
357.680859
357.684392
357.688214
357.698876
357.709366
357.713711
357.718866
357.721204
357.72159
357.742351
357.754657
357.757292
357.764477
357.770267
357.781012
357.781103
357.82732
357.834915
357.835879
357.847378
357.858918
357.886336
357.900978
357.907422
357.908356
357.912608
357.939215
357.969944
357.975626
357.97869
358.007153
358.008029
358.01305
358.021751
358.029864
358.039466
358.051515
358.081778
358.082692
358.083099
358.083693
358.087341
358.087934
358.089489
358.089549
358.121507
358.124279
358.124881
358.13447
358.135358
358.140871
358.170303
358.176327
358.180129
358.213797
358.232022
358.236524
358.238824
358.25005
358.272537
358.284088
358.291535
358.313386
358.318207
358.320251
358.332258
358.377178
358.382292
358.408648
358.430395
358.448432
358.45289
358.457178
358.475422
358.495834
358.503047
358.507474
358.511779
358.519533
358.600218
358.624596
358.630822
358.655855
358.661094
358.667564
358.668704
358.705015
358.708798
358.720972
358.735071
358.737213
358.742829
358.766387
358.800229
358.801524
358.802334
358.865978
358.866602
358.890498
358.898799
358.909256
358.910191
358.912759
358.913181
358.932024
358.934635
358.940431
358.963218
358.963487
358.969458
358.988538
359.016369
359.022274
359.0287
359.029149
359.034777
359.06292
359.139432
359.140978
359.141856
359.147131
359.14901
359.158295
359.171954
359.172871
359.18561
359.21313
359.220078
359.23959
359.263228
359.266238
359.302607
359.309459
359.311746
359.314439
359.330553
359.332635
359.355499
359.376359
359.394817
359.406672
359.427316
359.45544
359.462559
359.474189
359.536358
359.555638
359.570435
359.582547
359.587985
359.590069
359.637959
359.638462
359.653041
359.658812
359.667026
359.669087
359.69964
359.725202
359.768928
359.769304
359.778264
359.786464
359.797913
359.808438
359.821732
359.82318
359.824802
359.834141
359.835474
359.836665
359.839018
359.865433
359.868347
359.873757
359.926105
359.932344
359.950102
359.956206
359.985016
359.988239
359.988736
359.995115
359.997301
360.022147
360.033196
360.047025
360.047803
360.048189
360.089454
360.09006
360.105565
360.161974
360.165574
360.20494
360.236582
360.240531
360.257265
360.291074
360.291977
360.312262
360.327454
360.33394
360.367768
360.369932
360.385464
360.415021
360.453183
360.459736
360.460914
360.462694
360.481161
360.500535
360.546441
360.560166
360.564394
360.571466
360.576635
360.594309
360.595037
360.615155
360.627068
360.633181
360.634481
360.639105
360.660675
360.670795
360.67179
360.683612
360.695713
360.70149
360.726916
360.733503
360.778523
360.788264
360.791205
360.826782
360.82937
360.831524
360.865736
360.877669
360.885806
360.886699
360.901098
360.925252
360.929401
360.936709
360.947747
360.948096
360.963109
360.964228
360.981491
361.01382
361.020061
361.026531
361.035776
361.040424
361.06474
361.073243
361.08154
361.08449
361.086712
361.089337
361.09012
361.107805
361.120462
361.13615
361.14026
361.151874
361.1569
361.171584
361.193082
361.198275
361.199993
361.248681
361.256008
361.2569
361.260893
361.271934
361.272447
361.318641
361.330914
361.332009
361.334969
361.345121
361.354906
361.358418
361.368529
361.370082
361.390764
361.440125
361.442865
361.444275
361.448046
361.459173
361.471958
361.472268
361.483801
361.484098
361.504619
361.528399
361.533315
361.570063
361.586052
361.607323
361.653301
361.663369
361.663813
361.665284
361.67016
361.670528
361.673457
361.674401
361.678415
361.715267
361.729626
361.758556
361.775422
361.78615
361.790182
361.796908
361.797705
361.825151
361.833383
361.85623
361.874004
361.906263
361.916333
361.924531
361.932174
361.934164
361.934186
361.992762
361.999273
362.003834
362.046219
362.055359
362.074432
362.104354
362.118278
362.13094
362.133074
362.134063
362.145051
362.159675
362.164061
362.170246
362.180147
362.196538
362.213208
362.214629
362.236025
362.239368
362.257596
362.267925
362.269584
362.277482
362.277974
362.283934
362.295676
362.299118
362.308023
362.312639
362.32793
362.329472
362.346455
362.348194
362.357508
362.384318
362.417798
362.41966
362.449409
362.465802
362.471159
362.48038
362.494783
362.49705
362.503041
362.515627
362.522961
362.523499
362.529868
362.569518
362.570271
362.598571
362.616317
362.641286
362.643571
362.660964
362.66955
362.674968
362.678015
362.694811
362.709024
362.735088
362.74022
362.758474
362.759137
362.777881
362.81975
362.819967
362.830713
362.843803
362.859437
362.864862
362.904599
362.905677
362.935309
362.943198
362.988003
363.013612
363.017327
363.017519
363.037931
363.040928
363.044183
363.056965
363.062708
363.087333
363.091636
363.122098
363.137911
363.152549
363.175593
363.177366
363.189599
363.201424
363.242964
363.268267
363.275771
363.283349
363.295717
363.29596
363.304891
363.307418
363.320492
363.340307
363.342634
363.350756
363.362692
363.366929
363.375496
363.381908
363.408843
363.410314
363.411383
363.463659
363.466067
363.471748
363.490707
363.497055
363.514614
363.518747
363.52176
363.523755
363.543395
363.607339
363.607954
363.669023
363.683649
363.700236
363.705479
363.78307
363.785464
363.824495
363.828223
363.846745
363.858698
363.882771
363.919997
363.929522
363.950898
363.990702
364.008927
364.025667
364.025812
364.036149
364.040904
364.050523
364.052426
364.069021
364.070152
364.14393
364.153016
364.210662
364.223397
364.242543
364.274419
364.327821
364.338754
364.414621
364.445306
364.455991
364.485864
364.491557
364.532918
364.538463
364.541291
364.567672
364.569627
364.608909
364.634273
364.647194
364.65017
364.65536
364.660023
364.6643
364.713313
364.719751
364.722122
364.730194
364.753325
364.776373
364.778108
364.840405
364.844673
364.872029
364.886799
364.920207
364.932249
364.955735
364.959724
364.977244
365.030516
365.041084
365.072918
365.109011
365.134421
365.137726
365.200596
365.216693
365.277419
365.290915
365.315703
365.348892
365.378067
365.39902
365.430107
365.431325
365.447014
365.47574
365.476044
365.481552
365.482001
365.485959
365.529209
365.543357
365.555956
365.572605
365.591067
365.592201
365.609474
365.642293
365.701281
365.702544
365.710257
365.719524
365.719689
365.72133
365.738829
365.739741
365.742651
365.779349
365.803434
365.828789
365.829244
365.864163
365.902696
365.904375
365.936307
365.952178
365.981643
365.98723
366.004121
366.009475
366.023566
366.064953
366.084206
366.093892
366.116371
366.149958
366.152584
366.167149
366.17053
366.188192
366.210224
366.223042
366.225647
366.241293
366.247728
366.252584
366.258067
366.260903
366.275256
366.294269
366.299
366.300768
366.33123
366.343882
366.344231
366.348594
366.38163
366.407766
366.425322
366.431154
366.434471
366.443947
366.444607
366.459156
366.464305
366.474491
366.480307
366.486901
366.513472
366.52226
366.523083
366.535896
366.557222
366.597846
366.597956
366.608277
366.612459
366.613093
366.640733
366.699195
366.772313
366.78446
366.78846
366.840928
366.841935
366.855979
366.930598
366.952526
366.962988
366.964337
366.995445
367.00825
367.071894
367.072454
367.072618
367.081099
367.08624
367.109372
367.118343
367.168813
367.171438
367.196792
367.199096
367.204551
367.21388
367.231144
367.245162
367.249868
367.254741
367.268317
367.313334
367.36215
367.364571
367.36623
367.376216
367.400439
367.407254
367.423927
367.429316
367.441739
367.457516
367.487417
367.488421
367.491263
367.559796
367.56198
367.684508
367.694454
367.695655
367.706137
367.712034
367.732824
367.768755
367.776321
367.778146
367.788642
367.793069
367.845168
367.856671
367.927714
367.953165
367.989234
367.995581
368.021509
368.041327
368.071954
368.101072
368.106494
368.111516
368.148933
368.164134
368.181145
368.233896
368.285682
368.294185
368.336844
368.338085
368.35889
368.389998
368.402789
368.411659
368.42864
368.440135
368.455991
368.47362
368.480394
368.494865
368.533611
368.560213
368.560964
368.577288
368.613191
368.615158
368.625511
368.665537
368.675666
368.678384
368.751582
368.774095
368.808226
368.816895
368.869895
368.875899
368.910488
368.918401
368.925903
368.997197
369.035887
369.072051
369.080441
369.0818
369.096607
369.099069
369.148983
369.155011
369.187789
369.204936
369.261577
369.284766
369.296833
369.318067
369.384069
369.427503
369.451527
369.476375
369.497519
369.52487
369.541839
369.601344
369.681186
369.685886
369.707714
369.752371
369.766983
369.775088
369.807816
369.835885
369.908447
369.927147
369.962949
369.971741
369.975177
369.985592
370.009928
370.039757
370.082071
370.176112
370.180682
370.192811
370.202418
370.202923
370.230933
370.32652
370.347298
370.435421
370.446026
370.450494
370.477359
370.481025
370.530934
370.559672
370.590592
370.594544
370.599643
370.607046
370.625369
370.627879
370.652402
370.692738
370.694672
370.717754
370.747315
370.787998
370.808068
370.86059
370.863134
370.905
370.913643
370.921546
370.94015
370.974691
370.993025
371.032976
371.055679
371.059429
371.061305
371.161006
371.211683
371.319062
371.326215
371.33944
371.345681
371.378611
371.406466
371.478479
371.548358
371.56653
371.577329
371.5938
371.596739
371.616084
371.646477
371.6748
371.692613
371.765987
371.83439
371.880845
371.902286
371.902461
372.018782
372.02974
372.04482
372.081312
372.142905
372.275981
372.31555
372.384769
372.38705
372.41209
372.412802
372.463976
372.464894
372.467561
372.471388
372.517273
372.520068
372.609618
372.625308
372.740462
372.755971
372.765638
372.770757
372.837695
372.877398
372.91962
372.944612
372.974101
373.010453
373.015617
373.114504
373.244568
373.313792
373.314316
373.330542
373.365917
373.388133
373.393597
373.423119
373.433771
373.454662
373.53202
373.594369
373.609042
373.626034
373.648238
373.652888
373.701162
373.754965
373.812096
373.82255
373.967829
374.008544
374.023263
374.052981
374.055564
374.066181
374.097713
374.151724
374.183546
374.211377
374.219352
374.223282
374.242369
374.244093
374.30832
374.313586
374.364335
374.389962
374.423959
374.435275
374.448441
374.556092
374.565203
374.603544
374.657989
374.759785
374.814317
374.822576
374.912338
374.919669
374.947957
374.958925
375.055107
375.135006
375.165261
375.351397
375.419104
375.496344
375.578621
375.659058
375.685882
375.687682
375.712512
375.771034
375.822071
375.825035
375.859971
375.9126
375.947383
375.959118
375.96915
375.995638
376.124925
376.177825
376.203835
376.264512
376.29114
376.328169
376.385743
376.414283
376.451426
376.457756
376.52715
376.54374
376.565433
376.58465
376.628156
376.779757
376.782023
376.783905
376.798665
376.872158
376.955317
376.977516
376.991041
376.995566
377.09127
377.131441
377.176705
377.196706
377.203595
377.211139
377.425518
377.453675
377.463009
377.672988
377.788101
377.815282
377.818065
377.929763
378.020765
378.024041
378.06862
378.178276
378.37358
378.437382
378.506164
378.561658
378.580621
378.62948
378.62957
378.792128
378.840852
378.918206
378.944701
378.977003
378.993436
379.043884
379.201198
379.237856
379.254976
379.320659
379.337098
379.339127
379.386993
379.425442
379.527307
379.617808
379.638767
379.643644
379.690348
379.807917
379.815973
379.816383
379.8407
379.842787
379.996143
380.018677
380.109557
380.234288
380.299846
380.719362
380.809421
380.809849
380.851872
381.056573
381.122629
381.171915
381.355706
381.377279
381.392038
381.440127
381.47301
381.539065
381.575694
381.579837
381.693146
381.723106
381.819477
381.904039
381.980702
382.140019
382.406358
382.657674
382.675439
382.803305
382.810082
382.824238
382.988493
383.0442
383.057436
383.133752
383.194723
383.233514
383.361878
383.3827
383.636083
383.657364
383.772321
383.895492
383.905209
383.995678
384.148756
384.218633
384.25338
384.448735
384.682078
384.738291
384.854391
384.85577
384.993006
385.113924
385.185171
385.250986
385.339557
385.410123
385.437877
385.478729
385.492999
385.781085
385.826895
385.949684
385.956939
386.164147
386.176319
386.243806
386.292224
386.296252
386.428136
386.499778
386.639264
386.764498
386.804755
387.05786
387.152758
387.189915
387.225875
387.459152
387.474966
387.530957
387.596769
387.650674
387.704305
387.719559
387.789417
387.808386
387.848584
388.04229
388.045418
388.161939
388.263248
388.343481
388.527331
388.533437
388.554642
388.623112
388.692646
388.821217
388.977745
389.07347
389.182376
389.481946
389.512916
389.582275
389.88198
389.914937
389.942095
390.206819
390.235064
390.306502
390.36652
390.370876
390.417091
390.487874
390.603545
390.691211
390.760778
390.767743
390.862756
391.152452
391.357074
391.443851
391.764708
391.881194
391.910492
392.398745
392.55996
392.648372
392.677702
392.838692
393.257162
393.405998
394.631848
394.638646
394.840657
394.93079
395.216419
395.310837
395.430122
395.577163
395.658355
395.740758
395.927757
396.242091
396.478125
396.998658
397.108706
397.137733
397.255636
397.512312
397.803024
397.962134
398.134159
398.266978
398.387075
398.940881
399.0648
399.147291
399.197933
399.275381
399.75487
399.891732
399.907726
400.124753
400.160631
400.178235
400.378379
400.500249
400.643465
401.187512
401.618397
401.720006
401.748526
401.795166
401.938741
402.253109
402.409092
402.459254
402.907595
402.934407
402.977441
403.233789
403.234702
403.284466
403.712917
403.717414
404.333907
404.790513
405.00882
405.295613
405.323154
405.464115
406.018737
406.092244
406.403592
406.867551
406.888998
407.061289
407.091531
407.92574
408.359576
408.819703
409.234696
409.327365
409.695446
409.863407
410.391467
410.865552
410.970064
411.193679
411.727257
411.918779
412.534811
412.551514
413.229461
413.258966
413.297418
413.522257
414.348413
414.374892
415.743599
416.392098
416.514002
416.549687
417.166831
417.445863
418.997367
419.417204
419.638479
420.192423
420.451485
421.737031
424.571451
424.721467
425.849406
427.165802
427.359842
427.434433
431.928284
432.641073
433.890519
434.993669
445.579559
446.047375
446.345684
448.4242
453.369353
454.357304
455.828014
459.667705
461.063051
461.180755
463.141402
463.390055
465.467546
466.454186
466.805486
467.249526
467.592337
467.810558
468.798612
469.116997
469.212562
469.252454
469.459438
469.857185
470.059322
470.122233
470.131884
470.212206
470.434139
470.491625
470.862318
471.267733
471.618403
471.929199
472.329859
472.673242
473.411379
473.676293
473.826041
473.851224
473.894685
474.394328
474.476054
474.636006
474.90769
475.04813
475.143205
475.288514
475.470379
475.819349
476.107331
476.469424
476.511852
476.57591
476.809944
476.913401
477.501807
477.70129
477.726625
478.132285
478.15613
478.191977
478.28831
479.145983
479.371019
479.655862
479.721147
480.178166
480.244836
480.275321
480.599336
480.677129
480.770559
480.793145
481.117732
481.21235
481.260635
481.290374
481.396935
481.44595
481.461363
482.239843
482.338667
482.390677
482.424847
482.638032
482.924025
483.195201
483.794911
483.815108
484.124142
484.340097
484.763195
484.904541
485.062173
485.304381
485.362764
486.374647
486.499495
486.500685
486.723252
486.810056
487.086078
487.464063
487.622551
488.115466
488.217561
488.221988
488.243397
488.263103
488.549054
488.602791
488.902165
488.902354
489.04006
489.152799
489.228861
489.835533
490.388203
490.579737
490.64176
490.732424
490.871242
490.927001
491.34386
491.349645
491.386398
491.440435
491.47988
491.860119
492.512442
492.947137
493.123129
493.358084
493.51057
493.53155
493.80309
493.902286
494.255041
494.447235
495.223676
496.20079
496.768046
497.503358
497.681042
498.961282
500.210492
500.69693
502.515379
502.810172
503.275056
504.323286
506.143536
506.612408
506.724969
507.085963
508.049482
509.134458
509.251158
509.61219
510.220798
518.2374
519.543571
520.630446
525.584135
525.933346
525.984913
532.56359
536.367364
548.991699
550.138961
551.711441
553.513491
555.502106
559.450438
570.65438
578.372584
608.804025
657.419665
661.480077
744.499856
753.809775
778.455608
784.131481
809.467367
