33.768877
141.81279
143.929251
146.224032
148.389314
149.793381
150.408126
151.202925
151.387514
151.631605
153.093555
153.290876
155.385171
155.780236
159.30834
169.591488
176.582491
184.199706
185.508631
185.655037
187.236939
187.262232
187.323425
188.008942
188.338092
188.472037
189.733995
190.728844
192.632728
195.103739
195.304319
202.543104
204.206485
207.126901
213.170068
213.749204
215.601994
217.054799
217.527614
217.710369
218.447345
219.741306
220.469567
222.116737
241.329921
244.117845
255.319912
261.158617
264.555711
293.192488
304.948311
348.38494
392.181395
392.883792
