1.472057
1.475302
1.598643
7.062055
7.533509
7.770389
7.814494
7.918061
7.945466
8.033725
8.077121
8.3614
8.422848
8.442688
8.475627
8.535621
8.601975
8.627426
8.66764
8.713695
9.039828
9.173551
9.308972
9.312282
9.354434
9.472129
9.510108
9.792829
9.877534
10.026846
10.054036
10.193537
10.23827
10.294035
10.678323
10.725037
10.949091
11.055684
11.105499
11.236467
11.245879
11.271663
11.415015
11.458205
11.489341
11.490465
11.603753
11.645548
11.871254
11.888115
12.013931
12.077005
12.088507
12.374091
12.391688
12.450725
12.534583
12.718601
12.719138
12.910031
12.920683
13.08029
13.093608
13.181287
13.265263
13.276316
13.314183
13.33178
13.463977
13.470056
13.506063
13.806963
13.95825
14.167333
14.167656
14.203333
14.489127
14.524649
14.628401
14.715341
14.840741
14.871303
14.884933
14.977665
15.146956
15.190452
15.219016
15.360681
15.547888
15.577543
15.617299
15.804402
15.917029
16.034201
16.122794
16.185714
16.251218
16.387932
16.599325
16.607414
16.664434
16.807018
17.121269
17.321321
17.636609
17.791995
18.196755
18.223622
18.231309
18.272907
18.386618
18.570468
18.691268
19.158818
19.174256
19.406434
20.150644
20.386898
20.61658
20.827171
20.960978
20.962857
20.965575
21.062538
21.105231
21.493916
21.609288
21.745459
22.044468
22.150509
22.195266
22.371016
23.175967
23.632157
23.906972
24.244284
25.188941
25.199242
25.269364
25.648978
25.848075
27.010539
27.950832
27.977599
28.968608
29.480669
30.203609
30.626943
31.085744
31.340141
33.352073
33.768877
33.921502
34.009681
35.402201
35.949045
36.091061
37.707619
37.95239
38.416445
38.548308
39.521257
40.251017
41.637627
41.657792
42.158526
47.216611
47.36064
48.167656
48.605606
49.340787
49.661292
51.048865
51.111943
51.450154
53.681727
54.007242
54.416448
54.741959
54.818621
56.414323
56.963603
57.055711
57.324063
57.67609
58.610162
59.672617
59.850995
60.668664
60.957298
61.822196
62.168443
63.336594
63.579476
66.634347
66.634821
69.297735
77.281809
78.084525
78.521311
80.407964
81.00797
82.281387
83.079712
83.830841
86.487501
88.135706
88.533662
89.520776
89.871642
90.071283
91.840255
91.967985
94.053497
94.315986
94.891166
94.994036
95.174659
95.591371
95.76512
96.84908
97.529658
97.565495
97.610894
98.290811
98.333184
98.600588
100.530545
100.810303
101.465887
102.619812
104.638488
106.699677
106.741711
108.120743
108.233719
108.370495
109.758156
109.930479
109.933705
110.023162
111.513869
111.893441
112.024373
112.151609
112.875631
112.989624
113.20036
114.219766
114.455965
115.123037
115.308138
116.410408
116.628289
116.844486
117.092511
118.411688
118.741749
119.176582
120.053642
120.076013
120.101249
120.356336
120.384956
121.031227
121.094968
121.125179
121.42855
121.540035
122.348677
122.449311
123.00189
123.057426
123.085591
123.1438
124.090037
124.250165
124.283839
124.481589
124.99982
125.482685
125.50199
125.61146
125.717043
125.79277
126.05706
126.338611
126.391607
126.576262
126.60031
126.731602
126.984651
127.171613
127.262465
127.315491
127.730804
127.948969
128.090572
128.181906
128.222436
128.252396
128.424474
128.451749
128.616675
128.694061
128.738474
128.823892
128.827029
128.907179
129.100338
129.156631
129.38946
129.421328
129.674458
129.683618
129.797763
129.851858
129.901072
129.995446
130.008254
130.02894
130.427982
130.739104
130.806762
130.81952
131.177433
131.300829
131.302799
131.455507
131.809217
132.019815
132.144766
132.217483
132.588409
132.688626
132.728854
132.739317
132.873232
132.942433
133.121475
133.145537
133.581895
133.584122
133.809756
133.985885
134.257292
134.267272
134.688026
135.087569
135.266998
135.365308
135.580265
135.782556
135.8428
135.946197
136.011193
136.027366
136.267111
137.059134
137.142578
137.242376
137.260719
137.331723
138.026184
138.259454
138.467568
138.57951
138.667156
138.765092
138.839244
138.909435
138.988651
139.034118
139.052081
139.257149
139.829652
139.8574
139.865738
140.016193
140.249425
140.252018
140.3379
140.351027
140.495966
140.688673
140.72764
140.813833
141.300937
141.494968
141.81279
142.484358
142.942533
143.237162
143.322845
143.327918
143.618653
143.760242
143.897872
143.929251
144.160828
144.42389
144.639914
145.000818
145.483002
145.484208
146.029449
146.224032
146.818625
146.965542
146.975518
147.123116
147.179475
147.301319
147.756843
147.820803
147.900119
147.987674
148.168822
148.389314
148.763067
149.051825
149.101292
149.45331
149.793381
150.408126
150.70248
150.869109
150.955384
151.073227
151.202925
151.387514
151.544879
151.611368
151.631605
151.668608
151.884238
152.061366
152.119916
152.383777
152.73412
152.806754
152.971226
153.065493
153.093555
153.136617
153.290876
153.346041
154.642241
154.647233
154.655155
154.803682
154.97563
155.21166
155.278093
155.385171
155.456784
155.54727
155.603056
155.780236
156.116669
156.134563
156.307372
156.426104
156.514936
156.580934
156.592642
156.601401
156.839478
157.018907
157.223462
157.3414
157.368027
157.383273
157.385911
157.391693
157.854988
157.894874
157.958444
158.028678
158.066355
158.147377
158.155618
158.219003
158.415528
158.449826
158.562047
158.69205
158.705392
158.759892
158.846667
158.914699
159.024181
159.158251
159.189978
159.208206
159.263791
159.30834
159.413409
159.590427
159.604736
159.652139
159.724154
160.079188
160.645285
160.681096
160.811496
160.833429
160.898998
160.91685
160.995764
160.998397
161.093595
161.301986
161.341031
161.364498
161.415516
161.438644
161.48081
161.568143
161.59853
161.634497
161.674857
161.695891
161.705428
161.838212
161.860742
161.880963
161.935434
161.988912
162.026528
162.027498
162.308723
162.434663
162.503974
162.533824
162.661574
162.670774
162.749516
162.758112
162.797931
162.900185
162.910602
162.97052
162.98021
162.986954
163.071565
163.108582
163.118173
163.182364
163.272199
163.417492
163.422475
163.462874
163.476192
163.521347
163.526687
163.538108
163.649784
163.662065
163.686838
163.763198
163.839954
164.079328
164.107542
164.181846
164.181864
164.259529
164.262567
164.272784
164.309284
164.351918
164.362999
164.392464
164.419805
164.429896
164.433881
164.530585
164.63706
164.699197
164.745716
164.752057
164.834469
164.845447
164.859284
164.860067
164.933769
164.964351
165.041388
165.130893
165.135892
165.162247
165.183047
165.184442
165.275681
165.289207
165.314925
165.342775
165.343649
165.346156
165.390902
165.440942
165.449359
165.564956
165.572703
165.644899
165.734874
165.761011
165.810764
165.811867
165.817776
165.869387
165.885847
165.888635
165.923387
165.964087
165.996522
166.001732
166.034786
166.090702
166.131359
166.137934
166.265492
166.266136
166.268548
166.344917
166.345335
166.362615
166.410388
166.502499
166.511342
166.516937
166.529862
166.545323
166.593106
166.605313
166.613538
166.777195
166.793755
166.862913
166.870777
166.987125
167.006175
167.006634
167.047544
167.067045
167.067729
167.121358
167.158117
167.166299
167.171468
167.249303
167.286726
167.326762
167.332579
167.358511
167.360253
167.368802
167.414964
167.421542
167.433224
167.441549
167.443297
167.493338
167.500593
167.510804
167.544427
167.554226
167.561653
167.581254
167.693183
167.699196
167.765691
167.813601
167.858311
167.876337
167.90751
167.976706
167.980615
167.993395
168.020426
168.037468
168.041036
168.105544
168.137198
168.145391
168.146526
168.15484
168.162626
168.173096
168.192315
168.197596
168.219762
168.250528
168.250908
168.278534
168.298488
168.299391
168.300207
168.304728
168.351756
168.360461
168.373546
168.422756
168.502578
168.51844
168.5845
168.586069
168.685134
168.735758
168.740748
168.744792
168.850454
168.891479
168.8997
168.98224
168.990289
169.006404
169.009776
169.031975
169.049856
169.083054
169.130598
169.140138
169.142671
169.148929
169.182091
169.242645
169.263377
169.267213
169.274669
169.279594
169.288479
169.325831
169.326955
169.390609
169.396834
169.431736
169.475279
169.533354
169.539226
169.540931
169.563214
169.591488
169.592423
169.702872
169.739645
169.744244
169.753012
169.765461
169.780026
169.805595
169.809968
169.817326
169.832669
169.859138
169.869414
169.877197
169.9526
169.989183
170.016598
170.024717
170.03487
170.043126
170.077529
170.113229
170.116868
170.120923
170.157795
170.190823
170.195434
170.19975
170.220343
170.229438
170.245412
170.305343
170.324341
170.357855
170.429728
170.442063
170.543538
170.593665
170.599466
170.625076
170.62548
170.665456
170.681143
170.681604
170.726063
170.732833
170.736235
170.76973
170.782675
170.787734
170.801756
170.805756
170.820581
170.850092
170.860861
170.906215
170.946278
170.950982
170.987342
171.003823
171.007483
171.01979
171.019987
171.026306
171.045449
171.06011
171.064148
171.069037
171.070042
171.07141
171.147058
171.150566
171.22999
171.23529
171.249956
171.278311
171.290821
171.311234
171.352937
171.374667
171.385213
171.422746
171.442846
171.460524
171.478768
171.504661
171.552083
171.568842
171.600762
171.627943
171.660671
171.72369
171.737525
171.744137
171.745329
171.765752
171.912263
171.95414
171.957458
171.959133
172.013385
172.068572
172.099764
172.121688
172.16649
172.193378
172.209108
172.274034
172.29512
172.330138
172.335458
172.471517
172.496992
172.508027
172.515556
172.573026
172.642232
172.654857
172.663648
172.672759
172.683911
172.729443
172.731636
172.855913
172.867275
172.87537
172.887471
172.892296
173.002539
173.011147
173.030064
173.036467
173.093454
173.209493
173.22027
173.261648
173.265543
173.317382
173.326374
173.329204
173.334108
173.355486
173.399028
173.431615
173.462141
173.523053
173.533323
173.601818
173.622754
173.645643
173.669256
173.718678
173.722421
173.731212
173.757496
173.76042
173.768681
173.791154
173.817887
173.828966
173.834397
173.853534
173.87348
173.902847
173.931589
173.994106
173.995091
174.020205
174.028342
174.039509
174.051025
174.098298
174.147776
174.151742
174.163895
174.187094
174.258421
174.26444
174.271953
174.304106
174.308355
174.309331
174.338017
174.36718
174.432125
174.488596
174.499122
174.529001
174.545443
174.553329
174.558057
174.576882
174.600036
174.627974
174.658619
174.668745
174.686996
174.707769
174.762814
174.784142
174.790796
174.840743
174.864957
174.909015
174.909444
174.95741
175.000725
175.066209
175.099465
175.148193
175.158884
175.180472
175.20147
175.217175
175.260182
175.265385
175.360344
175.360882
175.373154
175.397169
175.449044
175.450666
175.474162
175.509715
175.542618
175.558687
175.569133
175.585951
175.605808
175.621959
175.649785
175.679589
175.685996
175.69396
175.696383
175.713553
175.726352
175.730814
175.734818
175.741882
175.77132
175.824321
175.870418
175.894458
175.895898
175.973426
175.981613
176.015418
176.051188
176.203936
176.210714
176.215938
176.270708
176.284744
176.28635
176.338627
176.34855
176.356466
176.387577
176.412641
176.465159
176.497065
176.529048
176.570524
176.582491
176.585
176.598863
176.648811
176.699012
176.776904
176.779943
176.780622
176.842705
176.877061
176.883314
176.909101
176.948482
176.97771
177.011976
177.029786
177.0587
177.064892
177.080061
177.086019
177.109733
177.111412
177.112023
177.174132
177.210044
177.236311
177.307042
177.310396
177.348009
177.357383
177.372239
177.404317
177.40977
177.455736
177.461373
177.463495
177.530979
177.535851
177.561116
177.60215
177.61047
177.619698
177.645845
177.652117
177.689722
177.69714
177.717365
177.725465
177.785842
177.799739
177.803773
177.804579
177.81484
177.832815
177.863695
177.871662
177.911149
177.922494
177.937561
177.940295
178.012076
178.033009
178.107423
178.11164
178.174272
178.198615
178.21367
178.235969
178.279616
178.28519
178.307279
178.331616
178.369243
178.375346
178.383092
178.429262
178.472621
178.491204
178.526633
178.527677
178.547062
178.551473
178.59651
178.597273
178.640817
178.668692
178.703744
178.727148
178.731221
178.775781
178.833256
178.846028
178.855791
178.860297
178.901205
178.907972
178.909774
178.91538
178.974212
179.001816
179.056814
179.093294
179.120429
179.168837
179.200274
179.29347
179.295515
179.338748
179.377594
179.444365
179.477636
179.481848
179.564031
179.577855
179.598544
179.653813
179.656836
179.659855
179.685436
179.743601
179.748094
179.776847
179.820242
179.885313
179.890816
179.89116
179.960752
179.984212
180.017638
180.025339
180.040234
180.042483
180.055328
180.055387
180.073452
180.091687
180.119356
180.121316
180.132142
180.136044
180.14437
180.157198
180.164687
180.2293
180.267615
180.295299
180.303124
180.340531
180.39109
180.457947
180.458225
180.467233
180.548073
180.619403
180.654648
180.667535
180.66833
180.725292
180.755141
180.819429
180.829218
180.857492
180.865258
180.87296
180.892307
180.90453
180.904928
180.922951
180.971831
180.998221
181.00441
181.039095
181.046906
181.057824
181.067654
181.06961
181.123654
181.16408
181.213464
181.347609
181.355048
181.35626
181.358089
181.370955
181.404824
181.456972
181.461063
181.46783
181.480903
181.492953
181.531949
181.554898
181.572943
181.573336
181.6061
181.643482
181.656606
181.719485
181.749489
181.784795
181.92576
181.937771
181.955029
181.957576
181.969919
181.97093
181.998296
182.023467
182.024825
182.072057
182.117625
182.132024
182.163057
182.175468
182.189998
182.238113
182.299872
182.329963
182.370785
182.440989
182.457329
182.54688
182.557001
182.568242
182.570561
182.647169
182.663742
182.670251
182.68289
182.802329
182.857391
182.887243
182.901918
182.917237
182.947027
182.961991
182.983991
183.02796
183.061416
183.099359
183.099952
183.128662
183.156503
183.20584
183.218176
183.244033
183.24647
183.248298
183.251277
183.314873
183.315184
183.340371
183.452088
183.478282
183.517039
183.530018
183.612311
183.62812
183.628974
183.652389
183.689795
183.734184
183.754719
183.780247
183.838373
183.917366
184.083106
184.156186
184.171802
184.173749
184.199706
184.235603
184.262116
184.270374
184.27815
184.278575
184.369247
184.41316
184.445794
184.505593
184.50763
184.568273
184.620283
184.709393
184.767841
184.771309
184.829601
184.848734
184.874179
184.891104
184.986466
184.993169
185.005828
185.007701
185.081781
185.140253
185.208878
185.235741
185.274527
185.326328
185.349654
185.508631
185.531774
185.655037
185.734325
185.94005
185.974728
185.994478
186.068287
186.073045
186.196997
186.226379
186.23677
186.240373
186.39691
186.465547
186.548364
186.584061
186.707352
186.747297
186.817787
186.918655
186.92027
187.098683
187.147586
187.167395
187.18424
187.236939
187.262232
187.323425
187.323962
187.374166
187.416912
187.454486
187.524934
187.52977
187.55526
187.566607
187.57852
187.613321
187.687969
187.716878
187.960402
188.008942
188.02808
188.083898
188.234726
188.245419
188.281374
188.282511
188.294327
188.338092
188.346274
188.368454
188.434385
188.472037
188.508828
188.555137
188.562926
188.643915
188.697582
188.745507
188.775707
188.817511
188.852467
188.908209
188.976447
189.039089
189.087213
189.183205
189.184223
189.300386
189.374635
189.426531
189.542097
189.558244
189.605372
189.628709
189.733995
189.749435
189.869169
189.883548
189.8953
189.921074
189.93676
190.052169
190.064908
190.136603
190.161331
190.192064
190.242252
190.260746
190.312463
190.33048
190.350753
190.427662
190.451273
190.613301
190.636852
190.666321
190.674215
190.705859
190.728844
190.772112
190.972207
190.987517
190.992218
191.016114
191.046719
191.049969
191.200656
191.226989
191.267851
191.625389
191.659316
191.682289
191.684879
191.818452
191.827369
191.933767
192.021146
192.15437
192.157253
192.297276
192.370368
192.468035
192.526458
192.536839
192.632728
192.717077
192.89291
192.957988
192.962779
193.002894
193.032417
193.050368
193.141135
193.486171
193.553628
193.580442
193.586604
193.595545
193.635759
193.659777
193.774847
193.820577
193.843806
193.908019
194.013809
194.067516
194.136013
194.191473
194.201797
194.349636
194.355309
194.624126
195.060555
195.103739
195.207052
195.235683
195.304319
195.369521
195.422182
195.62982
195.668786
195.885755
195.919804
195.963634
195.996721
196.015219
196.192819
196.915432
196.966228
197.004019
197.07556
197.227163
197.361131
197.698158
197.72252
197.844461
197.907705
198.289152
198.312098
198.312954
198.643415
198.884758
198.899679
198.938096
199.145279
199.373182
199.421113
199.488928
199.60049
199.602136
199.60322
199.808229
200.115575
200.84908
200.868659
201.096901
201.268075
201.704577
202.413719
202.477732
202.543104
202.774976
203.321209
203.947638
204.132664
204.206485
204.245464
204.398048
204.494022
205.016536
205.329973
205.38205
205.515146
206.216715
206.326711
206.614496
206.637767
207.126901
207.864097
208.089063
208.262007
209.117397
209.171122
209.489015
209.50949
209.564371
209.571936
210.374567
210.479211
210.944098
211.01696
211.26881
211.354483
211.478475
211.483636
211.569876
212.07102
212.105611
212.115125
212.354761
213.170068
213.347286
213.749204
214.266794
214.433578
214.996026
215.439477
215.492575
215.542304
215.595215
215.601994
216.126056
216.333337
217.054799
217.131129
217.45354
217.527614
217.710369
217.823816
218.003363
218.029322
218.328883
218.447345
218.800561
219.237516
219.680951
219.730197
219.741306
220.429347
220.446141
220.469567
220.911061
221.5011
222.116737
222.259525
222.622986
222.898953
223.472408
224.483092
224.903042
225.655614
225.715151
226.040024
226.065293
226.449103
226.579864
227.102445
227.556299
227.770439
228.51991
229.010543
229.370334
230.069159
230.412572
230.645424
230.988924
231.123423
231.133995
232.203906
232.736132
233.970159
234.554374
234.682222
235.296332
235.342935
238.009214
238.642451
239.509771
240.250281
240.516222
241.296565
241.329921
241.438859
241.878276
244.115395
244.117845
244.370395
244.7351
244.789515
244.793552
244.972239
245.305613
245.854405
246.028287
246.749638
247.037175
247.190904
247.425616
247.451187
247.598053
247.757461
247.790168
249.363643
249.585955
249.788226
249.83455
250.043862
250.08541
251.435737
251.694459
255.319912
255.75554
256.599171
257.060585
257.313723
257.864651
258.671548
258.798557
259.014537
259.741017
259.760595
260.008193
260.378287
261.158617
261.926752
262.779851
263.19099
264.17949
264.555711
264.820187
265.290813
265.708287
265.759202
266.037973
266.377319
267.605103
268.128597
268.85749
269.842479
270.142153
271.47208
271.671194
273.70918
273.960059
274.583027
274.846001
275.073561
275.225594
276.249218
276.415541
276.510595
276.85161
277.034
277.215749
277.348072
277.711095
277.715871
277.934995
278.034696
278.360833
278.44025
279.451121
279.982404
280.766535
280.781886
282.623745
285.247674
285.557676
285.619313
287.053438
287.278862
287.933675
288.429898
288.995136
289.079325
290.361056
290.403603
291.791749
292.624016
292.979489
293.192488
293.261671
293.505948
296.340897
296.48946
298.682533
299.143552
299.616926
299.824691
300.506501
300.993804
301.208837
301.335956
301.385317
301.440088
301.820301
301.823765
302.315356
302.595308
302.609123
304.368089
304.725013
304.79798
304.948311
304.970358
305.34047
305.455974
305.487616
305.802918
306.26804
306.269315
306.306687
306.434689
306.772896
307.189089
307.403469
307.431888
307.872241
308.137636
308.635725
308.641779
308.754897
308.89349
309.438157
309.838533
311.878012
312.213199
312.224075
313.117905
313.192392
314.477027
315.005474
315.076217
315.256724
315.511902
316.13306
316.566153
318.623799
318.641537
319.343599
319.370031
319.404386
319.922008
320.842608
323.483841
327.407562
328.90996
330.243645
330.696661
331.425349
332.982242
333.211622
334.013657
334.517155
337.760166
342.641078
342.944735
343.582092
343.734321
345.316778
348.38494
354.824703
355.071881
357.601118
357.650103
372.706606
374.453213
392.181395
392.883792
396.925201
397.490106
402.656061
412.148152
425.718688
427.426423
474.584438
506.438302
528.366631
532.213873
541.651153
589.600046
632.591865
1418.399696
1797.13909
6528.146708
