141.403229
141.864535
141.932878
144.356214
144.600884
145.998739
151.729527
156.121355
156.238291
158.195423
159.831614
163.295955
166.623585
170.813273
171.973452
171.997995
172.361536
174.033831
174.400749
176.017347
176.10267
176.862226
177.743981
178.00597
178.118024
178.330243
178.631728
178.660796
178.741325
178.80075
178.806356
178.816208
179.008534
179.742909
179.820536
179.922831
179.947605
179.983934
180.150366
180.27364
181.06399
181.194246
181.305827
181.346681
181.682324
181.691262
181.74578
181.774112
181.951857
181.995609
182.107774
182.155301
182.205679
182.256288
182.264307
182.352445
182.596575
182.696123
182.812652
182.818953
182.81951
182.912954
183.034033
183.096186
183.118
183.181412
183.225638
183.233552
183.420571
183.489447
183.597397
183.62333
183.773484
183.78989
183.879624
183.964777
184.099677
184.109203
184.328912
184.344496
184.345333
184.503088
184.67623
184.755284
184.84107
184.842658
185.039356
185.189485
185.273273
185.321815
185.403366
185.510057
185.520781
185.689222
185.766625
186.010356
186.034108
186.084947
186.261323
186.265371
186.30128
186.354677
186.368662
186.393441
186.589928
186.836841
187.000996
187.203537
187.231671
187.273047
187.588763
187.590716
187.732026
187.78089
187.793804
187.804069
187.867435
187.934524
187.999075
188.134479
188.24133
188.303863
188.376837
188.642923
188.79137
188.865769
188.933525
188.952218
189.052007
189.099608
189.114789
189.133199
189.146382
189.367113
189.411377
189.492303
189.512967
189.599325
189.626965
189.671958
189.721169
189.729627
189.734097
189.769355
189.784833
189.819419
189.843134
189.846349
189.919089
189.945157
190.066587
190.118893
190.128292
190.149753
190.174342
190.193179
190.236614
190.244832
190.270927
190.286908
190.307339
190.366901
190.444273
190.507569
190.531863
190.604497
190.612847
190.618853
190.628641
190.634992
190.635487
190.659748
190.660673
190.681251
190.707601
190.7133
190.730932
190.731732
190.779274
190.785904
190.788776
190.811003
190.864855
190.965613
190.988721
191.011517
191.032802
191.096517
191.156505
191.161656
191.217089
191.232356
191.242901
191.256489
191.2798
191.280691
191.298909
191.301996
191.330043
191.331413
191.360381
191.391826
191.40875
191.429401
191.462911
191.491387
191.49798
191.502998
191.503465
191.509914
191.521987
191.548412
191.592981
191.593113
191.597964
191.650494
191.676185
191.678532
191.692213
191.702601
191.708581
191.723446
191.723641
191.779461
191.787369
191.807388
191.80873
191.842796
191.868985
191.878798
191.9547
191.984215
191.989144
191.996929
192.025386
192.050496
192.077805
192.100913
192.15347
192.158264
192.160927
192.163368
192.188176
192.236629
192.288597
192.292291
192.307936
192.310822
192.316385
192.33907
192.344807
192.385223
192.398652
192.413764
192.428013
192.431518
192.50377
192.508815
192.509815
192.526409
192.546851
192.552527
192.599469
192.631644
192.660903
192.66202
192.663372
192.667135
192.684618
192.72683
192.734784
192.76544
192.778942
192.79697
192.798236
192.80154
192.816101
192.818138
192.823906
192.846555
192.848444
192.879372
192.883575
192.897252
192.905959
192.938221
192.956249
192.961245
192.972765
192.984625
192.990617
193.007393
193.011115
193.026097
193.050989
193.059574
193.072911
193.077594
193.082458
193.096193
193.151916
193.156474
193.174047
193.187336
193.234044
193.236467
193.243123
193.24856
193.264065
193.265422
193.265847
193.267799
193.298236
193.343793
193.35357
193.357473
193.364111
193.378307
193.389512
193.408273
193.420264
193.425057
193.426963
193.427285
193.427297
193.439265
193.45558
193.4591
193.474999
193.523664
193.52622
193.538964
193.556908
193.559471
193.620935
193.640157
193.669506
193.67341
193.680653
193.688398
193.698572
193.718873
193.733134
193.743954
193.744746
193.747862
193.754286
193.815364
193.826966
193.840798
193.855347
193.86406
193.877667
193.883297
193.890802
193.899367
193.901331
193.903021
193.9098
193.910832
193.921511
193.947293
193.948477
193.949882
193.991344
193.993016
194.003572
194.014131
194.021984
194.027154
194.050409
194.068271
194.095222
194.097599
194.140948
194.150976
194.171958
194.184323
194.188791
194.207517
194.217814
194.229992
194.247256
194.26092
194.27209
194.284286
194.312587
194.318115
194.326601
194.344964
194.348323
194.35028
194.365642
194.380615
194.423658
194.425432
194.42544
194.434303
194.440625
194.442138
194.453812
194.516639
194.527555
194.544086
194.545399
194.603987
194.619992
194.643336
194.664359
194.685008
194.686825
194.733653
194.733735
194.749946
194.755413
194.768531
194.830553
194.832825
194.845988
194.887831
194.957391
194.95984
194.977817
194.996134
195.018067
195.03197
195.032321
195.042571
195.056944
195.061724
195.064593
195.075557
195.087272
195.097881
195.102463
195.145425
195.147091
195.156513
195.190871
195.25396
195.283001
195.342438
195.344368
195.366706
195.376826
195.402515
195.419278
195.476502
195.507921
195.518842
195.520244
195.521316
195.597206
195.612173
195.61656
195.64713
195.649923
195.650763
195.651081
195.653511
195.653894
195.666378
195.672204
195.689049
195.705605
195.710408
195.727066
195.7382
195.747664
195.762341
195.772712
195.775784
195.785241
195.786519
195.822809
195.828687
195.843491
195.863034
195.871014
195.888889
195.898205
195.899876
195.912051
195.928102
195.938468
195.940716
195.944707
195.947892
195.948996
195.962105
195.990534
196.001724
196.021026
196.021377
196.026537
196.070945
196.08301
196.116979
196.132223
196.137504
196.146855
196.157973
196.167252
196.169427
196.172568
196.174867
196.219335
196.232111
196.232925
196.256585
196.259771
196.265536
196.268251
196.29061
196.303823
196.310537
196.329981
196.359842
196.367135
196.369493
196.375867
196.378024
196.39542
196.424556
196.424707
196.46505
196.472593
196.493892
196.502623
196.504964
196.5212
196.542158
196.557797
196.558329
196.562566
196.583823
196.587718
196.604956
196.62084
196.634279
196.637448
196.641139
196.645432
196.645443
196.647019
196.648841
196.666464
196.68941
196.692313
196.693263
196.702291
196.718255
196.733113
196.736188
196.739214
196.746413
196.767473
196.768688
196.796936
196.807036
196.811345
196.817021
196.840425
196.843771
196.849145
196.862677
196.902217
196.908436
196.909733
196.92205
196.949207
196.972844
196.990783
196.997356
197.015304
197.018051
197.023836
197.02596
197.043533
197.083307
197.089464
197.092811
197.098258
197.126947
197.133055
197.134092
197.139155
197.180332
197.186921
197.188062
197.200336
197.204769
197.215166
197.217042
197.218401
197.218594
197.220517
197.235804
197.245296
197.252493
197.25822
197.267227
197.269701
197.275677
197.283255
197.284661
197.302873
197.31015
197.311379
197.311547
197.31283
197.315384
197.316857
197.318279
197.323096
197.331674
197.340276
197.347434
197.374215
197.376194
197.378976
197.391554
197.395665
197.399542
197.402565
197.404262
197.414733
197.430489
197.453529
197.471322
197.483542
197.521451
197.532027
197.53519
197.537048
197.546287
197.551245
197.559629
197.560011
197.586795
197.598852
197.60362
197.605566
197.61323
197.625849
197.626342
197.661389
197.663592
197.666583
197.670171
197.68788
197.691652
197.698305
197.702355
197.705779
197.706665
197.710567
197.727521
197.759599
197.77844
197.787904
197.805279
197.820448
197.822262
197.854643
197.860318
197.873292
197.882226
197.886053
197.889687
197.916942
197.920783
197.931759
197.939587
197.955733
197.958993
197.963159
197.974758
197.975345
197.975852
197.982161
198.013533
198.024314
198.03451
198.042977
198.043221
198.0438
198.044059
198.046286
198.047889
198.050436
198.073371
198.075464
198.083519
198.083893
198.088604
198.096551
198.099331
198.105536
198.114875
198.128255
198.135057
198.139689
198.161712
198.163346
198.165652
198.189519
198.196811
198.198025
198.207609
198.208653
198.226788
198.230388
198.234369
198.246017
198.25875
198.262566
198.263654
198.269653
198.270039
198.271514
198.272385
198.272946
198.284045
198.298219
198.30371
198.305653
198.322144
198.325073
198.330295
198.336666
198.353565
198.39266
198.425774
198.430858
198.435823
198.46473
198.471923
198.496084
198.498853
198.507719
198.510513
198.513004
198.518324
198.529169
198.542794
198.563184
198.566562
198.572617
198.585052
198.594464
198.609884
198.616125
198.629647
198.630573
198.63613
198.639163
198.645951
198.655223
198.65849
198.662378
198.694088
198.705937
198.706974
198.721422
198.734311
198.747193
198.780462
198.786323
198.809771
198.831376
198.833126
198.852906
198.864738
198.866787
198.869545
198.875441
198.878231
198.885698
198.894105
198.903765
198.91129
198.917829
198.919131
198.931209
198.939628
198.940101
198.941518
198.944735
198.958712
198.967083
198.97005
198.970553
198.977993
199.006611
199.008264
199.008916
199.009878
199.01215
199.013423
199.013603
199.014973
199.038078
199.043071
199.048673
199.06448
199.070789
199.082893
199.083527
199.101098
199.147452
199.155353
199.162432
199.162632
199.168393
199.17001
199.176496
199.235865
199.241594
199.251826
199.259961
199.267153
199.282578
199.30125
199.317255
199.318738
199.32537
199.326557
199.335907
199.341917
199.34567
199.359967
199.366836
199.387085
199.396536
199.406001
199.419103
199.426964
199.437993
199.446402
199.45201
199.456052
199.456365
199.456419
199.468137
199.470639
199.492189
199.494608
199.49663
199.506574
199.511226
199.512012
199.515313
199.531924
199.535088
199.540514
199.548834
199.553233
199.55401
199.557145
199.558669
199.573946
199.596668
199.602543
199.613899
199.614467
199.62136
199.628847
199.630669
199.630853
199.631438
199.633487
199.637472
199.640768
199.64645
199.647142
199.647406
199.652399
199.655016
199.68497
199.689422
199.689573
199.700363
199.701266
199.702239
199.710422
199.72775
199.731581
199.742833
199.756358
199.816991
199.818168
199.82193
199.83216
199.848685
199.849058
199.860986
199.863319
199.880046
199.881172
199.887437
199.892867
199.901897
199.911782
199.913926
199.919931
199.928847
199.932592
199.946654
199.949818
199.986758
199.988262
199.988661
199.998702
199.998872
200.008313
200.025241
200.02638
200.031503
200.074826
200.075282
200.083295
200.083593
200.086024
200.098563
200.105224
200.106019
200.106044
200.119018
200.133974
200.143871
200.163377
200.163891
200.166657
200.187054
200.18715
200.203621
200.214413
200.228056
200.23257
200.232772
200.253993
200.25653
200.25818
200.264127
200.272032
200.2729
200.283944
200.284074
200.297389
200.299266
200.313702
200.332653
200.352847
200.353867
200.358377
200.360327
200.379331
200.38436
200.386994
200.402381
200.41521
200.448736
200.451166
200.453274
200.460491
200.464298
200.47772
200.481075
200.48917
200.503019
200.506823
200.522472
200.534748
200.535476
200.538693
200.543155
200.544694
200.557188
200.573066
200.578311
200.586512
200.592031
200.594043
200.61807
200.631146
200.634204
200.637311
200.669888
200.686118
200.689694
200.699802
200.701201
200.705203
200.713636
200.716583
200.717928
200.732822
200.735757
200.763824
200.764029
200.773771
200.784823
200.785269
200.79842
200.806999
200.811289
200.812169
200.818328
200.826269
200.859435
200.86189
200.862507
200.872942
200.873394
200.877225
200.89107
200.897571
200.904178
200.906158
200.912943
200.927327
200.933956
200.938335
200.968677
200.978452
200.986349
200.988312
200.995408
200.997588
201.003529
201.004821
201.004837
201.008278
201.014197
201.017477
201.022293
201.02579
201.045926
201.049529
201.062158
201.069988
201.072773
201.074159
201.081407
201.083667
201.089396
201.095557
201.10177
201.105437
201.11837
201.125346
201.130572
201.130663
201.134654
201.136104
201.149463
201.153225
201.153684
201.162842
201.181387
201.217125
201.221774
201.231442
201.253677
201.258343
201.258739
201.259974
201.263204
201.268451
201.268853
201.289942
201.29277
201.295679
201.300185
201.30677
201.308296
201.338946
201.345201
201.359247
201.380834
201.385267
201.406492
201.40783
201.410235
201.428054
201.449209
201.470203
201.492306
201.495528
201.523265
201.538286
201.542481
201.578648
201.590844
201.606145
201.622478
201.629908
201.643006
201.647184
201.674408
201.685904
201.686103
201.686972
201.710867
201.717259
201.717266
201.725209
201.727133
201.740012
201.740623
201.74512
201.747688
201.777145
201.784908
201.785029
201.791081
201.806699
201.807875
201.809257
201.817435
201.824831
201.829088
201.830602
201.842198
201.849695
201.879364
201.881859
201.882604
201.885177
201.88857
201.890351
201.910501
201.915214
201.943783
201.946045
201.948672
201.949745
201.955238
201.957372
201.964518
201.970225
201.974356
201.97608
201.981961
201.98886
201.990336
201.994414
201.994794
201.997873
202.001954
202.005903
202.045451
202.04675
202.049921
202.057934
202.059543
202.061413
202.072162
202.078664
202.082468
202.085377
202.08964
202.10073
202.11067
202.121996
202.145603
202.151883
202.153677
202.168051
202.171408
202.173945
202.175469
202.189976
202.190496
202.190846
202.192611
202.2027
202.210013
202.214648
202.253744
202.256491
202.273782
202.2788
202.298287
202.308115
202.31053
202.329224
202.331244
202.333017
202.333949
202.334998
202.335731
202.358576
202.362725
202.36451
202.370212
202.37245
202.372664
202.373676
202.37604
202.380906
202.389216
202.397618
202.409943
202.428292
202.428689
202.452805
202.453134
202.457472
202.469327
202.481565
202.483306
202.489802
202.493511
202.500314
202.503849
202.509288
202.51141
202.516978
202.521625
202.522737
202.543555
202.544612
202.545766
202.549774
202.562276
202.563794
202.611873
202.61544
202.619259
202.630065
202.631852
202.636321
202.640479
202.640995
202.657894
202.664403
202.674462
202.677149
202.681609
202.687798
202.692053
202.693678
202.705064
202.719128
202.723089
202.747216
202.791511
202.802775
202.803189
202.80725
202.809369
202.81569
202.816208
202.823024
202.841406
202.842524
202.856891
202.860152
202.869298
202.883756
202.886688
202.891014
202.898164
202.901488
202.914801
202.919105
202.919785
202.928196
202.929933
202.93129
202.942632
202.945058
202.951675
202.964494
202.964644
202.965667
202.971082
202.974605
202.977018
202.990519
202.995786
203.005016
203.012968
203.02479
203.037131
203.038389
203.038961
203.042469
203.046299
203.067708
203.075742
203.083973
203.091069
203.095567
203.098984
203.101374
203.106465
203.109383
203.112986
203.113031
203.115489
203.123943
203.124537
203.131928
203.146732
203.154649
203.154665
203.161258
203.162092
203.165229
203.173894
203.177644
203.178589
203.183216
203.183463
203.193195
203.214381
203.215036
203.219963
203.235714
203.245466
203.246262
203.24889
203.25631
203.258538
203.261135
203.265043
203.267853
203.272719
203.272781
203.27692
203.280888
203.289601
203.296402
203.2967
203.301349
203.302711
203.303613
203.305102
203.31386
203.314717
203.315272
203.316428
203.325869
203.328982
203.331285
203.332347
203.333547
203.343586
203.358229
203.371028
203.380594
203.384694
203.40057
203.40103
203.407618
203.420319
203.423249
203.423469
203.431858
203.435431
203.438321
203.44977
203.454156
203.454269
203.463452
203.475002
203.476817
203.481739
203.483051
203.487057
203.488544
203.49621
203.504044
203.508419
203.509798
203.514701
203.515714
203.519521
203.526677
203.543548
203.545685
203.548241
203.554124
203.554973
203.557207
203.558266
203.560132
203.567737
203.570992
203.582407
203.583585
203.585215
203.586342
203.588898
203.591806
203.596212
203.608985
203.612468
203.617676
203.622466
203.634183
203.634421
203.635508
203.649028
203.650609
203.666292
203.67375
203.675514
203.680123
203.682845
203.688493
203.694552
203.699791
203.709126
203.709258
203.737727
203.738858
203.758178
203.762462
203.766456
203.768657
203.782269
203.793469
203.806152
203.816421
203.820377
203.839516
203.852902
203.853641
203.859443
203.861285
203.861446
203.866429
203.87096
203.890044
203.902767
203.904419
203.904974
203.913667
203.916549
203.933678
203.934656
203.941155
203.942045
203.943246
203.947955
203.95289
203.953051
203.955588
203.957585
203.960184
203.965242
203.968596
203.971802
203.97318
203.973958
203.979048
203.996144
204.001886
204.002295
204.009545
204.021416
204.027307
204.029732
204.030881
204.038363
204.039815
204.043693
204.051327
204.054057
204.058526
204.06002
204.062445
204.070347
204.076022
204.078948
204.080323
204.087575
204.105521
204.108928
204.110192
204.120668
204.124095
204.130682
204.131205
204.135611
204.136511
204.139315
204.14124
204.148404
204.179482
204.183147
204.18459
204.197892
204.198663
204.200541
204.224512
204.248168
204.254895
204.262261
204.262421
204.275785
204.276348
204.281817
204.286559
204.286785
204.287783
204.291262
204.300017
204.3028
204.303212
204.30468
204.311037
204.322886
204.323224
204.324358
204.330391
204.350483
204.370595
204.378503
204.399501
204.40268
204.402826
204.404184
204.411361
204.418556
204.420729
204.427084
204.427698
204.434016
204.43618
204.448779
204.453044
204.453381
204.453725
204.465105
204.478944
204.485103
204.486036
204.50795
204.510112
204.521935
204.5233
204.523357
204.532996
204.547191
204.548178
204.548846
204.551315
204.56413
204.566
204.56651
204.572074
204.582134
204.583082
204.597746
204.597843
204.602702
204.604663
204.605358
204.61201
204.617227
204.622643
204.623893
204.62704
204.627331
204.632485
204.635914
204.639786
204.639809
204.642245
204.643902
204.661629
204.667376
204.672408
204.676616
204.6871
204.697207
204.69752
204.697749
204.704311
204.704679
204.70831
204.710569
204.719757
204.737684
204.73949
204.745191
204.748455
204.752597
204.754293
204.759971
204.764779
204.768168
204.774182
204.784717
204.788453
204.790508
204.799116
204.802657
204.808009
204.813966
204.822498
204.824132
204.825552
204.826948
204.834303
204.860381
204.86564
204.869246
204.875174
204.877197
204.904298
204.908966
204.91483
204.919115
204.92315
204.931701
204.932707
204.934618
204.937701
204.94556
204.949605
204.951058
204.952877
204.974545
204.977956
204.980925
204.99971
205.005304
205.011251
205.020986
205.041607
205.044745
205.06221
205.067009
205.070287
205.076907
205.0798
205.081284
205.090634
205.095838
205.096546
205.098698
205.10373
205.113157
205.118421
205.119825
205.119937
205.119944
205.131644
205.150375
205.155782
205.155785
205.160161
205.180961
205.196183
205.196743
205.216854
205.231436
205.231585
205.233232
205.235274
205.238862
205.249921
205.253604
205.255597
205.256251
205.256804
205.262797
205.262931
205.264014
205.264799
205.269211
205.271531
205.273765
205.277848
205.281179
205.2856
205.290593
205.291372
205.292835
205.299844
205.303518
205.306749
205.312283
205.327951
205.331118
205.331229
205.33559
205.350069
205.357933
205.359765
205.363453
205.364989
205.365124
205.374435
205.396248
205.398991
205.413437
205.421695
205.428449
205.445164
205.445347
205.44987
205.458713
205.465706
205.475404
205.480567
205.484186
205.485202
205.494489
205.495477
205.496269
205.496437
205.508282
205.509316
205.513793
205.513995
205.516698
205.518595
205.527979
205.559558
205.564058
205.57131
205.572705
205.578961
205.591924
205.598266
205.602257
205.602283
205.612761
205.618257
205.622795
205.62437
205.625194
205.627207
205.638566
205.640337
205.648182
205.662225
205.671563
205.694009
205.694625
205.694883
205.701075
205.701862
205.705208
205.713009
205.719226
205.724432
205.737554
205.743412
205.751719
205.752285
205.758063
205.771983
205.77862
205.782369
205.782565
205.783207
205.790787
205.794673
205.795199
205.813352
205.817277
205.818873
205.819521
205.820463
205.822727
205.82377
205.826911
205.842616
205.857183
205.85934
205.861584
205.883558
205.88548
205.886253
205.89665
205.901636
205.913559
205.929665
205.93193
205.93565
205.937211
205.940609
205.942616
205.944493
205.952667
205.95363
205.955562
205.961731
205.967895
205.975903
206.006565
206.010799
206.015777
206.017136
206.017954
206.017954
206.01842
206.033731
206.03562
206.040446
206.069756
206.073712
206.077256
206.088316
206.096988
206.113911
206.117605
206.12507
206.14101
206.156054
206.160727
206.163641
206.165858
206.199664
206.201988
206.224917
206.226495
206.246365
206.24932
206.278512
206.279435
206.281922
206.289987
206.299717
206.303323
206.320439
206.33404
206.33893
206.339362
206.340767
206.348268
206.362165
206.366078
206.366985
206.367796
206.373512
206.374117
206.379257
206.393355
206.402321
206.406672
206.426278
206.427096
206.429263
206.436526
206.449328
206.449762
206.454315
206.466916
206.470233
206.483984
206.485819
206.495625
206.500274
206.525701
206.526663
206.529725
206.53141
206.545216
206.553305
206.558476
206.573679
206.578167
206.588038
206.591812
206.594073
206.612133
206.620393
206.624797
206.63642
206.64168
206.649879
206.651534
206.654438
206.65626
206.663266
206.675804
206.679285
206.679561
206.727995
206.732865
206.744885
206.751111
206.763213
206.767241
206.776042
206.784037
206.784127
206.790884
206.7961
206.804744
206.809929
206.816984
206.832412
206.836848
206.838264
206.844246
206.85068
206.853296
206.879679
206.887205
206.890452
206.891916
206.907625
206.911346
206.914237
206.915638
206.918554
206.921402
206.92276
206.923447
206.92575
206.934151
206.937753
206.938145
206.939675
206.939945
206.943799
206.944652
206.955649
206.956331
206.963093
206.970499
206.976383
206.995565
207.002236
207.005602
207.014431
207.015705
207.016525
207.028958
207.033459
207.035316
207.038504
207.040878
207.043944
207.051886
207.055679
207.080461
207.08231
207.096855
207.111271
207.115102
207.137329
207.139663
207.14758
207.149085
207.150996
207.168628
207.169
207.171423
207.187028
207.204753
207.211576
207.214468
207.215908
207.221303
207.225676
207.231639
207.23883
207.244086
207.252433
207.254491
207.260217
207.277435
207.279337
207.29742
207.299185
207.320766
207.330153
207.354654
207.356211
207.356635
207.361378
207.382483
207.39719
207.404256
207.406291
207.41354
207.413956
207.426085
207.430605
207.435355
207.435707
207.44148
207.460924
207.478756
207.492851
207.501975
207.509926
207.512234
207.523761
207.525439
207.535539
207.551893
207.553216
207.558885
207.563174
207.568582
207.571142
207.577781
207.588678
207.593234
207.59414
207.595418
207.595998
207.602114
207.607946
207.612014
207.613387
207.615772
207.616731
207.626629
207.634944
207.649567
207.66391
207.666883
207.674042
207.685439
207.687717
207.695093
207.703024
207.706392
207.722869
207.724054
207.729446
207.736455
207.740285
207.740734
207.752111
207.7525
207.753658
207.754625
207.780192
207.782718
207.788971
207.789606
207.799663
207.804395
207.81692
207.819601
207.826789
207.834771
207.840364
207.841446
207.843407
207.850055
207.86604
207.873852
207.876334
207.877813
207.879527
207.91331
207.924511
207.924671
207.930053
207.93159
207.957069
207.95851
207.958806
207.966993
207.99327
207.997557
208.000011
208.003317
208.003618
208.011261
208.030284
208.033301
208.036585
208.041871
208.042607
208.045643
208.051291
208.054059
208.060672
208.063035
208.066155
208.078066
208.082985
208.090936
208.092783
208.096231
208.096907
208.102903
208.111171
208.123726
208.131836
208.132352
208.133678
208.136723
208.147347
208.153879
208.166551
208.173224
208.198889
208.205547
208.20582
208.210347
208.220242
208.226676
208.226861
208.232357
208.233355
208.23999
208.240238
208.249917
208.254256
208.255266
208.263607
208.266926
208.274601
208.280864
208.284742
208.285753
208.298929
208.308474
208.31034
208.316836
208.324936
208.326221
208.329558
208.340959
208.346252
208.358176
208.360748
208.373516
208.391652
208.398817
208.456943
208.469472
208.473962
208.475174
208.47974
208.482506
208.487847
208.498986
208.504138
208.518508
208.519204
208.529493
208.530746
208.53217
208.576644
208.579054
208.584659
208.602988
208.614231
208.621047
208.622117
208.626832
208.626839
208.627556
208.640075
208.656054
208.662021
208.669594
208.69086
208.691992
208.698237
208.702926
208.714802
208.723775
208.725576
208.730737
208.73185
208.731996
208.738836
208.749712
208.756429
208.758728
208.774562
208.77601
208.776399
208.790335
208.790758
208.815722
208.826379
208.826687
208.827377
208.830756
208.83896
208.84253
208.84911
208.860208
208.876317
208.883859
208.886456
208.893235
208.920718
208.920787
208.935987
208.938063
208.944371
208.947702
208.948867
208.950758
208.958105
208.96086
208.96175
208.977367
208.980125
208.994609
209.010156
209.022068
209.022452
209.030077
209.048294
209.051096
209.069013
209.076075
209.098571
209.105035
209.116172
209.122724
209.127233
209.131859
209.132884
209.134211
209.137161
209.144401
209.146158
209.152249
209.167764
209.169069
209.1789
209.179584
209.180878
209.188807
209.191932
209.215633
209.218398
209.219953
209.224116
209.230207
209.236638
209.243919
209.244202
209.248306
209.264951
209.265474
209.279091
209.301197
209.343893
209.354706
209.363393
209.366711
209.373819
209.380027
209.381155
209.382513
209.398174
209.403598
209.443941
209.450492
209.456111
209.459437
209.471812
209.481157
209.484373
209.501851
209.512083
209.520036
209.528282
209.538305
209.549494
209.550344
209.565399
209.566969
209.570475
209.571905
209.583502
209.584508
209.591014
209.604508
209.605042
209.611628
209.614166
209.617137
209.621422
209.628996
209.638098
209.647481
209.654527
209.663662
209.664241
209.668375
209.675643
209.685017
209.687422
209.705549
209.721155
209.728261
209.735365
209.735582
209.737291
209.74025
209.743261
209.766182
209.769637
209.770073
209.772943
209.778936
209.781588
209.790225
209.801774
209.838271
209.838838
209.842136
209.856578
209.859325
209.860043
209.883263
209.886314
209.916193
209.928664
209.932866
209.956606
209.96028
209.994105
209.996455
209.998097
210.014195
210.052343
210.063668
210.066345
210.088332
210.095509
210.102328
210.107573
210.15834
210.177002
210.190297
210.196577
210.218226
210.224519
210.240163
210.241054
210.244713
210.247146
210.248915
210.266911
210.312797
210.326202
210.338846
210.34395
210.349519
210.350347
210.35443
210.359762
210.403132
210.409331
210.446069
210.448887
210.454353
210.455623
210.456298
210.490512
210.492234
210.5
210.509707
210.512045
210.512053
210.545361
210.545868
210.546513
210.546543
210.579539
210.588363
210.60427
210.621099
210.622445
210.625674
210.671482
210.680359
210.684742
210.692247
210.702846
210.706971
210.710391
210.713948
210.715806
210.717549
210.728412
210.761146
210.768399
210.783839
210.801074
210.819217
210.823389
210.825714
210.835114
210.857304
210.871912
210.879541
210.909628
210.935823
210.947326
210.949656
210.952781
210.95865
210.983086
210.986406
210.99545
211.008596
211.018652
211.026664
211.046324
211.104917
211.109248
211.114963
211.120783
211.151098
211.178242
211.187779
211.200009
211.20355
211.204897
211.236899
211.252925
211.263334
211.287118
211.290955
211.291154
211.291811
211.302803
211.339098
211.345017
211.34679
211.350075
211.360229
211.427848
211.466449
211.472241
211.504046
211.507846
211.510735
211.511941
211.514795
211.51828
211.549061
211.562256
211.570805
211.571214
211.580709
211.583871
211.590619
211.615604
211.626199
211.626744
211.627745
211.629623
211.632531
211.636418
211.642455
211.648549
211.661502
211.665126
211.680416
211.696749
211.701771
211.703867
211.708691
211.71075
211.721408
211.750642
211.753936
211.765004
211.77565
211.779948
211.800291
211.808614
211.821382
211.834329
211.892866
211.929904
211.949401
211.950861
211.969321
211.984324
211.985517
212.012662
212.050683
212.078195
212.080644
212.082626
212.086697
212.0953
212.100456
212.111822
212.121118
212.138674
212.145554
212.146636
212.162992
212.169879
212.172488
212.180285
212.215929
212.226848
212.238425
212.238815
212.241338
212.278327
212.295987
212.32699
212.355111
212.362488
212.365515
212.369899
212.37992
212.393405
212.399335
212.405605
212.40979
212.446961
212.514646
212.518776
212.52027
212.532135
212.550326
212.55926
212.559561
212.569628
212.61644
212.618244
212.6629
212.668504
212.669104
212.697872
212.74156
212.757909
212.762028
212.765625
212.76926
212.771506
212.783678
212.818598
212.81873
212.829493
212.84093
212.874326
212.93818
212.947304
212.998531
213.015967
213.031413
213.042526
213.061533
213.063608
213.084702
213.153468
213.236678
213.27536
213.28793
213.322363
213.332056
213.354462
213.406808
213.425076
213.459934
213.511343
213.531751
213.531986
213.553245
213.56847
213.650061
213.655989
213.664225
213.672666
213.691
213.692162
213.700855
213.719496
213.726982
213.729624
213.742013
213.756045
213.778217
213.780311
213.83493
213.853154
213.853858
213.86715
213.873621
214.044165
214.08614
214.093575
214.173218
214.176185
214.186382
214.212095
214.276454
214.288824
214.299154
214.363195
214.366399
214.380926
214.38708
214.397017
214.428861
214.452058
214.453522
214.480704
214.50502
214.505907
214.557201
214.593123
214.61634
214.626372
214.653283
214.68863
214.705687
214.725508
214.737982
214.771299
214.772892
214.794958
214.81486
214.858272
214.91029
214.937402
214.988771
215.014713
215.032866
215.123454
215.199171
215.241074
215.297407
215.306569
215.352559
215.35993
215.36631
215.405261
215.451608
215.517516
215.527804
215.541258
215.623253
215.660355
215.665422
215.688737
215.714859
215.811979
215.844666
215.907404
215.985702
215.986291
216.002168
216.238093
216.262337
216.266612
216.380619
216.422752
216.470287
216.471542
216.621795
216.641624
216.643424
216.761371
216.790706
216.832101
216.878459
216.910799
216.934228
216.936035
217.08948
217.105291
217.107548
217.209031
217.2582
217.27127
217.274311
217.305458
217.355073
217.641904
217.73621
217.761616
217.86005
217.959327
218.002391
218.009875
218.072152
218.178861
218.191977
218.283845
218.327891
218.447645
218.471413
218.485985
218.520711
218.58694
218.630502
218.650161
218.679229
218.758733
218.763258
218.835661
218.858321
218.907029
218.95215
218.975866
219.210899
219.261968
219.426474
219.437422
219.466284
219.508476
219.512742
219.519113
219.537909
219.600059
219.77525
219.783451
219.802163
219.951096
219.993412
220.036728
220.16674
220.168779
220.212363
220.324643
220.346948
220.627264
220.682376
220.807602
220.877859
220.89532
220.946584
221.015745
221.048168
221.061431
221.135928
221.531025
221.742984
222.299471
222.67354
222.826679
222.967283
223.258218
223.366982
223.494273
223.671147
223.692041
223.765584
223.800617
223.816576
224.158165
224.408576
225.352967
225.549345
225.587178
225.814353
226.423682
226.795146
227.275156
227.387794
227.716468
227.89055
228.26436
228.588606
229.346443
230.188775
232.204089
233.532966
239.906423
243.659734
243.776729
245.509549
248.29445
250.460172
250.942448
251.083232
257.082287
257.301499
264.350298
264.522246
265.392429
268.893049
270.118061
284.160368
288.497207
299.400644
321.954573
349.312557
353.753199
379.678129
419.342727
445.913107
450.702485
640.011312
713.204846
