1.489745
1.557869
1.613154
7.350168
7.535135
7.558639
7.563158
7.651063
7.795542
7.813797
8.407819
8.596106
8.793703
8.939509
9.267312
9.462755
9.563066
10.046477
10.129464
10.270918
10.694011
10.832321
11.002022
11.045045
11.093063
11.217771
11.384297
11.496454
11.513394
11.925859
11.997369
12.044536
12.065297
12.078611
12.257874
12.346451
12.474516
12.52421
12.546706
12.61333
12.644742
12.726078
12.741504
12.794231
12.929328
12.988533
13.032494
13.044452
13.195437
13.231136
13.259736
13.357664
13.36792
13.379097
13.390562
13.390786
13.587093
13.6206
13.624333
13.710501
13.75395
13.763694
13.857151
13.976645
14.170058
14.258686
14.36555
14.472205
14.645941
14.703537
14.749506
14.810688
14.895306
14.915178
14.933805
15.011564
15.105369
15.110553
15.391532
15.438965
15.459904
15.642879
15.791979
15.835255
15.885781
15.985369
15.988643
16.036952
16.054804
16.081757
16.123408
16.201425
16.218998
16.325309
16.347505
16.370673
16.623059
16.760948
16.981698
16.99395
17.057044
17.068227
17.078464
17.22921
17.237272
17.255808
17.279001
17.342436
17.535317
17.551538
17.748721
17.829428
17.898931
17.955963
18.364536
18.643689
18.710098
18.789343
19.088822
19.402843
19.684404
20.007473
20.053123
20.243336
20.359393
20.395833
20.464074
20.476926
20.5569
20.752627
20.816024
20.86785
20.8682
20.91588
21.072265
21.263831
21.4946
21.572389
21.60299
22.281127
22.766023
22.767999
22.877663
23.078238
23.404057
23.512739
23.532746
23.736487
23.883694
24.32314
24.361243
24.702662
25.241414
25.533372
25.784774
25.986091
26.143314
26.162163
26.420065
28.257108
29.582259
31.575665
32.630314
32.812561
32.990327
33.232136
33.847942
34.144791
34.716255
34.723354
36.655079
37.771355
38.201718
42.440054
44.030468
46.094422
48.313657
57.062634
63.571239
80.04529
80.374846
81.003987
86.224369
92.764931
107.03538
109.777691
113.208549
116.242812
118.174673
118.350721
121.7935
121.909426
122.001425
122.16601
122.678289
122.909727
123.668848
123.677044
123.850215
124.196225
124.450177
124.490672
124.607271
124.644659
124.66101
124.827943
125.209632
125.541387
125.570398
125.581317
125.708406
125.853255
126.27008
126.478213
126.630822
126.759512
126.845853
126.918781
126.973122
127.049394
127.690099
127.896808
127.955286
128.116061
128.135122
128.456733
128.521148
128.80745
129.045227
129.306649
129.842119
129.845598
130.068602
130.315086
130.520761
130.632304
130.637432
130.733761
130.803164
131.010835
131.336117
131.368382
132.060627
132.971991
133.051944
133.090243
133.262747
133.369021
133.853585
134.13793
134.363371
135.199876
135.589732
136.261201
137.009313
137.251907
137.316683
137.514876
138.930634
139.124701
139.275791
140.437175
141.130813
141.427904
142.222255
143.436765
144.225077
145.42377
145.474237
145.545901
145.609075
146.164888
146.371799
146.440923
146.492865
146.615501
146.643325
146.671357
147.148506
147.173914
147.354846
147.735172
147.912787
147.968409
147.994813
148.175105
148.329453
148.487251
148.876819
149.374072
149.399661
149.432405
149.678348
149.731476
149.901758
150.917397
150.928086
150.929689
150.947362
151.178439
151.443108
151.509611
151.866894
151.964524
152.746762
152.748215
152.981391
153.09352
153.215121
153.340484
153.49897
153.608677
153.624296
153.640157
153.711795
153.844101
153.915887
154.053466
154.173945
154.889992
154.921603
154.970533
155.27587
155.695679
155.70882
155.773482
156.050739
156.545715
157.365413
158.090633
158.184122
158.636437
160.372929
160.446386
161.933291
162.807347
163.544612
163.710191
163.841213
165.957782
168.891356
169.323963
169.849547
170.362673
171.654919
171.712385
172.103447
172.225463
172.529761
172.564362
172.613855
172.616088
173.689977
176.023863
176.600444
176.758268
178.242672
178.924769
179.117449
179.493153
179.728462
180.431107
180.650937
180.703688
181.092294
182.158281
182.297836
182.407412
182.751211
182.932741
183.070752
184.30288
184.401485
184.809473
185.050537
185.247487
185.48385
186.031641
186.202504
186.32552
186.453276
186.767677
187.207375
188.049155
188.454977
188.533306
188.880345
189.106917
189.153846
190.311195
190.450079
190.497602
191.350796
191.452155
191.858624
191.940382
191.966465
192.130634
192.229604
192.522597
192.617548
192.756633
192.85963
193.216095
193.589312
193.628465
193.826856
193.903419
194.740413
194.823518
194.935344
195.342949
195.580429
195.614056
195.741774
196.009318
196.041496
196.046551
196.071278
196.247556
196.467377
196.508016
197.674245
197.68691
197.818885
197.834277
198.456925
198.8629
199.44759
199.837172
199.873319
199.908086
199.961462
200.217136
200.43565
200.450525
201.007703
201.09118
201.100773
201.106294
201.262258
201.841549
202.09692
202.106185
202.910743
203.180973
203.537439
204.039697
204.219706
204.440101
204.656426
204.84545
205.099551
205.399486
205.764757
205.979542
206.872412
207.356345
207.802724
208.168198
208.31088
208.936416
209.951531
210.666894
210.763853
213.755423
214.773982
224.172386
224.461571
226.15491
261.663181
269.196838
330.588785
337.942476
341.579889
347.520114
351.794351
390.056346
394.119793
491.172065
545.826277
575.727067
892.834094
10801.913326
