22.877663
23.883694
139.275791
146.164888
146.492865
146.671357
147.148506
148.487251
148.876819
149.374072
149.731476
150.928086
150.929689
151.443108
151.509611
152.748215
153.215121
153.340484
153.49897
153.711795
153.844101
154.921603
155.27587
155.695679
163.841213
179.728462
180.431107
185.48385
186.767677
187.207375
188.049155
188.454977
190.450079
192.85963
194.935344
195.580429
195.741774
196.009318
196.046551
197.834277
200.217136
201.007703
202.910743
204.219706
205.099551
205.764757
206.872412
207.356345
208.31088
390.056346
545.826277
