0.268762
7.601051
7.743908
9.897123
10.655703
12.290437
12.341093
12.487592
13.824904
13.85101
14.014882
14.066444
14.92161
15.407649
15.892696
16.129406
16.623531
16.821918
16.932926
17.049842
17.110398
17.402262
18.41768
18.48602
18.669781
19.020872
19.418244
19.458252
19.682797
19.993812
20.141214
20.288518
20.549348
21.132304
21.361298
21.36562
21.444769
21.680196
22.171813
23.838853
24.200942
28.945742
32.407364
33.199043
33.726362
34.747324
35.38403
39.041244
40.057064
47.419867
50.828734
53.826521
53.865435
56.466322
58.221332
65.162815
74.14802
78.461539
86.08798
97.898795
99.197497
99.303724
103.399107
104.588359
119.345648
119.356861
121.237332
131.116572
139.893431
140.099906
140.424148
140.741048
141.247856
141.807242
143.587123
144.062253
144.504366
145.025854
146.214648
146.234694
146.244376
147.106572
147.333651
147.636238
148.048053
148.724687
148.773346
149.288901
149.36859
149.554148
151.232127
151.444538
151.665994
151.796273
152.091015
152.175785
152.921266
153.014458
153.068086
153.341664
153.35734
153.781794
153.800373
154.294139
154.325776
154.485904
154.542881
154.588325
155.821089
157.04822
158.024344
158.75033
158.855934
159.19555
160.90352
161.37869
162.760302
165.145789
165.282909
165.459049
166.483165
166.901975
171.138421
171.189164
172.324865
172.638733
173.492378
173.624205
173.941968
174.145731
174.267835
174.783415
174.871194
175.177924
175.377478
175.551646
175.940606
176.520996
176.708947
176.872557
176.95431
176.968414
177.283658
177.676819
178.157132
178.864549
179.802346
179.860933
179.909421
180.072225
180.238691
180.483356
180.699574
180.874435
181.151974
181.333428
181.619821
181.700005
181.933593
182.455002
182.480785
183.057841
183.227861
183.822526
183.888535
184.024495
184.249356
184.300607
184.954694
185.442428
185.709565
185.943019
186.196479
186.62038
186.886597
187.261106
187.569625
188.123413
188.255397
189.082273
189.736646
190.078925
193.00082
194.287536
194.934182
195.391696
197.561489
199.222347
199.2843
199.510279
200.782477
201.156033
201.808841
201.897791
203.001648
203.144343
206.777291
208.013913
210.006563
210.206903
210.25307
212.316806
215.617743
216.263685
217.503514
218.154831
219.242812
221.064128
222.462921
231.018916
234.656014
234.899069
237.219899
238.497046
240.820494
241.52591
242.29446
244.045429
246.983834
248.528799
248.581653
248.998223
249.224825
252.299257
252.694624
253.563496
254.181095
256.288912
259.316593
260.347731
260.949849
263.362512
266.171041
271.306524
273.416827
273.68259
275.773667
310.615551
640.455642
3739.852888
6574.58215
10482.725482
10818.374533
10818.408977
10825.67197
10826.403378
10834.00909
10858.080355
10859.964742
10860.384918
10861.220058
10866.123735
10867.572116
10870.417663
10877.045549
10882.33418
10884.445137
