191.458605
192.030934
200.178718
208.743649
217.348263
218.543055
226.235001
226.420156
227.138275
228.395412
229.332254
232.461024
233.709045
236.745525
237.028428
237.906563
238.368115
238.459754
238.682928
238.80571
239.111763
240.025162
240.947005
241.40531
241.574602
241.583835
241.61866
241.977218
242.448173
242.498376
242.580729
242.678367
242.738964
242.998016
243.141014
243.14689
244.003764
244.578345
244.943033
245.123475
245.592343
245.619594
245.630807
245.649971
245.840875
246.018996
246.171612
246.192626
246.224904
246.282791
246.383052
246.389072
246.466539
246.472024
246.612984
246.916392
247.08025
247.137298
247.145998
247.182888
247.229285
247.665809
247.9417
247.96524
248.065375
248.085312
248.219424
248.235207
248.332516
248.339159
248.377198
248.422857
248.46339
248.47258
248.49227
248.498604
248.648228
248.671468
248.704928
248.718038
248.73291
248.747968
248.790057
248.825932
248.925061
248.936904
249.182882
249.20366
249.329045
249.411084
249.418142
249.592886
249.609077
249.636609
249.659192
249.67248
249.786517
249.799677
250.005096
250.067989
250.100524
250.174274
250.24115
250.27807
250.297383
250.337796
250.355387
250.379454
250.419344
250.458391
250.53649
250.564286
250.579157
250.61131
250.612768
250.621443
250.622665
250.670169
250.697181
250.705891
250.79559
250.805284
250.822312
250.857988
250.889329
250.911605
250.932584
250.942769
251.046147
251.11136
251.219504
251.233742
251.329098
251.342239
251.352914
251.361926
251.445485
251.471886
251.512795
251.515179
251.529661
251.590966
251.5915
251.614829
251.676875
251.70219
251.774108
251.831377
251.832292
251.865528
251.906585
251.909221
252.028626
252.03158
252.097289
252.134705
252.158616
252.190147
252.199813
252.208433
252.210445
252.232408
252.234616
252.267545
252.271928
252.286435
252.302015
252.30769
252.324001
252.389799
252.415317
252.476527
252.552863
252.563022
252.574916
252.616627
252.647428
252.650739
252.659263
252.699976
252.711246
252.73267
252.735696
252.753423
252.755552
252.761443
252.793599
252.821481
252.853093
252.85627
252.911356
252.940281
252.985262
252.99924
253.015689
253.020055
253.022944
253.031492
253.035101
253.132595
253.138769
253.168737
253.192749
253.207819
253.22315
253.24145
253.250863
253.26249
253.282249
253.297383
253.311964
253.314118
253.314874
253.369147
253.41977
253.457884
253.468964
253.532136
253.579969
253.597748
253.625668
253.62756
253.634517
253.638031
253.646045
253.666396
253.697273
253.701181
253.714546
253.714815
253.728132
253.733705
253.756609
253.759462
253.767511
253.770123
253.776031
253.804877
253.846697
253.846999
253.851428
253.876588
253.883644
253.892132
253.915905
253.934952
253.936195
253.944327
253.964649
253.991644
254.002168
254.003256
254.02676
254.041423
254.04384
254.077314
254.086817
254.129562
254.141238
254.14624
254.151855
254.163488
254.177529
254.178775
254.209825
254.214215
254.267011
254.324216
254.371172
254.403286
254.405642
254.476643
254.491855
254.508136
254.520798
254.539822
254.541318
254.598532
254.605633
254.647691
254.661842
254.666176
254.698636
254.71204
254.717958
254.739856
254.741571
254.745854
254.758866
254.769039
254.787103
254.796376
254.81778
254.823147
254.879078
254.916599
254.922606
254.924248
254.92927
254.936832
254.939129
254.943869
254.948465
254.961469
254.974965
254.977396
254.983325
255.048892
255.075242
255.080874
255.106532
255.11242
255.125743
255.140367
255.173204
255.18569
255.196659
255.209502
255.210695
255.215426
255.224906
255.24866
255.271564
255.274861
255.284397
255.35284
255.354445
255.359528
255.382163
255.384228
255.393355
255.404547
255.41716
255.427972
255.458885
255.471059
255.472934
255.484704
255.510596
255.528088
255.52911
255.546342
255.569969
255.590705
255.593747
255.597925
255.598605
255.605242
255.606708
255.620395
255.662096
255.680991
255.684306
255.690243
255.69418
255.710598
255.713055
255.717001
255.717901
255.726319
255.731852
255.747213
255.765433
255.78882
255.797307
255.800084
255.801349
255.807181
255.821554
255.831613
255.860684
255.865397
255.88603
255.892253
255.899832
255.962158
255.984819
255.993858
256.003453
256.017249
256.022582
256.026588
256.041162
256.050333
256.06041
256.077515
256.080882
256.091872
256.094191
256.144993
256.175067
256.195312
256.195313
256.198247
256.208566
256.244726
256.252429
256.289454
256.300905
256.301408
256.306586
256.333769
256.344753
256.349208
256.361582
256.380213
256.386043
256.394087
256.415456
256.42317
256.461288
256.465041
256.474224
256.480156
256.486419
256.501196
256.506355
256.511937
256.518439
256.527143
256.535273
256.585447
256.591274
256.597001
256.599129
256.607536
256.60999
256.612646
256.623625
256.623899
256.645736
256.653532
256.662271
256.680138
256.690526
256.707316
256.716292
256.718451
256.72209
256.750796
256.753833
256.760319
256.77657
256.776635
256.790048
256.792344
256.79341
256.812533
256.821468
256.822462
256.82827
256.830672
256.834184
256.835765
256.844842
256.868491
256.875242
256.908964
256.911018
256.912719
256.914286
256.927801
256.933464
256.94122
256.967321
256.970893
256.975456
256.987172
256.991437
256.99231
256.995994
256.998694
257.048208
257.060621
257.06775
257.076325
257.105573
257.127267
257.14358
257.153333
257.162974
257.178793
257.182261
257.182772
257.195853
257.202597
257.21371
257.23463
257.234931
257.249904
257.282438
257.306557
257.309907
257.315867
257.334783
257.335731
257.346286
257.352298
257.361898
257.36426
257.364567
257.365845
257.369777
257.37246
257.373933
257.38236
257.388087
257.410929
257.412131
257.419748
257.426277
257.440535
257.44436
257.456644
257.456778
257.469635
257.472856
257.47727
257.479528
257.484758
257.491943
257.504294
257.51924
257.522966
257.525999
257.527419
257.54951
257.556504
257.561051
257.568261
257.570284
257.574214
257.578037
257.606351
257.611449
257.616222
257.636855
257.639203
257.639952
257.643435
257.660012
257.670824
257.685039
257.694072
257.718326
257.731861
257.732087
257.734752
257.738784
257.748579
257.770035
257.770276
257.778956
257.790839
257.79657
257.810574
257.823431
257.828099
257.85321
257.853826
257.861417
257.864461
257.86773
257.879911
257.881498
257.892036
257.900757
257.90303
257.90422
257.930627
257.940363
257.942112
257.952381
257.957908
257.969591
257.977262
257.98251
257.985938
257.995071
257.996895
258.002549
258.0088
258.020925
258.024707
258.025504
258.026399
258.042435
258.044329
258.055891
258.05966
258.074071
258.081637
258.0916
258.101556
258.105717
258.106376
258.111027
258.123859
258.131977
258.142758
258.172313
258.183249
258.21118
258.214197
258.22032
258.220544
258.220797
258.244418
258.250056
258.274622
258.280969
258.282427
258.297555
258.303078
258.313278
258.315347
258.325222
258.325847
258.329556
258.332303
258.337382
258.343281
258.345144
258.349048
258.378737
258.407707
258.414578
258.4347
258.435567
258.436456
258.451805
258.451938
258.470967
258.479658
258.482741
258.508981
258.511754
258.516856
258.530422
258.555758
258.572667
258.57326
258.59103
258.603129
258.617345
258.622445
258.624772
258.63128
258.634852
258.654257
258.679066
258.687657
258.715768
258.726521
258.726628
258.735204
258.750578
258.754846
258.757477
258.792685
258.809634
258.828843
258.838937
258.840588
258.850091
258.859887
258.864507
258.872192
258.875255
258.877058
258.878563
258.891197
258.892175
258.893612
258.909227
258.919971
258.926324
258.927645
258.932384
258.9382
258.943962
258.94446
258.958385
258.970653
258.981185
258.989789
259.001981
259.007223
259.011978
259.021276
259.022088
259.028094
259.041944
259.055732
259.057263
259.066068
259.070463
259.082833
259.105308
259.109619
259.129176
259.130681
259.131372
259.137152
259.141414
259.144813
259.161712
259.17339
259.178596
259.182374
259.190075
259.191319
259.202159
259.204197
259.204307
259.211863
259.223485
259.224845
259.230456
259.246244
259.250649
259.251117
259.258598
259.258872
259.269752
259.282497
259.295051
259.296176
259.296978
259.298777
259.329274
259.330783
259.331696
259.333558
259.3532
259.362836
259.372588
259.37978
259.381413
259.389138
259.398456
259.40888
259.420314
259.429883
259.44537
259.453706
259.454654
259.460452
259.46929
259.472336
259.483358
259.485199
259.48693
259.498951
259.516875
259.520514
259.524428
259.526717
259.539562
259.546604
259.55519
259.559634
259.562125
259.573242
259.583227
259.597973
259.602765
259.609891
259.617707
259.618647
259.621562
259.629315
259.642311
259.658651
259.678724
259.682983
259.683777
259.685399
259.685709
259.695798
259.710711
259.72232
259.731521
259.75082
259.760675
259.76597
259.775647
259.783709
259.792396
259.804433
259.822994
259.849363
259.86717
259.867959
259.879123
259.885174
259.889526
259.899747
259.908002
259.911969
259.913418
259.91884
259.929134
259.931391
259.93686
259.966772
259.969191
259.971593
259.97781
259.978816
259.980123
259.984293
260.006011
260.010553
260.022571
260.023428
260.030594
260.046447
260.048182
260.050187
260.056768
260.058993
260.060675
260.066944
260.086722
260.088675
260.090615
260.091231
260.092919
260.094591
260.124561
260.125449
260.135379
260.141511
260.141642
260.142568
260.147946
260.150616
260.158095
260.167174
260.169075
260.171353
260.188393
260.206597
260.212744
260.214012
260.217896
260.218848
260.232595
260.234483
260.252828
260.254147
260.260804
260.269759
260.272162
260.272693
260.280376
260.28115
260.286433
260.301231
260.30457
260.311936
260.317133
260.319089
260.323105
260.338513
260.342286
260.346423
260.348493
260.356522
260.36346
260.365092
260.381245
260.385441
260.405491
260.420879
260.430427
260.440511
260.451737
260.45983
260.475619
260.478956
260.485524
260.490726
260.497547
260.504439
260.513348
260.519079
260.524089
260.546325
260.560228
260.566815
260.570865
260.573559
260.584239
260.587654
260.599885
260.600608
260.603596
260.610741
260.611422
260.612484
260.617333
260.619347
260.626489
260.631037
260.631151
260.637777
260.640145
260.648845
260.649093
260.651116
260.656078
260.664022
260.669815
260.677882
260.688778
260.6909
260.694171
260.696725
260.706744
260.714746
260.716661
260.740014
260.750687
260.758021
260.774457
260.781371
260.785481
260.796636
260.800012
260.808646
260.811164
260.823249
260.836313
260.850182
260.857096
260.862927
260.876295
260.885407
260.890315
260.890912
260.892718
260.89362
260.896639
260.917268
260.921804
260.93497
260.941608
260.943962
260.954094
260.954105
260.984274
260.994107
260.994512
261.002897
261.004171
261.023354
261.023871
261.026807
261.043582
261.047023
261.073318
261.075741
261.076622
261.077223
261.080955
261.092384
261.094599
261.098294
261.106287
261.111584
261.114544
261.117314
261.124751
261.131511
261.134189
261.138909
261.144792
261.149548
261.166945
261.168655
261.173498
261.17545
261.182283
261.186216
261.195661
261.198356
261.204369
261.221248
261.223609
261.232923
261.235637
261.241831
261.251025
261.271566
261.280699
261.304003
261.306718
261.319268
261.327871
261.329292
261.333768
261.340078
261.349285
261.355049
261.355811
261.358839
261.376964
261.378733
261.380082
261.384344
261.384756
261.384893
261.392598
261.396481
261.422318
261.423449
261.423694
261.438626
261.444919
261.453392
261.455543
261.457954
261.458661
261.465796
261.465829
261.492846
261.497462
261.500499
261.510538
261.525433
261.532841
261.533692
261.535412
261.549757
261.555702
261.55614
261.562776
261.5675
261.584806
261.591327
261.595054
261.596508
261.625209
261.638311
261.641113
261.645457
261.666073
261.691608
261.692585
261.694812
261.706086
261.715422
261.718303
261.742871
261.743552
261.75615
261.763173
261.774444
261.781491
261.791658
261.792481
261.793294
261.795438
261.796391
261.79737
261.801122
261.802342
261.809175
261.816072
261.817645
261.822009
261.832192
261.835914
261.83867
261.850367
261.879907
261.880412
261.882666
261.882983
261.895688
261.902968
261.906675
261.909897
261.912181
261.913559
261.917406
261.920771
261.922203
261.922348
261.926975
261.933
261.938609
261.956479
261.957497
261.95806
261.95831
261.964848
261.971634
261.979242
261.985557
261.987016
261.988227
262.008558
262.008573
262.00901
262.023163
262.040903
262.044812
262.048159
262.048382
262.05852
262.062167
262.063732
262.069926
262.086136
262.096213
262.099336
262.120467
262.120724
262.130076
262.143559
262.147945
262.170197
262.17481
262.184589
262.186025
262.190855
262.191081
262.195867
262.204301
262.207922
262.211921
262.230921
262.238004
262.238404
262.238906
262.240784
262.260835
262.261485
262.263089
262.265997
262.276884
262.278429
262.290635
262.299416
262.300589
262.307395
262.307945
262.311451
262.32111
262.324541
262.331175
262.335911
262.339614
262.34392
262.345491
262.349213
262.353909
262.354255
262.35523
262.377843
262.386271
262.398061
262.410031
262.426775
262.42853
262.433019
262.437569
262.444081
262.448956
262.468588
262.47681
262.48424
262.484543
262.487025
262.487263
262.497211
262.50256
262.515496
262.52009
262.52209
262.540814
262.550523
262.55081
262.558883
262.561919
262.575204
262.575271
262.577588
262.582636
262.594588
262.604894
262.605445
262.611021
262.612313
262.615116
262.621741
262.624066
262.646715
262.662617
262.678495
262.679794
262.699541
262.719482
262.725479
262.725519
262.729703
262.735447
262.735761
262.739315
262.7407
262.744647
262.74974
262.769183
262.771989
262.779176
262.782661
262.78679
262.787366
262.798528
262.799759
262.805363
262.810075
262.816849
262.817731
262.860633
262.869716
262.878553
262.886545
262.897449
262.909664
262.910488
262.913315
262.926805
262.93006
262.96293
262.970364
262.98091
262.987965
262.990906
262.995104
263.003013
263.00444
263.012646
263.030387
263.034288
263.038119
263.049462
263.057066
263.059711
263.059966
263.069181
263.07139
263.072599
263.083205
263.093684
263.102712
263.104494
263.105832
263.106925
263.109197
263.112159
263.113191
263.121879
263.126372
263.137893
263.141878
263.144906
263.152559
263.152624
263.152713
263.152803
263.155092
263.168701
263.174211
263.177341
263.182378
263.206908
263.207079
263.21281
263.21786
263.223597
263.223939
263.227016
263.235283
263.237982
263.246269
263.249891
263.250624
263.250913
263.26395
263.277403
263.292138
263.292507
263.296126
263.317913
263.32683
263.329095
263.342325
263.365196
263.365688
263.368343
263.376528
263.382246
263.38257
263.386499
263.390435
263.391176
263.403813
263.404295
263.415767
263.425918
263.438678
263.447474
263.448706
263.451825
263.45686
263.462004
263.47358
263.47589
263.476358
263.483847
263.488049
263.48956
263.494322
263.497254
263.497492
263.499592
263.508521
263.508787
263.514822
263.520546
263.521369
263.526867
263.532694
263.544081
263.551274
263.553459
263.554101
263.5548
263.556265
263.56524
263.566367
263.569841
263.57108
263.571593
263.576053
263.580218
263.580674
263.588235
263.599954
263.600399
263.605888
263.615588
263.626629
263.633985
263.638699
263.645838
263.648517
263.653432
263.655933
263.666185
263.673468
263.675791
263.679478
263.679503
263.679815
263.682969
263.686082
263.69413
263.694224
263.700935
263.702394
263.711061
263.720392
263.723777
263.723932
263.734384
263.73636
263.755516
263.762562
263.770132
263.776191
263.78694
263.801527
263.80565
263.807114
263.809611
263.810562
263.813009
263.818938
263.822437
263.823302
263.829083
263.849244
263.851576
263.861805
263.869379
263.88829
263.889526
263.893933
263.901336
263.902174
263.905975
263.906844
263.911616
263.920291
263.922905
263.924388
263.925303
263.937009
263.94433
263.945884
263.948546
263.950246
263.965922
263.96694
263.969483
264.000084
264.003761
264.009791
264.012479
264.02637
264.028951
264.030156
264.040386
264.045124
264.045297
264.052642
264.072205
264.089162
264.101323
264.108374
264.121162
264.124863
264.129529
264.133457
264.133801
264.137851
264.144004
264.145519
264.146741
264.154441
264.158377
264.16761
264.168709
264.177757
264.178586
264.187698
264.193462
264.206949
264.211071
264.214878
264.222324
264.225586
264.229059
264.239039
264.241979
264.263603
264.266512
264.26714
264.277174
264.279334
264.283092
264.313341
264.313586
264.315161
264.317292
264.335997
264.338465
264.342063
264.34276
264.343322
264.345866
264.346084
264.349156
264.353113
264.360664
264.362592
264.364704
264.370695
264.375525
264.383246
264.384455
264.390957
264.40382
264.419586
264.432943
264.43513
264.436412
264.439351
264.439871
264.439996
264.445031
264.453837
264.468843
264.469821
264.475332
264.480365
264.484057
264.489636
264.489956
264.493023
264.498744
264.506799
264.513072
264.51386
264.51561
264.517157
264.52093
264.531454
264.531958
264.532273
264.538324
264.549144
264.558865
264.56524
264.567245
264.569353
264.580875
264.583339
264.59122
264.59298
264.594155
264.603495
264.604302
264.605502
264.617365
264.626832
264.629013
264.631781
264.634873
264.642278
264.642847
264.643089
264.657095
264.659324
264.661031
264.668076
264.669426
264.671379
264.680016
264.684621
264.687847
264.698645
264.705143
264.711389
264.733098
264.737926
264.741185
264.747297
264.75406
264.755104
264.758518
264.761186
264.771046
264.773465
264.773915
264.776008
264.788871
264.792063
264.800679
264.804923
264.806504
264.808978
264.814953
264.82467
264.826779
264.829975
264.831769
264.835802
264.844157
264.846513
264.854752
264.855415
264.856366
264.866201
264.870355
264.872413
264.873817
264.874738
264.877807
264.915084
264.922709
264.922748
264.932398
264.952292
264.953504
264.97981
264.97987
264.984984
264.986559
264.996827
265.004979
265.010132
265.014095
265.016881
265.017568
265.028987
265.029335
265.03282
265.054134
265.055448
265.059007
265.059832
265.071486
265.075645
265.081972
265.084948
265.085576
265.091767
265.098854
265.10397
265.10888
265.1114
265.114302
265.120903
265.127961
265.13956
265.153685
265.156288
265.164207
265.167925
265.171489
265.185253
265.186347
265.230891
265.231575
265.234448
265.236489
265.254754
265.257215
265.266041
265.281685
265.283149
265.284326
265.294322
265.295615
265.306448
265.311225
265.311353
265.312238
265.327078
265.339256
265.339914
265.341371
265.346519
265.355522
265.356432
265.361278
265.362705
265.373371
265.37591
265.378592
265.382814
265.389224
265.393854
265.410466
265.427523
265.432813
265.435415
265.441538
265.454888
265.458075
265.459098
265.461966
265.465211
265.466882
265.48141
265.483358
265.487086
265.488333
265.496715
265.500606
265.508058
265.512583
265.520572
265.521268
265.521476
265.529424
265.535397
265.540659
265.553154
265.557982
265.563267
265.564054
265.570577
265.580647
265.591917
265.593537
265.601013
265.611242
265.631407
265.638808
265.641061
265.650508
265.672328
265.680669
265.682158
265.686458
265.689956
265.693695
265.703404
265.708226
265.709547
265.713395
265.715489
265.720819
265.732749
265.734684
265.742109
265.74376
265.759696
265.762834
265.770799
265.778297
265.79164
265.799972
265.802937
265.803951
265.814973
265.827593
265.830576
265.831214
265.833331
265.839563
265.843798
265.851698
265.866332
265.878416
265.881404
265.900221
265.906915
265.914382
265.918723
265.949925
265.951891
265.958926
265.970333
265.975307
265.989903
265.993857
265.994937
266.007745
266.022098
266.029316
266.031835
266.036873
266.056234
266.065337
266.067199
266.071264
266.076316
266.085501
266.094934
266.111476
266.117692
266.132994
266.147091
266.169038
266.18245
266.191856
266.198642
266.208749
266.216616
266.218054
266.218251
266.222641
266.222988
266.236876
266.240409
266.2463
266.262025
266.271462
266.30541
266.309249
266.330593
266.341189
266.343323
266.343731
266.346806
266.35437
266.357121
266.361264
266.366739
266.371853
266.37664
266.383782
266.405991
266.411496
266.418461
266.433297
266.451079
266.453649
266.459546
266.46589
266.472397
266.475113
266.4787
266.487257
266.494639
266.503683
266.523232
266.525115
266.534373
266.535373
266.535915
266.53665
266.551992
266.562733
266.563509
266.576146
266.583435
266.592163
266.596652
266.601239
266.605433
266.606984
266.610418
266.61143
266.616394
266.64623
266.652248
266.669368
266.672664
266.674901
266.677227
266.704597
266.712845
266.718021
266.719146
266.729455
266.737415
266.742927
266.746782
266.752067
266.756241
266.757273
266.763851
266.76447
266.770317
266.781061
266.799041
266.809671
266.819463
266.82554
266.836006
266.836286
266.859409
266.860819
266.881295
266.884391
266.888132
266.896695
266.903297
266.907409
266.911428
266.916106
266.921455
266.941752
266.946846
266.951819
266.958361
266.966002
266.968553
266.970782
266.9711
266.973089
266.981055
266.995767
267.004054
267.011225
267.020451
267.028326
267.039349
267.053532
267.066822
267.070326
267.072512
267.07711
267.079019
267.092606
267.095831
267.120683
267.124918
267.137647
267.152862
267.158662
267.168902
267.17415
267.177044
267.180573
267.18138
267.185658
267.1926
267.204661
267.216349
267.227753
267.241765
267.268172
267.282941
267.283002
267.285001
267.340182
267.346914
267.352159
267.369426
267.405573
267.41094
267.411422
267.419473
267.427167
267.431083
267.434504
267.43536
267.437716
267.438459
267.445039
267.451421
267.452723
267.485315
267.4947
267.495074
267.503916
267.516799
267.522882
267.529402
267.535565
267.54084
267.543347
267.547774
267.55132
267.564198
267.579347
267.588524
267.599624
267.607899
267.618538
267.619729
267.622161
267.64376
267.674209
267.68202
267.684042
267.714622
267.716772
267.723269
267.729288
267.750895
267.756933
267.75702
267.785817
267.816459
267.818029
267.828944
267.854507
267.8566
267.859305
267.86193
267.864884
267.875236
267.882422
267.905633
267.909099
267.910015
267.911087
267.917302
267.924017
267.932132
267.951428
267.953144
267.959617
267.962894
267.967736
267.987891
267.989181
267.999591
268.011178
268.022979
268.034392
268.043476
268.050163
268.052965
268.062196
268.071376
268.076532
268.093668
268.113686
268.154372
268.156356
268.157834
268.160344
268.161304
268.175524
268.189724
268.19443
268.199402
268.204607
268.219897
268.225124
268.227367
268.227561
268.2429
268.245812
268.27715
268.285918
268.300512
268.315679
268.327894
268.332156
268.3434
268.36079
268.361325
268.370542
268.373709
268.373773
268.37438
268.382242
268.405539
268.435615
268.44252
268.470545
268.473909
268.484271
268.486648
268.489662
268.509574
268.52446
268.526436
268.537598
268.54949
268.56665
268.568865
268.597188
268.614622
268.641606
268.678431
268.714489
268.72599
268.741557
268.748762
268.772851
268.773586
268.783855
268.825454
268.827347
268.828861
268.83641
268.84725
268.867536
268.86771
268.875987
268.88273
268.902956
268.910128
268.910683
268.942562
268.955894
268.963712
268.966405
268.978239
268.99024
268.994716
268.996337
268.997392
268.998596
269.006991
269.021472
269.022135
269.038169
269.039801
269.063676
269.097142
269.09789
269.138595
269.150105
269.159975
269.176991
269.192996
269.203691
269.21722
269.252069
269.254844
269.270602
269.276039
269.280616
269.280826
269.29452
269.316196
269.355747
269.374976
269.387259
269.389538
269.393433
269.427001
269.450051
269.455832
269.474292
269.485554
269.502274
269.515029
269.521679
269.522556
269.535514
269.553415
269.580933
269.590109
269.595534
269.604278
269.610621
269.61069
269.63433
269.63571
269.646343
269.647945
269.658084
269.704974
269.722126
269.744784
269.745483
269.765114
269.773857
269.786686
269.787002
269.787365
269.794045
269.796831
269.819378
269.827665
269.84153
269.868035
269.87754
269.891528
269.898686
269.904249
269.906474
269.909116
269.911821
269.920461
269.923549
269.927585
269.930975
269.934065
269.954139
269.974443
269.984088
270.004987
270.015242
270.020803
270.022726
270.063205
270.073048
270.080338
270.080703
270.094961
270.100665
270.11526
270.154695
270.171706
270.175249
270.20472
270.218301
270.225077
270.225722
270.228689
270.252635
270.252995
270.255704
270.259631
270.271795
270.325736
270.337646
270.33824
270.34322
270.345361
270.346663
270.381481
270.382953
270.386323
270.429056
270.436077
270.448108
270.462629
270.478237
270.48324
270.493514
270.498965
270.576727
270.579486
270.58651
270.59702
270.602439
270.609846
270.655872
270.662658
270.669727
270.679393
270.699818
270.731151
270.741312
270.764528
270.770313
270.777452
270.782806
270.828047
270.847136
270.850966
270.861147
270.869609
270.896502
270.92341
270.950518
270.963679
270.987143
271.048121
271.066033
271.066264
271.096672
271.099007
271.134531
271.141828
271.15713
271.161941
271.214192
271.237966
271.252338
271.258129
271.275386
271.280625
271.329773
271.343067
271.356686
271.366209
271.40443
271.413536
271.478282
271.481206
271.503181
271.562993
271.594143
271.595461
271.596265
271.598428
271.684835
271.685502
271.695906
271.743389
271.748812
271.788911
271.825383
271.830113
271.845287
271.91959
271.93046
271.931161
271.947781
271.950412
271.994838
272.017934
272.041316
272.042116
272.082282
272.083903
272.095366
272.09918
272.106272
272.11296
272.13582
272.15715
272.170509
272.175363
272.178473
272.190572
272.245365
272.247507
272.253983
272.259489
272.318528
272.38882
272.488074
272.497747
272.500551
272.502279
272.558979
272.569654
272.572132
272.57599
272.59069
272.593711
272.596186
272.632564
272.64241
272.644404
272.652089
272.661229
272.680323
272.730984
272.751901
272.765598
272.781127
272.798182
272.801113
272.854371
272.864941
272.905451
272.93385
272.941708
272.943309
272.951565
272.967745
272.989514
273.062769
273.239595
273.263401
273.268306
273.28475
273.305166
273.314615
273.317064
273.326623
273.343628
273.384043
273.425471
273.474264
273.513774
273.533607
273.540371
273.562854
273.592131
273.616176
273.628938
273.689748
273.709532
273.712778
273.71301
273.718862
273.740354
273.758433
273.763296
273.763427
273.78077
273.812044
273.910845
273.922128
273.929356
273.937927
273.944978
273.948759
273.949793
274.038948
274.044702
274.062931
274.063956
274.068918
274.118551
274.18011
274.203413
274.245556
274.276082
274.308116
274.312198
274.319225
274.428362
274.428829
274.44623
274.485941
274.509913
274.525167
274.555667
274.648183
274.682185
274.690799
274.745721
274.807889
274.841046
274.889991
274.902354
274.905658
274.991809
274.999395
275.032467
275.071574
275.073875
275.076043
275.093112
275.098679
275.143483
275.145866
275.151415
275.171095
275.198307
275.283821
275.302976
275.352074
275.395927
275.402283
275.447533
275.474746
275.495931
275.523145
275.523403
275.536764
275.574282
275.593943
275.600817
275.628834
275.650196
275.659215
275.660266
275.67694
275.68214
275.719351
275.724841
275.76516
275.782701
275.812421
275.819145
275.829386
275.896731
275.899162
275.906112
275.922341
275.951479
276.010855
276.036887
276.082693
276.181917
276.185427
276.236604
276.291327
276.347823
276.376555
276.484216
276.503773
276.506174
276.606578
276.639137
276.691822
276.732826
276.775371
276.784616
276.786266
276.798579
276.829572
276.859929
276.860881
276.86103
276.864801
276.942203
277.004025
277.097738
277.103437
277.112932
277.126518
277.160933
277.271699
277.304308
277.323479
277.359704
277.395926
277.396096
277.398523
277.408888
277.410006
277.448677
277.465156
277.542677
277.550711
277.569572
277.603819
277.649805
277.669978
277.801652
277.815181
277.852766
277.854492
277.860903
277.865404
277.869067
277.889979
277.939537
277.940714
277.942531
277.947085
277.988779
278.004881
278.009991
278.041787
278.055353
278.097011
278.149184
278.231423
278.247706
278.299089
278.306997
278.318388
278.341211
278.353857
278.354159
278.43916
278.449269
278.489754
278.554873
278.632331
278.68581
278.740068
278.747681
278.762255
278.769013
278.772164
278.79219
278.831071
278.860857
278.896453
278.924672
279.020372
279.032004
279.078156
279.147229
279.180732
279.302385
279.314557
279.319316
279.363151
279.550418
279.560949
279.610502
279.766008
279.777798
279.861087
279.907387
279.915321
279.973055
279.991824
280.069203
280.160863
280.170029
280.203356
280.216858
280.220591
280.368838
280.494268
280.562197
280.571477
280.580546
280.61604
280.627994
280.745183
280.788432
280.843849
280.85431
280.864335
280.905123
280.911493
280.926448
280.937131
281.069514
281.089232
281.179464
281.20402
281.24835
281.259471
281.260507
281.268631
281.283596
281.300836
281.373654
281.434131
281.451183
281.515953
281.554507
281.60652
281.638922
281.804998
281.866216
281.938824
282.035773
282.091309
282.182331
282.212459
282.219203
282.320455
282.355284
282.468438
282.470842
282.481218
282.50447
282.560488
282.581232
282.592734
282.688316
282.843461
282.94801
282.962464
283.002202
283.080933
283.08821
283.154048
283.155311
283.159221
283.231057
283.386602
283.49586
283.512499
283.527479
283.588028
283.895121
284.009134
284.042395
284.174411
284.220862
284.502029
284.51627
284.530048
284.548757
284.603015
284.657519
284.796845
285.024369
285.056671
285.077049
285.082521
285.102001
285.123429
285.223239
285.270018
285.305724
285.365897
285.38121
285.41171
285.625369
285.897933
285.945222
286.018132
286.0859
286.379366
286.38902
286.661812
286.686085
286.708446
286.735373
286.750163
287.123749
287.179465
287.421179
287.519941
287.521265
287.53344
287.613567
287.717882
287.728381
287.777804
287.869882
287.948292
287.957148
287.969875
288.07108
288.754604
288.891262
288.933867
289.025614
289.101025
289.30371
289.352568
289.614059
289.637506
289.713804
289.715464
289.852416
289.929275
289.974622
290.074292
290.193449
290.651027
290.935182
291.010137
291.386034
291.891234
291.943958
292.363622
292.478228
292.514965
292.551247
292.725985
292.96096
292.998918
293.051496
293.054011
293.100351
293.741387
294.182464
294.293884
295.073623
295.180914
295.241949
295.436887
295.447404
295.492688
296.106428
296.223597
296.613481
296.640226
296.812369
296.921622
297.127436
297.26068
297.571447
298.032059
298.105177
298.333517
298.451184
300.604713
302.396298
302.506525
302.950706
303.563515
306.63204
307.82898
308.020423
310.781069
311.260332
314.376204
314.681693
315.10722
317.546086
319.086886
319.719073
320.422695
321.077452
322.910841
326.369595
326.820866
330.634581
335.581457
337.122094
338.06219
348.583473
353.196618
389.212587
398.851157
398.98418
404.346767
418.398584
451.297207
531.979343
610.337256
694.093235
787.220772
963.777781
