0.268762
19.682797
140.424148
140.741048
141.807242
147.636238
149.36859
149.554148
151.232127
152.921266
153.014458
153.341664
153.800373
154.588325
157.04822
171.138421
172.638733
173.492378
173.624205
173.941968
174.783415
175.377478
175.551646
176.872557
177.283658
177.676819
179.909421
180.072225
180.874435
181.700005
181.933593
182.480785
183.057841
183.888535
184.249356
184.954694
185.442428
185.709565
185.943019
186.196479
186.886597
189.082273
189.736646
190.078925
194.287536
194.934182
197.561489
199.2843
199.510279
200.782477
210.006563
210.206903
212.316806
234.656014
234.899069
244.045429
246.983834
248.581653
248.998223
249.224825
253.563496
310.615551
640.455642
10818.374533
10818.408977
10834.00909
10866.123735
10882.33418
10884.445137
