189.869792
192.337663
195.023771
203.100952
210.69576
3499.373283
3755.47144
3788.625246
3853.732948
3884.490334
3899.731427
3949.533306
3965.59884
3975.302711
4050.39349
4054.37974
4111.704309
4116.46111
4154.446307
4216.584668
4220.710712
4224.165221
4261.496379
4275.013623
4312.985454
4316.763788
4323.501561
4358.741066
4363.631824
4395.362615
4400.833902
4416.285457
4420.288905
4486.674156
4496.002643
4499.028097
4521.550206
4545.140843
4562.504272
4570.868153
4634.937054
4662.419671
4680.622168
4685.398729
4716.923736
4734.634999
4754.613986
4782.803378
4804.072844
4810.892707
4954.485406
5097.013423
5128.554019
5141.717306
5142.520938
5146.429015
5146.713686
5147.504318
5151.922359
5153.200133
5158.044349
5165.013106
5168.869838
5190.69057
5196.057237
5197.538563
5200.977395
5203.442675
5207.866663
5214.906193
5215.465411
5216.411523
5222.174387
5236.828789
5239.189984
5251.829995
5254.409778
5260.045836
5275.262289
5297.523996
5304.224419
5321.711085
5357.594339
5383.561855
5402.711653
5448.475092
5545.341961
5638.136215
5692.79275
5713.21994
5758.458363
5770.182237
5771.838276
5779.681541
5779.962967
5789.495472
5793.216106
5813.529029
5817.918773
5830.855684
5837.82821
5838.984728
5843.285126
5843.366472
5846.813672
5847.169768
5849.657655
5857.164554
5857.936751
5865.298867
5865.998907
5866.39221
5866.588363
5872.631473
5879.564939
5885.819224
5907.748061
5913.280173
5916.821441
5917.333502
5926.861983
5927.877654
5937.806729
5938.346982
5938.689324
5940.856652
5955.597974
5955.920167
5958.160454
5959.070748
5963.163169
5965.401942
5969.239768
5996.198834
6025.500098
6030.537562
6048.35762
6050.582484
6064.014806
6102.415622
6102.683509
6108.821672
6118.663673
6120.810207
6126.351968
6134.092307
6141.610388
6143.698601
6146.773951
6147.029903
6147.289961
6147.333079
6158.301381
6165.085521
6166.148246
6167.619726
6168.258985
6176.609707
6176.671669
6177.147529
6179.02133
6187.014365
6187.961022
6187.975904
6188.038763
6189.245914
6191.181445
6192.022211
6200.624849
6206.27427
6207.561019
6209.01001
6210.213876
6212.261117
6218.830573
6219.142764
6220.149265
6220.685622
6222.842804
6223.419424
6223.431914
6224.23781
6224.752789
6226.683746
6232.554737
6234.121768
6234.416154
6235.084388
6238.134204
6239.94171
6243.164559
6243.695255
6246.006993
6246.635036
6249.98364
6252.895827
6252.905872
6253.364065
6254.153447
6254.89538
6255.979751
6256.52203
6257.473151
6259.075976
6260.260203
6260.736729
6261.547847
6262.382214
6264.631051
6264.74298
6265.416806
6265.783352
6268.114426
6268.361816
6271.632822
6272.056225
6274.468723
6274.738182
6275.565252
6275.736564
6276.873693
6277.229252
6278.02548
6278.934313
6279.298057
6279.506146
6279.559723
6279.58178
6280.405299
6280.509645
6282.023045
6286.281434
6286.830833
6289.263192
6289.706565
6290.084611
6290.215802
6290.37795
6290.930006
6292.909166
6293.267046
6294.786829
6295.847274
6296.008705
6296.839557
6299.929687
6300.388715
6300.839415
6303.653908
6303.678693
6303.977324
6304.66898
6306.334924
6306.53428
6307.195645
6307.405014
6309.387486
6310.066378
6311.03268
6311.802862
6311.997683
6312.38192
6312.891674
6312.992199
6313.190919
6316.166054
6316.791611
6316.853793
6319.987857
6321.020906
6321.288041
6321.73187
6322.398002
6323.235715
6323.621422
6324.784158
6325.167411
6327.331891
6327.814518
6330.308695
6330.671874
6331.311625
6333.358861
6335.342682
6339.148017
6340.303811
6340.654686
6341.309605
6341.477988
6341.82439
6342.631831
6343.740207
6344.910379
6345.725236
6345.84185
6346.674854
6347.681003
6347.843543
6347.992182
6348.638978
6349.385155
6353.495562
6354.213104
6355.646029
6357.879585
6358.130614
6360.1931
6360.670049
6361.025569
6361.099551
6361.738155
6362.586982
6364.542763
6364.740187
6364.816997
6365.090118
6365.889311
6366.1575
6367.540165
6367.998048
6368.05238
6368.207626
6369.833583
6370.151692
6371.728391
6372.553656
6373.145054
6373.314538
6374.813366
6375.086873
6375.96494
6376.592017
6380.197678
6382.126112
6382.485542
6382.508157
6382.764405
6383.025884
6383.078167
6383.940871
6385.180517
6385.453652
6388.585246
6390.479946
6391.12295
6391.705734
6391.938587
6391.983912
6392.762055
6393.620289
6393.967469
6394.830156
6397.530034
6400.52038
6400.995202
6401.831931
6401.911898
6402.488682
6405.33369
6406.500802
6411.875151
6412.346866
6414.40254
6415.192105
6416.232319
6417.098594
6418.107112
6418.929203
6420.637021
6420.909012
6422.546912
6423.120692
6424.575385
6425.394724
6427.17164
6428.174338
6430.559963
6431.397868
6433.195322
6435.64005
6435.992531
6438.857539
6439.327723
6441.192169
6441.212634
6441.325232
6441.908397
6444.655297
6444.764289
6445.8738
6446.448459
6447.372174
6450.263621
6451.525767
6451.970259
6455.0207
6456.568843
6457.191646
6457.323575
6464.613749
6465.621178
6466.856997
6470.421313
6471.863911
6473.501806
6475.816246
6478.229054
6481.223015
6482.534773
6482.742648
6483.830963
6483.85333
6484.288734
6492.116483
6493.263013
6493.331411
6494.589203
6496.709942
6497.101504
6498.376339
6503.918204
6504.03507
6506.060068
6508.097273
6509.314685
6510.017969
6510.968008
6511.667151
6512.545081
6514.514954
6524.853087
6529.02902
6529.568007
6532.616036
6535.063997
6537.43814
6540.180572
6540.900148
6546.111904
6548.331723
6554.633858
6561.186475
6562.197305
6570.398742
6577.305344
6577.440354
6588.939712
6594.178387
6601.120124
6606.616849
6628.833848
6630.082688
6631.355967
6631.786737
6636.808583
6637.068327
6638.179634
6638.975356
6647.205677
6650.8646
6657.794084
6658.210984
6661.081139
6662.815669
6666.577712
6675.873476
6677.565594
6680.094956
6681.860984
6684.551417
6693.315926
6695.70013
6697.355197
6699.185134
6700.026277
6706.886084
6707.413386
6714.023267
6719.086277
6720.890877
6723.261745
6723.729248
6725.506654
6728.148656
6731.512011
6742.96556
6744.140432
6744.362613
6748.026725
6753.63612
6755.982461
6758.62952
6760.626876
6761.233988
6762.32543
6763.451241
6765.412004
6766.564211
6768.344599
6770.148668
6775.166813
6777.076815
6778.963862
6782.550222
6783.702225
6783.868011
6792.005043
6795.492043
6798.194934
6798.417923
6800.268431
6800.688103
6800.712717
6801.354592
6807.179586
6810.264191
6811.054414
6814.279724
6814.568576
6816.279714
6818.43103
6818.69891
6821.701379
6821.932806
6822.05843
6823.232924
6823.645871
6825.072798
6828.216365
6828.266593
6829.572539
6833.338032
6837.623445
6842.441531
6843.999938
6845.537832
6848.030229
6848.682934
6848.998535
6851.412012
6852.748154
6853.64529
6855.176475
6855.594927
6855.80292
6856.05447
6856.483788
6856.523418
6859.656681
6859.753803
6859.774325
6859.812846
6861.986563
6862.544844
6864.702307
6866.925268
6868.298401
6868.83146
6868.93234
6869.269794
6869.625152
6870.649955
6872.975863
6873.317459
6877.646806
6877.952409
6878.462119
6879.046543
6881.429766
6881.58621
6884.12246
6885.042822
6885.255858
6887.345656
6888.113865
6889.025515
6890.603886
6891.542647
6896.016892
6896.173138
6896.874865
6897.047237
6897.071923
6897.622785
6897.741362
6900.097095
6904.796063
6904.84163
6905.81842
6908.384603
6909.959344
6910.254544
6910.554559
6910.868439
6912.104041
6913.321914
6914.287028
6915.199394
6916.591795
6919.049811
6921.836541
6921.883626
6924.981207
6925.855416
6927.09874
6927.403537
6929.279328
6930.073845
6931.086273
6931.57882
6933.68152
6935.254614
6935.469871
6936.293298
6937.14805
6938.435929
6942.132553
6942.688883
6943.196653
6943.984983
6945.313942
6945.468682
6948.034203
6948.406157
6948.508196
6950.640844
6955.685373
6956.004154
6959.314528
6963.251804
6964.411815
6964.792502
6964.950872
6967.997508
6970.616893
6982.191284
6984.706866
6985.732017
6987.496513
6988.624174
6994.959227
6995.763341
6995.995769
6996.585169
6999.61842
6999.969008
7000.5822
7004.32522
7009.468633
7017.911386
7021.091405
7022.07248
7024.747762
7026.272411
7031.525165
7033.590459
7040.738141
7042.588406
7045.897066
7046.996696
7049.342832
7051.331405
7055.153357
7055.556958
7056.087797
7056.377827
7059.011197
7061.086997
7067.191066
7067.447555
7068.697632
7068.986998
7070.743986
7073.606262
7074.725648
7078.790024
7083.603916
7088.093983
7094.811083
7096.979816
7102.97574
7107.830977
7109.336546
7110.421045
7110.95691
7119.079659
7121.135942
7123.270541
7131.698663
7135.169282
7142.27708
7150.408333
7151.733472
7162.23264
7166.211606
7169.291908
7181.334323
7184.496546
7185.443242
7192.957647
7195.047463
7198.766448
7201.40076
7204.527351
7210.097479
7210.562642
7217.236523
7217.611964
7223.220964
7233.024323
7235.332116
7236.732533
7242.041355
7249.8755
7254.759169
7262.659493
7264.075752
7268.818692
7271.789048
7273.383485
7273.959756
7282.124742
7282.821316
7287.10142
7287.18393
7290.586482
7295.412146
7304.758254
7307.520583
7317.671631
7318.124487
7322.071749
7323.035574
7329.697933
7334.500015
7340.175481
7342.426707
7343.903724
7344.011715
7346.970191
7350.606225
7353.550039
7353.679196
7354.683078
7354.739255
7356.079913
7356.391722
7357.017198
7357.68428
7362.069204
7362.462713
7363.286112
7366.036937
7366.699745
7367.926167
7368.698722
7374.637384
7378.105256
7378.627212
7382.465624
7384.633609
7386.801653
7394.406367
7396.183192
7401.225354
7401.861548
7403.365515
7404.244645
7405.843749
7408.187771
7411.496175
7414.455835
7416.696645
7416.722844
7416.896654
7417.73052
7418.300079
7418.702121
7423.175677
7426.43891
7428.970843
7434.16344
7437.046731
7437.378964
7437.660437
7439.175139
7440.045342
7442.948844
7443.154348
7445.755753
7446.940181
7447.82786
7447.867294
7448.072582
7448.167194
7448.988376
7449.813964
7453.090386
7453.115586
7454.07824
7454.613843
7463.5487
7463.675104
7464.49638
7465.411767
7467.207287
7467.984286
7469.061283
7469.465014
7470.495957
7470.554775
7470.913904
7471.099336
7472.179421
7472.873573
7473.157689
7473.964722
7474.490677
7477.853818
7480.317928
7481.784861
7483.637954
7484.089436
7484.161808
7486.405419
7489.533856
7490.121403
7490.782826
7491.512606
7492.143225
7493.27656
7494.535697
7497.128982
7499.943083
7501.057489
7502.042547
7502.459007
7502.557617
7502.592161
7503.121327
7503.890283
7503.915525
7504.354111
7504.801661
7505.400414
7506.059833
7507.565869
7508.470497
7509.072962
7509.707862
7509.924648
7510.097292
7510.886534
7511.364569
7512.648571
7512.823406
7513.746041
7514.39504
7514.442631
7515.583377
7516.935553
7517.095266
7518.744432
7519.39057
7519.674958
7520.050285
7520.135555
7521.421889
7522.514366
7523.167487
7526.910378
7527.066517
7529.288847
7529.544776
7529.560165
7533.319289
7534.711617
7535.275422
7536.903661
7537.487621
7537.516155
7537.959806
7539.45812
7540.873592
7541.155528
7542.463179
7543.209387
7544.593811
7544.818795
7546.423447
7547.309006
7549.052764
7549.23248
7550.299959
7550.84934
7551.267019
7551.639329
7552.607956
7552.981955
7553.052625
7553.202675
7554.25913
7554.35369
7554.863428
7555.566143
7556.263574
7556.354677
7556.953224
7557.214956
7557.269803
7557.971486
7558.696319
7559.420408
7560.00245
7560.109187
7560.613313
7560.822332
7562.449459
7562.530472
7563.35755
7563.545899
7563.607692
7564.175512
7564.328694
7564.838788
7565.960963
7566.983731
7567.374326
7567.430975
7567.768903
7567.854831
7568.02623
7569.668461
7571.115531
7571.338258
7571.846092
7572.189249
7573.62509
7573.836999
7574.450939
7576.039068
7576.759037
7577.405855
7577.508593
7578.064105
7578.589229
7579.707091
7580.243255
7581.17158
7581.221836
7581.546267
7581.889227
7582.411324
7584.421136
7584.743973
7585.308564
7585.962587
7586.106346
7587.603963
7588.013
7588.566481
7589.699862
7590.802823
7592.944622
7593.075124
7594.298635
7594.728937
7595.192325
7595.388616
7595.627315
7597.545234
7597.67396
7598.660535
7598.775082
7599.128228
7599.833319
7601.471785
7601.858478
7602.074914
7602.541048
7603.41804
7604.438665
7605.021255
7605.272291
7607.091235
7607.716842
7608.142844
7609.259805
7609.275039
7609.42022
7609.485272
7610.498001
7610.889255
7611.062919
7611.323221
7613.21611
7613.490255
7614.582266
7614.636159
7615.417651
7615.728786
7616.428945
7617.153821
7618.939611
7619.271677
7620.452787
7620.548623
7620.729251
7621.473174
7621.909861
7623.238774
7623.382409
7623.747913
7623.858914
7624.207374
7624.387339
7625.577945
7627.010038
7628.004338
7628.312167
7628.708997
7628.890305
7628.899692
7630.07918
7630.243971
7630.514218
7630.837755
7632.03211
7632.250406
7632.69447
7633.9867
7634.422458
7635.723919
7636.348062
7636.995899
7637.925275
7638.040356
7638.749798
7639.612202
7641.072919
7641.186903
7642.821726
7643.084311
7643.32237
7644.072297
7645.19922
7646.744228
7648.21408
7648.672223
7649.835448
7649.970428
7650.163238
7650.820362
7650.821922
7650.865819
7652.234586
7652.413319
7652.905253
7653.910905
7654.062944
7654.691241
7654.721433
7655.677575
7656.140682
7656.279911
7656.722003
7657.130468
7657.987389
7660.841535
7661.104788
7662.751254
7663.850227
7663.860919
7664.129408
7664.502243
7665.347046
7666.967854
7667.505009
7667.717024
7668.379636
7669.432607
7669.48648
7669.807433
7670.365861
7671.547925
7671.585579
7671.648683
7671.821545
7673.007492
7676.164405
7676.686452
7677.137222
7677.862749
7678.778805
7679.443733
7679.682904
7679.959417
7680.287372
7680.629837
7680.659206
7680.710914
7680.778781
7680.856358
7680.942424
7681.109629
7681.392215
7681.989558
7682.394095
7683.849419
7684.054342
7684.172726
7685.782793
7685.918758
7686.510825
7687.283156
7687.622138
7688.263736
7688.554542
7688.606489
7689.700469
7689.934559
7693.971974
7694.241809
7694.283467
7694.323351
7696.30241
7697.829019
7698.215413
7698.668464
7699.726031
7700.250494
7700.453769
7702.201462
7702.487825
7702.81723
7702.88967
7703.596443
7703.811035
7704.187668
7704.189417
7704.803688
7706.372094
7706.643169
7706.688051
7709.303447
7709.390657
7710.666455
7711.098856
7711.179281
7711.874253
7712.733402
7712.915614
7715.613617
7718.22747
7718.940022
7719.999015
7724.03226
7724.675821
7725.114135
7725.188778
7725.284788
7726.826174
7727.09199
7727.36699
7727.462143
7729.110844
7730.905652
7731.536378
7731.910887
7731.932331
7733.579661
7733.618539
7733.63703
7733.827297
7733.921666
7734.008024
7734.993609
7735.120729
7735.44709
7736.027243
7736.302345
7736.739597
7737.442103
7737.505745
7737.774692
7739.436457
7740.210881
7740.991901
7741.637125
7742.272774
7742.586732
7744.356377
7745.083507
7745.21238
7747.267993
7748.754629
7748.859934
7748.877303
7751.025923
7754.470531
7754.965614
7755.735336
7755.886812
7756.49031
7757.939342
7759.013889
7759.160395
7759.383323
7760.209711
7761.568487
7761.965124
7762.064347
7763.303886
7764.668988
7765.467077
7765.48475
7766.111352
7766.700645
7766.806535
7767.18784
7767.518494
7767.791085
7769.263232
7769.290365
7769.370289
7771.202152
7771.318273
7772.685208
7774.899407
7775.123353
7775.268353
7777.050116
7777.1578
7777.327315
7777.58247
7777.753703
7779.691236
7780.126554
7782.944772
7783.276845
7783.657089
7785.224169
7788.294077
7788.47588
7791.631165
7791.647369
7792.222287
7792.994049
7793.132239
7795.420579
7797.121211
7798.445927
7798.803251
7800.5451
7801.668686
7803.449334
7803.5453
7806.103025
7806.239827
7806.300992
7806.337013
7807.131471
7809.329321
7809.38163
7809.613266
7810.991632
7811.80802
7811.991833
7812.076927
7813.895507
7814.449151
7815.095694
7816.920098
7817.145551
7817.162783
7817.188682
7817.474383
7818.055179
7819.031038
7819.189634
7820.891998
7822.823008
7822.827339
7823.122792
7823.721842
7825.003163
7827.196201
7827.971051
7828.500298
7829.454737
7830.324196
7830.482478
7830.629296
7834.509929
7835.633042
7836.539701
7837.330996
7838.415386
7838.655529
7839.30433
7841.091099
7841.378319
7842.584159
7843.204306
7843.223263
7844.012688
7844.220655
7844.88541
7847.037484
7847.266802
7848.133028
7848.392387
7849.003759
7850.035562
7850.48307
7850.776548
7851.785862
7853.256697
7853.268553
7853.994754
7854.551272
7856.560964
7856.661381
7858.683969
7859.155824
7860.539182
7861.065337
7862.121707
7862.505454
7863.347808
7864.284711
7865.779094
7867.095277
7868.941171
7870.504471
7870.572242
7870.591099
7871.25736
7872.152909
7872.513698
7874.397381
7877.931351
7878.910236
7878.970157
7879.793862
7880.82678
7882.661829
7883.602357
7884.330831
7885.197091
7886.613836
7886.747729
7887.235847
7888.28018
7891.231595
7893.040409
7894.141919
7895.249453
7896.006497
7900.765336
7901.168129
7901.800197
7902.197901
7902.762839
7903.399823
7903.992067
7904.744519
7908.235888
7908.607369
7909.065939
7909.787758
7912.647586
7914.848609
7915.247257
7916.124598
7918.428178
7919.44981
7919.902815
7920.51959
7920.665385
7921.29467
7924.314084
7924.854078
7926.290305
7930.864567
7931.332541
7931.453187
7931.63057
7932.506666
7933.060716
7933.114882
7934.522959
7934.922404
7934.952813
7936.875389
7937.437908
7938.884708
7939.851493
7940.517671
7941.972201
7942.472735
7946.546786
7946.995335
7948.381649
7948.636313
7952.8402
7953.693457
7953.755502
7953.944194
7954.383497
7956.305128
7956.666555
7956.729267
7956.842304
7958.142546
7958.864962
7960.291389
7960.948747
7961.01847
7961.935671
7962.164287
7962.601384
7962.82095
7962.953683
7966.360776
7969.127839
7969.338343
7969.833529
7970.994335
7971.193525
7971.978886
7972.202688
7972.628488
7973.934123
7975.332126
7975.354911
7975.612786
7977.539497
7978.624102
7978.714683
7978.73572
7978.779035
7979.42288
7979.452858
7979.612763
7980.064816
7981.043187
7982.852466
7984.638919
7986.36246
7987.355178
7987.769077
7988.313736
7990.939049
7991.365982
7993.504257
7995.669792
7995.937586
7997.490048
7998.605874
7999.24894
8002.118031
8003.959649
8004.269732
8005.956903
8007.40158
8008.007289
8009.297602
8010.17524
8012.638776
8013.491799
8013.755469
8014.169194
8014.309592
8014.967271
8015.222815
8016.387716
8016.705701
8017.574213
8018.047874
8019.559561
8020.410465
8021.42141
8023.568806
8024.288997
8025.2983
8026.069987
8026.160074
8027.040971
8027.797237
8030.052771
8031.950405
8033.739439
8038.338172
8039.058595
8039.884651
8039.922372
8042.688162
8042.909854
8042.984892
8046.14447
8046.245384
8046.62183
8046.656639
8047.163877
8049.016085
8049.641415
8050.637084
8056.403538
8057.542427
8063.950203
8067.879516
8068.847241
8069.035817
8070.781427
8077.670439
8078.067634
8079.616489
8080.326418
8082.570193
8085.627709
8090.701288
8091.391039
8094.760004
8096.315414
8096.993364
8101.262382
8101.322209
8102.89634
8103.725408
8104.239792
8104.857984
8105.264141
8106.492565
8106.956351
8107.227299
8108.547047
8111.987463
8114.077614
8117.763991
8118.701128
8120.647931
8122.049702
8124.379884
8128.031728
8128.338458
8128.663743
8129.06423
8130.79045
8133.838612
8134.41553
8142.817523
8154.105688
8157.870441
8163.73298
8165.236706
8166.145302
8167.622617
8170.164078
8176.500059
8179.043969
8179.715528
8184.333974
8188.103415
8188.153781
8190.823513
8192.216579
8193.798427
8197.151125
8197.464752
8198.813834
8199.266466
8199.355043
8201.100079
8201.414985
8203.378362
8203.610045
8203.946223
8212.722754
8214.251417
8216.451734
8216.669263
8217.349122
8220.039111
8228.547427
8231.718928
8238.558113
8238.784617
8240.390035
8241.621396
8245.617428
8246.918884
8248.508324
8254.053108
8261.906633
8265.379561
8265.673753
8268.200171
8270.656618
8279.466754
8282.449998
8284.163158
8290.423879
8294.208056
8295.56598
8304.260244
8306.314118
8310.324041
8311.314752
8314.60223
8317.051003
8327.994258
8331.294172
8332.36351
8334.114706
8335.005583
8339.069361
8340.331714
8344.183348
8345.163696
8345.551127
8353.265791
8353.810839
8360.560795
8361.60145
8363.498342
8363.693563
8364.418018
8364.643959
8366.613361
8370.510791
8371.395099
8373.631942
8374.575866
8376.654824
8377.645123
8382.508882
8383.074586
8383.57454
8389.182346
8390.281213
8391.395582
8391.896858
8392.390278
8393.113133
8395.253358
8398.704392
8401.392083
8402.053295
8403.414049
8405.118877
8406.833933
8410.15848
8411.047247
8416.211204
8417.956859
8420.828748
8421.25872
8421.622869
8423.253333
8423.686069
8426.699284
8428.121417
8428.583209
8428.685617
8430.856507
8431.388817
8431.833243
8432.448127
8434.244732
8435.594192
8436.68381
8438.758759
8439.779933
8440.91518
8441.818145
8442.318882
8444.807994
8445.563914
8445.862478
8448.324729
8450.026506
8450.404328
8450.564188
8451.767289
8452.620087
8455.01771
8456.021608
8457.384849
8459.808419
8462.297335
8462.799802
8462.887117
8463.538715
8464.643862
8465.42633
8465.797365
8466.134418
8469.344934
8469.849607
8473.304455
8475.145717
8478.094485
8479.535685
8480.383798
8488.27213
8489.021338
8489.654037
8491.522894
8492.255434
8492.753387
8493.762005
8494.265807
8494.364026
8495.005521
8495.09098
8495.569107
8495.836033
8496.47476
8497.221857
8501.379612
8503.050713
8503.665366
8504.419847
8505.466477
8505.654981
8505.952505
8505.997685
8506.604097
8506.700684
8506.969701
8509.146885
8509.425965
8510.792471
8511.615329
8512.460046
8513.01956
8513.969799
8515.113815
8515.301707
8517.943138
8519.38654
8520.263504
8524.818115
8524.937425
8526.055088
8526.92029
8526.960856
8527.527146
8528.324276
8531.518437
8531.791421
8531.819331
8532.049121
8532.26152
8532.317074
8532.831132
8533.94051
8534.089849
8534.779874
8538.551575
8538.811814
8539.477797
8539.639841
8540.85895
8541.194671
8541.537346
8542.03653
8543.487992
8543.807953
8546.448347
8547.032401
8547.36466
8547.810895
8548.044022
8548.48078
8549.722166
8549.947512
8549.962738
8550.014266
8550.450879
8552.252982
8553.197173
8554.189639
8554.940065
8555.856806
8556.179284
8556.571754
8556.662948
8558.57676
8559.107714
8559.922056
8560.175095
8560.58709
8560.68757
8561.027817
8561.245546
8561.558403
8561.815144
8562.380757
8562.618991
8562.767776
8564.328956
8564.373563
8564.533341
8564.537343
8564.779966
8566.479807
8566.51388
8567.314328
8567.875308
8568.325549
8568.40525
8568.876953
8569.333575
8569.390509
8569.821395
8570.513177
8570.963513
8573.158279
8574.92105
8575.605867
8576.452997
8576.599689
8576.623404
8576.856337
8578.984103
8579.11521
8579.209709
8580.027107
8580.848826
8582.326567
8582.530822
8584.014063
8584.084751
8585.442768
8586.518283
8586.970885
8587.003573
8587.17086
8587.491069
8588.754137
8590.508694
8590.805785
8591.744298
8591.777871
8593.602605
8594.90002
8595.301815
8595.865304
8596.093736
8596.251283
8597.353257
8599.700023
8601.526478
8601.807566
8602.113284
8603.210958
8604.02669
8604.532811
8605.117327
8605.775144
8606.146105
8606.392014
8607.160384
8607.365832
8608.370807
8609.011821
8610.032845
8610.073289
8610.564449
8610.673725
8610.831814
8610.947957
8611.157451
8613.518271
8614.353588
8614.821968
8615.366207
8615.685464
8617.442422
8617.798756
8618.020434
8618.20623
8618.681398
8618.761379
8619.278391
8619.451411
8619.699567
8620.255059
8622.193871
8622.661523
8622.727465
8622.837075
8623.29343
8623.601733
8623.862652
8624.495957
8624.689922
8624.871338
8625.149119
8625.456417
8627.579548
8630.208662
8633.182407
8633.791712
8634.692993
8635.860582
8636.296642
8636.763609
8637.656065
8639.042975
8639.83569
8640.941293
8641.40779
8642.136985
8643.853003
8645.096333
8645.21506
8645.427293
8645.759341
8645.797301
8646.704409
8646.92923
8648.228797
8650.874037
8652.811565
8652.945429
8653.102093
8653.441247
8654.199294
8654.497896
8655.895613
8656.146638
8656.903149
8656.940937
8657.102715
8658.30595
8659.450759
8659.673186
8659.994906
8660.887699
8661.140461
8661.877666
8662.279618
8662.723029
8662.841416
8664.563876
8665.155804
8665.380119
8665.576282
8665.576403
8666.596284
8666.86683
8667.098941
8667.260702
8668.167315
8668.240523
8669.074229
8669.193123
8669.348051
8669.680761
8670.434879
8670.917548
8671.243628
8671.539081
8672.243634
8672.24883
8672.634278
8672.865422
8673.601835
8673.841232
8673.954767
8674.008961
8674.38001
8675.223668
8675.324677
8675.461056
8675.70203
8676.388742
8676.560261
8676.848725
8676.993114
8677.881126
8680.284184
8681.679682
8681.772528
8683.265352
8683.266837
8683.743515
8684.123326
8684.221264
8684.296074
8684.308575
8685.689481
8686.91004
8687.850128
8688.121996
8689.235732
8689.536249
8689.737255
8689.774928
8690.581766
8691.036852
8692.559225
8693.409042
8693.622085
8693.924583
8694.093735
8694.132987
8694.348108
8694.441474
8695.189838
8695.192954
8695.196769
8695.270973
8695.972308
8696.289789
8696.800066
8697.872703
8698.857519
8699.215887
8699.621105
8700.403134
8700.647154
8702.899385
8703.608432
8704.2904
8704.610191
8704.679247
8704.714633
8705.528887
8705.684619
8706.322358
8706.566383
8707.476659
8707.858521
8709.92628
8711.292692
8712.151991
8715.319149
8715.849015
8716.089254
8716.587884
8717.140995
8717.232097
8717.708608
8719.62519
8720.172917
8720.475242
8720.704532
8720.722053
8720.882681
8721.520212
8721.572052
8721.935341
8722.021475
8722.166038
8722.221119
8725.321266
8725.458203
8725.463117
8726.331851
8727.328884
8727.476522
8727.946763
8728.461739
8728.719944
8728.963237
8729.078844
8729.506849
8729.541775
8729.611365
8729.625928
8731.721709
8732.016867
8732.15924
8732.556484
8732.964748
8733.417969
8733.438254
8734.17259
8734.826611
8735.162005
8735.22945
8737.143597
8737.448765
8737.838035
8738.318828
8738.813823
8738.840564
8738.983856
8739.519498
8739.63364
8739.640529
8740.332691
8740.801805
8740.904408
8741.888956
8742.072491
8742.410582
8742.555707
8743.583784
8744.022786
8744.146047
8744.277505
8744.703267
8746.626527
8747.081465
8747.600923
8751.292949
8752.168695
8752.85726
8753.062159
8753.162106
8753.240063
8753.433687
8755.389318
8756.044588
8758.163054
8758.333196
8758.499285
8758.707808
8759.561026
8760.063903
8760.26837
8760.481344
8761.359923
8761.361962
8761.426914
8761.608359
8762.354199
8763.355393
8763.702518
8763.759764
8764.192275
8764.897869
8765.427239
8766.881681
8767.495508
8767.882291
8768.25611
8768.558813
8770.221553
8770.392347
8770.587026
8771.1892
8771.520475
8772.070157
8773.211558
8773.590395
8774.156531
8775.840658
8776.874723
8777.336722
8777.337548
8777.690922
8778.719575
8778.798999
8779.363022
8779.910801
8780.628146
8782.858931
8783.135284
8784.5237
8784.781222
8786.495705
8786.880213
8789.586994
8790.798404
8792.46228
8792.48307
8792.49685
8792.50295
8793.076558
8793.1905
8794.087588
8794.89191
8795.217913
8796.037765
8797.794238
8798.290567
8798.367342
8799.025885
8800.623097
8801.254092
8801.583024
8801.708785
8803.655345
8803.843867
8804.183122
8804.197509
8806.207036
8806.604148
8807.182092
8808.809034
8808.904147
8808.960704
8809.183595
8809.792917
8810.151123
8810.699
8810.719193
8812.222594
8813.065022
8814.171891
8814.839489
8815.215392
8815.743385
8816.363135
8816.540763
8816.587982
8817.843597
8820.815747
8821.978516
8821.979494
8823.737918
8824.021748
8824.942298
8825.709281
8827.171313
8827.404771
8827.511175
8827.56909
8827.841508
8829.087237
8832.364921
8834.077438
8834.994857
8836.434422
8839.552337
8840.359294
8840.816033
8841.472713
8841.496817
8842.160396
8842.189322
8843.260769
8843.879409
8844.190242
8844.749974
8846.908211
8847.725795
8848.352252
8848.523869
8848.585367
8848.856656
8850.869572
8851.036689
8851.565481
8852.042169
8852.217016
8852.661673
8852.856133
8853.283416
8855.227354
8855.286699
8855.945272
8856.401283
8856.756086
8856.865357
8857.753789
8859.235584
8860.200213
8861.22864
8863.714518
8864.593827
8864.799308
8866.458998
8868.176681
8868.520601
8869.908332
8870.492665
8873.562714
8875.520246
8876.235623
8877.91316
8879.754161
8880.795006
8881.630536
8881.944137
8883.886158
8884.110007
8884.604682
8884.923566
8885.351752
8885.943784
8886.232472
8888.277791
8891.679946
8891.998717
8892.319304
8894.115333
8896.030484
8896.727286
8896.751595
8900.711257
8903.11531
8903.151989
8904.508704
8905.793171
8906.228255
8907.912462
8908.329688
8909.008394
8909.8931
8912.273104
8914.483224
8914.696411
8914.805104
8915.917782
8919.47799
8923.100731
8923.232933
8925.551439
8929.485035
8929.935206
8930.199975
8934.687344
8935.866478
8936.540264
8937.55324
8937.558749
8937.570709
8940.04169
8940.23915
8940.250261
8940.956298
8941.353725
8941.936659
8944.734609
8949.590715
8953.021368
8957.140456
8957.65723
8959.664902
8965.321126
8966.342728
8967.6769
8970.217079
8970.43746
8973.79908
8975.474818
8975.54863
8986.32221
8986.71022
8988.096936
8988.187316
8989.387316
8990.417713
8991.356048
8992.508727
8996.244261
8997.16012
8998.340694
9000.605531
9002.118046
9003.557692
9008.07955
9008.103492
9010.679924
9014.420836
9015.781726
9015.79312
9017.080923
9024.927464
9025.756054
9030.043069
9030.189665
9031.597822
9033.412755
9036.992217
9039.987866
9042.387479
9044.419726
9044.462858
9045.667141
9049.231993
9053.738963
9057.026361
9064.06544
9067.415524
9075.006156
9076.205329
9079.853775
9081.675887
9083.678287
9084.224667
9085.69973
9090.135543
9091.470828
9093.567406
9095.206857
9095.655457
9098.192389
9099.85204
9100.247833
9104.397174
9107.095235
9110.317854
9119.04651
9119.835598
9121.996327
9125.306361
9126.117685
9130.370547
9131.884249
9140.967078
9141.290097
9141.630359
9150.645359
9155.410797
9160.171605
9160.545638
9163.197889
9167.628936
9173.943417
9177.651512
9184.510243
9197.978223
9203.619192
9205.35826
9208.864252
9214.740928
9219.085892
9220.756122
9225.113723
9226.814846
9227.231083
9232.791354
9236.712703
9238.74988
9243.46735
9244.870093
9249.69115
9251.752118
9254.60995
9257.003013
9258.536461
9259.174967
9259.362512
9260.076773
9262.099981
9267.235954
9267.68205
9269.041336
9276.786275
9282.914386
9284.28122
9289.497791
9291.543098
9292.463855
9292.541588
9292.603603
9295.267512
9296.362208
9297.051322
9297.310025
9297.416266
9302.479557
9321.087258
9324.702233
9325.259548
9325.696783
9326.784205
9333.116873
9334.114841
9335.378677
9337.177446
9343.656302
9351.250093
9359.494219
9360.35784
9360.39286
9361.209972
9371.08037
9371.68798
9373.374174
9386.678091
9386.803404
9390.889715
9392.032362
9396.021912
9404.117401
9404.708157
9407.483312
9412.292919
9415.309098
9422.77901
9428.037522
9438.195889
9441.719618
9442.223103
9443.438143
9444.387607
9452.94435
9455.16831
9457.100848
9458.646903
9462.384979
9472.36993
9473.951454
9479.731638
9482.831497
9499.489439
9511.052664
9516.841238
9525.196987
9530.432118
9531.483901
9533.209151
9537.062695
9549.053222
9550.542709
9552.833103
9552.877208
9568.557926
9579.999874
9587.670188
9591.71275
9593.22341
9602.582376
9605.426122
9622.62523
9628.957207
9635.987538
9654.519174
9664.962813
9669.483349
9675.915708
9685.346663
9713.585385
9720.932196
9751.206851
9756.016851
9756.438686
9783.450053
9783.504069
9785.202007
9822.606524
9823.707544
9844.002312
9857.674862
9874.429818
9914.329197
9915.14524
9937.827388
9951.928775
9971.273852
9976.75622
10011.317003
10046.130255
10073.49138
10157.558509
10158.300101
10185.902968
10405.129431
10489.496511
10490.244544
