1.580225
1.581726
1.756254
6.677412
7.248866
7.249891
7.298005
7.452578
7.513309
7.572108
7.589516
7.6762
7.725259
7.938532
8.107625
8.192144
8.642935
8.777569
8.787657
8.921543
8.945976
9.102746
9.164341
9.208896
9.221287
9.221957
9.506702
9.928612
9.96449
9.987333
10.059303
10.537035
10.53999
10.628175
11.015217
11.152541
11.210083
11.221109
11.270703
11.271308
11.284775
11.377911
11.501358
11.707137
11.737683
11.834926
12.119245
12.120281
12.19952
12.665928
12.728174
12.741672
12.751896
12.831956
12.860384
12.870423
12.878225
12.962065
12.971032
13.138119
13.306213
13.434518
13.470405
13.494128
13.574868
13.688627
13.690407
13.701442
13.782465
13.84074
13.855886
13.915856
13.926326
13.932423
13.933785
13.98212
13.984332
13.998062
14.013255
14.037884
14.062109
14.145684
14.219799
14.30584
14.31051
14.378329
14.387113
14.517255
14.5483
14.624725
14.748602
14.8058
14.871521
14.981026
15.174467
15.379611
15.516293
15.531376
15.599141
15.607804
15.615796
15.701842
15.716044
15.724398
15.754474
15.99346
16.209203
16.319687
16.343803
16.367372
16.500269
16.550519
16.573838
16.574137
16.607189
16.669485
17.141205
17.298985
17.335894
17.386259
17.895838
17.926983
18.076104
18.095533
18.155395
18.24085
18.270578
18.30154
18.408411
18.638515
18.647548
18.82118
18.855285
19.125269
19.251352
19.476076
19.634442
19.894629
20.048642
20.236768
20.352205
20.397666
20.68955
20.820683
21.171967
21.273969
21.307784
21.509129
21.523202
21.920527
22.615718
22.647494
23.501946
23.843082
24.159432
24.379973
24.503653
25.164114
25.395282
25.732811
25.773515
27.477424
27.892
28.138871
28.914991
29.111685
30.135822
30.967035
31.882396
31.908092
33.496184
34.708085
36.109927
36.719083
37.617912
38.115669
42.253958
46.089952
47.80842
48.958353
49.138674
50.319818
51.076812
51.658247
53.81049
53.838679
59.105845
64.032288
77.485131
86.594207
96.191292
99.818784
106.506709
111.432862
111.443705
111.543853
111.956451
112.798671
113.144887
116.433806
117.205208
117.461712
117.806897
118.764945
119.500941
119.547195
119.924851
119.944845
120.452093
120.569098
120.780282
120.984562
121.379348
121.501303
121.603519
121.880033
122.012627
122.989358
123.001077
123.207366
123.536449
123.846963
124.015524
124.750206
124.819918
125.111473
125.149357
125.323976
125.698203
125.728492
125.901617
125.997053
126.309539
126.404905
126.434405
126.625064
126.63554
126.643304
126.673402
126.741852
126.908647
127.066697
127.306091
127.37152
127.437756
127.440472
127.579775
127.622092
127.721457
127.828426
128.448512
128.661952
128.674655
128.786377
128.900707
129.004029
129.547127
129.559765
129.56025
129.803748
129.814634
129.878505
130.245528
130.496909
130.519437
130.589556
130.649389
130.861558
131.322116
131.69912
131.850281
132.034677
132.038085
132.197596
132.281478
132.425575
132.457563
132.551436
132.702798
132.945008
133.288019
133.498525
133.749337
133.805988
133.857474
133.969405
134.1288
134.789932
134.898356
134.927631
134.991999
134.99213
135.059826
135.074296
135.515743
136.038926
136.774287
136.808146
137.142329
137.340584
137.38133
137.757114
137.873576
138.777445
138.987255
139.486923
139.642278
139.854812
140.292013
140.494288
141.171658
141.493276
141.647125
141.690208
141.896436
142.004252
142.479437
142.498463
143.072837
144.350124
144.898963
145.519657
145.529856
145.580562
145.683977
145.717356
145.910537
146.37642
146.764456
146.953208
147.011357
147.97013
148.079449
148.090418
148.21939
148.37903
148.602078
148.620877
149.01776
149.543837
149.625789
149.692013
149.840746
149.944748
150.05398
150.082495
150.2347
150.40688
150.674906
150.788856
151.079586
151.194471
151.308388
151.477774
151.890329
152.056568
152.126918
152.268468
152.390926
152.72482
152.865489
152.924463
153.07138
153.32581
153.517252
153.598203
153.666581
153.93075
154.332684
154.460532
154.510688
154.554164
154.62668
154.778891
154.834884
154.83534
155.001348
156.392551
156.665624
157.560563
157.853672
158.089984
158.253083
158.415706
158.435317
158.496801
158.57997
158.714748
158.890451
158.899151
159.042988
160.486646
161.07461
161.955253
162.811404
165.087102
167.178567
167.462728
167.532898
169.242183
169.306775
169.638803
169.748046
170.504677
170.843241
170.992988
172.400041
173.265194
174.760481
175.539562
176.764136
177.181006
177.584777
179.023307
179.24674
179.379778
180.319158
180.50557
182.945159
183.456741
184.63744
184.853375
184.885518
185.011609
185.494044
185.57927
185.847604
186.171782
186.255798
186.487711
186.765837
186.813262
187.013065
187.03842
187.247333
188.064533
188.414903
188.688439
189.124114
189.223414
189.236957
189.421386
189.81239
190.000466
190.021563
190.585897
190.679845
190.743981
191.231207
192.325035
192.508415
192.725452
192.843704
192.945197
192.962743
192.997631
193.031546
193.87082
194.032514
194.220131
194.232026
194.281503
194.504042
194.732358
194.897971
194.922698
195.094077
195.166767
195.172393
195.202166
195.683993
195.73905
195.767973
195.958424
195.990535
196.575264
196.882445
197.050215
197.171071
197.233488
197.240702
197.340217
197.624633
197.808758
197.963193
197.964451
198.062937
198.185879
198.493431
198.510244
198.570827
198.690684
198.901411
199.175731
199.892973
200.622551
200.650971
200.728508
200.750477
200.782604
200.996125
201.227649
201.372125
201.425439
201.431067
201.535363
201.729876
201.892715
202.036333
202.080418
202.148755
202.273947
202.684704
202.69839
202.731725
203.109913
203.145014
203.444445
204.845848
204.847679
205.101084
205.140404
205.500144
205.656005
205.792292
205.818915
206.362573
206.655113
207.054481
207.250757
207.488005
207.920534
208.053653
208.123537
208.167012
208.446231
208.53836
209.059372
210.31931
210.353358
210.378131
210.821081
210.881069
211.077334
211.754329
212.055073
212.500442
213.864446
214.22382
215.375218
215.725383
216.026821
216.313934
216.935479
216.950544
218.356581
218.510881
218.849346
219.512992
220.004449
220.68735
220.763561
220.81702
222.389694
223.452486
226.384243
226.997401
231.53679
232.586846
234.474821
234.96176
237.088879
237.465521
244.350831
251.974803
267.331621
275.035488
281.119441
283.328099
289.021661
301.103347
304.528704
305.42874
306.065302
310.816216
320.620722
322.368194
326.727004
327.718988
330.338436
334.344972
337.410051
341.973369
344.54341
350.069165
356.802336
379.323472
387.997548
388.078849
390.618202
391.487159
396.26826
408.18394
415.954503
442.877392
445.844273
447.093786
456.682147
457.175365
458.745005
460.125535
461.489884
463.601928
465.733975
474.413212
477.674582
480.729768
487.791422
496.34421
499.261498
505.810519
506.889752
515.713643
525.165688
526.026498
528.674939
529.197426
540.086703
550.479667
551.832173
552.491261
553.931173
558.546436
560.922373
561.489973
565.37995
565.712023
568.13451
576.417514
577.238433
577.403203
581.752102
583.668709
585.927752
587.065347
587.481251
588.011773
592.21501
596.715287
597.717921
599.694506
606.973622
612.150622
625.031262
629.246746
653.612956
661.922617
664.385868
670.513404
673.091307
676.846122
677.496889
681.581066
690.931096
699.199378
702.162483
703.340797
720.22366
727.531602
733.180976
736.931136
745.248681
745.91211
746.999057
749.097245
751.04395
814.54258
848.982183
1020.236297
1025.158494
1034.044136
1073.19104
1140.891395
1164.940155
1177.530181
1212.474463
1265.888309
1384.495813
1403.133512
1466.788883
1778.510683
1778.985227
1951.943861
2106.347623
2719.684274
2868.944331
3043.895169
3109.24572
3190.667003
3355.413684
3393.070652
3466.953218
3479.577874
3498.721612
3499.162043
3515.936348
3539.793827
3549.022383
3559.673746
3560.700547
3587.398681
3591.738682
3611.532233
3615.137977
3615.721214
3617.512506
3618.537225
3621.900394
3625.995776
3626.322223
3626.66663
3638.470599
3640.043943
3641.651827
3645.759611
3652.390083
3653.743427
3655.145499
3658.253936
3660.496743
3668.706991
3670.431314
3673.261801
3675.78313
3676.489159
3681.082288
3683.740363
3687.473469
3690.677696
3695.124913
3701.505809
3709.977948
3729.914988
3739.865004
3744.151468
3749.957264
3754.180588
3761.353274
3765.822484
3767.253036
3807.931443
3821.182612
3851.571734
3929.55943
4007.138287
4015.372729
4129.074336
4281.111673
4347.867356
4381.958329
4527.472693
4589.333531
4735.534701
5056.057398
5113.37475
6793.327983
7131.116467
7302.953739
7320.077826
7394.304403
7498.252948
7554.66289
7602.144482
7606.328525
7665.171525
7696.449625
7713.679836
7767.514092
7870.512327
7911.641032
7916.150473
7975.10139
7990.086915
7992.177103
8056.628164
8098.632625
8103.178253
8112.876762
8117.047555
8121.768679
8126.026093
8138.367264
8140.734638
8140.829429
8152.539281
8170.829607
8171.818248
8177.521046
8184.307404
8184.675815
8185.000644
8192.443799
8192.547143
8199.540493
8204.054357
8204.547866
8212.914021
8228.841058
8234.373325
8241.891636
8244.872655
8256.872076
8259.829462
8269.811247
8272.235621
8286.227261
8290.714556
8299.32213
8305.772631
8307.551451
8310.614074
8322.622138
8339.702006
8343.827832
8349.979178
8363.000891
8368.850398
8383.448711
8389.272337
8393.400028
8397.497019
8401.941153
8405.738683
8411.8464
8413.732112
8418.113243
8421.64684
8431.611356
8442.779191
8443.029832
8452.155759
8456.766232
8468.878184
8472.941665
8479.584626
8485.68841
8507.664171
8508.479943
8513.609171
8528.479472
8529.149528
8538.818676
8549.831903
8553.961806
8562.731426
8566.156556
8568.665353
8592.812847
8614.678271
8639.275492
8679.613822
8693.778849
8701.641158
8706.055677
8737.612985
8742.092965
8798.988235
8867.813068
8939.059909
8991.043793
8992.261964
9195.880742
9201.356817
9214.344009
9241.334402
9310.800939
9368.972857
9416.974737
9448.22179
9490.99084
9528.859143
9612.236313
10008.430038
10098.957749
10188.740792
10193.525656
10283.750345
10400.23936
10432.893721
10452.317328
10479.101079
10544.487257
10580.995431
10623.353232
10676.475618
10721.874052
10748.592989
10800.507601
10802.212134
10802.218707
10802.367209
10803.717866
10804.990457
10813.183337
10813.33077
10814.297694
10816.819477
10818.703168
10819.012904
10825.557898
10830.964341
10886.414706
10921.821206
10921.822776
10921.833736
10921.839186
10921.904422
10921.936777
10922.096291
10922.97361
10923.182869
10923.843083
10927.667186
10981.91164
10999.75821
11029.710663
11043.285829
12591.939203
17463.275109
86401.720371
