139.854812
140.494288
141.171658
144.350124
145.717356
145.910537
148.21939
149.840746
150.2347
150.40688
150.788856
151.890329
152.865489
153.32581
154.332684
154.83534
156.392551
156.665624
161.07461
177.181006
180.50557
183.456741
184.853375
186.255798
186.487711
187.247333
189.124114
189.236957
190.743981
192.843704
192.945197
192.962743
193.031546
194.281503
194.897971
195.683993
195.767973
195.958424
195.990535
196.575264
196.882445
197.340217
197.624633
197.964451
198.493431
198.510244
198.901411
199.175731
200.782604
201.431067
202.036333
207.250757
208.167012
219.512992
220.68735
220.763561
234.474821
237.088879
283.328099
289.021661
301.103347
305.42874
310.816216
322.368194
341.973369
496.34421
506.889752
526.026498
528.674939
529.197426
540.086703
550.479667
552.491261
560.922373
565.37995
565.712023
568.13451
576.417514
577.238433
577.403203
581.752102
583.668709
585.927752
587.065347
588.011773
592.21501
596.715287
597.717921
599.694506
606.973622
612.150622
699.199378
1384.495813
1778.510683
1778.985227
1951.943861
3109.24572
3190.667003
7131.116467
7302.953739
7320.077826
7394.304403
7554.66289
7602.144482
7606.328525
7665.171525
7696.449625
7713.679836
7767.514092
7870.512327
7911.641032
7916.150473
7975.10139
7990.086915
7992.177103
8056.628164
8098.632625
8103.178253
8112.876762
8117.047555
8121.768679
8126.026093
8138.367264
8140.734638
8140.829429
8152.539281
8170.829607
8171.818248
8177.521046
8184.307404
8184.675815
8185.000644
8192.443799
8192.547143
8199.540493
8204.054357
8204.547866
8212.914021
8228.841058
8234.373325
8241.891636
8244.872655
8256.872076
8259.829462
8269.811247
8272.235621
8286.227261
8290.714556
8299.32213
8305.772631
8307.551451
8310.614074
8322.622138
8339.702006
8343.827832
8349.979178
8363.000891
8368.850398
8383.448711
8389.272337
8393.400028
8397.497019
8401.941153
8405.738683
8411.8464
8413.732112
8418.113243
8421.64684
8431.611356
8442.779191
8443.029832
8452.155759
8456.766232
8468.878184
8472.941665
8479.584626
8485.68841
8507.664171
8508.479943
8513.609171
8528.479472
8529.149528
8538.818676
8549.831903
8553.961806
8562.731426
8566.156556
8568.665353
8592.812847
8614.678271
8639.275492
8679.613822
8693.778849
8701.641158
8706.055677
8737.612985
8742.092965
8798.988235
8867.813068
8939.059909
8992.261964
9195.880742
9201.356817
9214.344009
9241.334402
9310.800939
9368.972857
9448.22179
9490.99084
9528.859143
9612.236313
10008.430038
10188.740792
10193.525656
10283.750345
10400.23936
10432.893721
10452.317328
10479.101079
10544.487257
10580.995431
10623.353232
10676.475618
10721.874052
10748.592989
10803.717866
10813.183337
10813.33077
10814.297694
10818.703168
10819.012904
10830.964341
10921.821206
10921.822776
10921.833736
10921.839186
10921.904422
10921.936777
10922.096291
10922.97361
10923.182869
10923.843083
10927.667186
86401.720371
