134.598812
143.533352
145.612417
147.198092
147.805004
148.868704
149.309146
149.700806
151.341339
151.409446
152.025745
152.126216
152.220215
152.70683
152.972088
154.031709
154.487643
155.76514
157.018634
167.684507
170.601669
177.425903
184.411614
184.805421
185.047648
188.410191
188.816539
188.827117
189.011005
189.851809
189.909098
189.938107
191.242123
191.319598
191.976683
192.018954
192.505518
193.112749
194.450352
194.741884
195.451354
195.861995
198.327294
199.49945
199.726758
203.355023
204.424818
213.244433
216.198257
216.449133
218.839753
225.101322
227.575324
233.503568
235.244724
236.577565
245.596242
247.984383
250.546391
259.3032
272.439179
279.099815
279.469239
282.527094
307.517715
317.284326
319.042
345.082013
351.562165
352.281652
359.508657
362.739484
365.167754
368.108077
369.972874
372.859058
382.299893
383.183275
388.371317
407.846456
539.427146
561.280216
580.273076
624.152714
969.187822
1045.895701
1391.767587
1501.408818
2247.262068
