1.507562
1.565509
1.616608
2.002987
6.745742
7.510032
7.510828
7.541254
8.009541
8.111664
8.380512
8.418297
8.516308
8.602137
8.726166
8.799551
8.892246
8.896671
8.906005
9.005047
9.055853
9.065067
9.310565
9.879273
9.89363
10.009737
10.157028
10.16222
10.168817
10.939431
11.025856
11.037594
11.058971
11.074013
11.298603
11.306071
11.33147
11.34174
11.450141
11.688032
11.783171
11.870853
11.905858
11.912643
11.964509
11.985972
12.035592
12.093137
12.166538
12.29283
12.371304
12.402591
12.596024
12.623853
12.63791
12.698855
12.944685
13.091128
13.125729
13.132839
13.141146
13.25014
13.298269
13.305085
13.383845
13.617227
13.617695
13.678144
13.721249
13.74602
14.02517
14.032155
14.041627
14.059766
14.08632
14.22089
14.320151
14.331938
14.397908
14.506243
14.556646
14.620592
14.671144
14.690242
14.692
14.708166
15.018829
15.061113
15.196676
15.554691
15.721082
15.782785
15.813213
15.899752
15.953005
16.060468
16.113972
16.146414
16.199233
16.363473
16.538232
16.550032
16.618429
16.787256
16.839516
16.849263
16.851147
16.896511
17.016392
17.116751
17.21446
17.282792
17.399879
17.407987
17.410763
17.467403
17.698335
17.800823
17.827017
17.886437
18.056913
19.101072
19.254202
19.529597
19.770483
19.961358
20.093488
20.121916
20.421484
20.425185
20.634288
20.884645
20.964458
21.220475
21.246548
21.451876
21.460451
21.696711
21.791241
22.545735
22.620204
23.077397
23.652298
23.882691
24.094917
24.383491
25.083222
25.091839
25.596685
25.664578
25.795447
26.93574
27.035203
27.595533
28.811274
28.822804
29.187998
29.435492
29.597723
31.246064
32.457816
33.876585
34.568695
34.846682
35.59362
36.109691
40.642244
41.337465
50.435297
51.549147
51.953838
52.265506
52.817692
54.942033
55.528577
55.838345
57.293392
64.943438
74.737736
82.306636
84.47066
103.463805
106.78909
108.696395
112.244886
112.595651
114.429009
116.332898
116.548046
116.59091
117.438406
118.19961
118.258562
118.727411
120.627344
120.773389
121.041236
121.056491
121.604844
121.921964
121.932302
122.586968
122.977609
123.273851
124.053778
124.316203
124.349463
125.263116
125.268474
125.300838
125.542669
125.62841
125.63722
125.706511
125.830927
125.909994
126.022313
126.084578
126.189965
126.446656
126.575057
126.655613
126.75011
126.867232
126.910844
127.096421
127.116476
127.234506
127.325081
127.408283
127.546845
127.559528
127.627288
127.756317
127.802898
127.848514
127.890842
127.972546
127.991075
128.017851
128.289333
128.462334
128.544955
128.554831
128.923532
129.070571
129.184714
129.189014
129.45469
129.610398
129.669419
129.730738
129.839081
130.141703
130.198717
130.32938
130.339053
130.568107
130.813395
130.861124
130.891007
130.916085
131.412595
131.417792
131.497069
131.498092
131.603539
131.824428
132.052712
132.23617
132.258965
132.270632
132.36893
132.39269
132.407651
132.477
132.656977
133.117526
133.19865
133.46134
133.575426
133.593457
133.842701
134.095167
134.378647
134.598812
134.832492
135.32219
135.66019
135.867148
135.869682
136.10321
136.14826
136.564225
136.892186
138.017356
138.090091
139.147469
139.276195
139.408818
139.803147
140.021189
140.576515
140.926784
141.086486
141.492782
142.641963
143.256812
143.533352
143.790128
144.079127
145.612417
145.627352
145.650953
145.657228
146.027229
146.06023
146.233926
146.527997
147.163517
147.198092
147.280945
147.314049
147.474916
147.805004
147.92876
148.599485
148.653757
148.868704
148.925097
149.040536
149.213274
149.309146
149.700806
149.705719
149.881315
149.918693
149.957177
151.210553
151.243461
151.27691
151.341339
151.409446
151.829896
151.964991
152.011423
152.025745
152.10552
152.126216
152.220215
152.372044
152.70683
152.721376
152.844114
152.972088
153.199934
154.031709
154.04984
154.393768
154.487643
154.542149
154.547139
155.062843
155.181398
155.293888
155.498372
155.574246
155.625553
155.664878
155.76514
157.018634
157.182566
157.372905
158.221507
159.043749
159.736398
159.904772
160.086485
160.092861
161.807988
161.956983
163.58235
164.393458
165.567666
166.575985
167.684507
168.326225
169.173982
170.601669
170.661804
170.837472
170.90424
172.164406
172.311462
172.484589
174.986574
175.302336
177.425903
178.959171
180.000945
182.082251
183.363326
184.181221
184.411614
184.805421
185.047648
185.312608
185.600759
185.99119
186.483032
186.674204
186.929689
187.38658
187.758069
188.410191
188.816539
188.827117
189.011005
189.354206
189.851809
189.889503
189.909098
189.938107
190.135448
190.222184
190.24291
191.242123
191.319598
191.638767
191.976683
192.018954
192.225386
192.505518
192.712036
192.767632
192.837509
193.073908
193.112749
194.263961
194.450352
194.673678
194.741884
195.451354
195.619636
195.697046
195.861995
196.416541
196.938934
197.010205
197.54562
197.696916
197.901934
197.918776
198.205839
198.327294
198.491689
198.580056
198.760431
199.047388
199.49945
199.593981
199.726758
200.349192
200.871057
201.531864
201.709643
203.165244
203.27523
203.355023
203.740837
204.061088
204.095325
204.262473
204.424818
204.557141
205.347055
205.902968
206.078205
206.522386
206.598527
207.436416
207.702789
208.023453
208.733827
208.864778
209.022456
209.660229
209.784403
210.672335
210.85438
211.333087
213.244433
214.500746
214.798925
215.459356
216.198257
216.449133
216.606464
217.027789
218.839753
219.744092
219.955442
222.246611
222.398295
223.271204
225.101322
225.399346
227.575324
229.058065
229.253594
229.414205
229.816463
230.272891
231.853916
232.497712
232.583533
232.814581
232.935644
233.306561
233.503568
233.637041
235.079996
235.244724
235.962282
236.577565
237.368596
238.148195
238.747222
238.932034
239.620356
240.769889
242.250592
243.216293
243.35542
243.952382
245.596242
246.225793
247.715866
247.984383
248.269988
248.451794
250.273648
250.546391
253.195118
255.020416
259.133848
259.3032
263.511831
264.127153
272.439179
279.099815
279.469239
282.527094
284.216631
291.062074
291.338983
296.230319
299.845312
303.229991
306.096539
307.517715
313.720141
315.256084
317.284326
319.042
319.267298
320.040925
325.62377
325.828726
326.444701
327.418472
336.570597
337.124811
338.482813
343.020854
343.88904
344.869127
345.082013
346.241391
346.348062
350.864035
351.562165
352.281652
353.060247
353.160639
354.230489
355.914868
355.950351
356.270327
356.633634
359.508657
359.753467
360.176502
361.423283
362.739484
365.167754
365.839621
368.108077
369.819018
369.972874
370.465547
370.803222
371.061599
372.859058
376.042345
377.047588
378.085598
382.299893
383.183275
388.371317
391.783325
392.339501
407.846456
439.395111
443.314916
450.705904
458.591484
493.814183
528.653396
539.427146
554.423653
561.280216
567.678714
580.273076
583.591223
590.279529
594.226548
598.464807
599.972524
611.197776
624.152714
641.200002
643.198001
645.457884
753.942912
766.255722
779.656871
794.520398
815.658733
832.749358
872.917187
887.452925
888.335061
905.915561
925.542551
930.169675
949.233326
969.187822
978.442534
1015.836137
1045.895701
1078.107324
1080.344597
1090.372385
1142.383569
1151.593464
1273.472602
1343.290542
1391.767587
1468.288032
1501.408818
1509.429076
2247.262068
3003.763905
4959.893492
5132.714026
6719.534841
7102.275055
7939.303575
