990.910742
993.367947
1012.618665
1022.997646
1025.002208
1031.642354
1046.475884
1048.309614
1049.44528
1049.818026
1066.206442
1069.319362
1071.763604
1076.079026
1093.061818
1115.079399
1118.906929
1125.259659
1131.336232
1158.103844
1159.035927
1163.554988
1167.402128
1176.371868
1181.933021
1191.573051
1214.7391
1277.91317
1307.116051
1312.076222
1338.739326
1339.648815
1366.43464
1366.95627
1414.172735
1437.747889
1448.113304
1464.002406
1469.913015
1483.267777
1489.097413
1489.742404
1492.385086
1494.182908
1494.591953
1496.251481
1497.30236
1498.094968
1499.800305
1499.878006
1500.139611
1500.528055
1501.192007
1501.626858
1502.409028
1502.520109
1502.823207
1503.257455
1503.499832
1503.565223
1505.678664
1505.777509
1506.471185
1506.805991
1507.322534
1507.500647
1507.849512
1509.434092
1510.455562
1510.639653
1511.01387
1511.122325
1511.621104
1511.688295
1511.742816
1512.430481
1513.805011
1514.115649
1515.149525
1515.181081
1515.276343
1515.81516
1515.854754
1515.973513
1516.271763
1516.30525
1516.427289
1516.50134
1516.830155
1517.096481
1517.25933
1517.33952
1517.730075
1518.091809
1518.572139
1519.729296
1519.935209
1520.249467
1520.571398
1520.988236
1521.03625
1521.055645
1521.150569
1521.344944
1521.494238
1521.519673
1521.592347
1521.790643
1522.086796
1522.190062
1522.321252
1522.552756
1523.396118
1523.457905
1523.575479
1523.926241
1524.552239
1524.773828
1524.92112
1525.156682
1525.300661
1525.40576
1525.485384
1525.521462
1525.876291
1526.262659
1526.272811
1526.403422
1526.477494
1526.674713
1526.718372
1526.964057
1527.342645
1527.708082
1527.752471
1527.873452
1528.011817
1528.092537
1528.294961
1528.322679
1528.406864
1528.676071
1528.762684
1529.097343
1529.111596
1529.23318
1529.364726
1529.460241
1529.555743
1530.020892
1530.151585
1530.329942
1530.400206
1530.427081
1530.434556
1530.53114
1530.690428
1530.741247
1530.927557
1530.972001
1531.047358
1531.055131
1531.134008
1531.277221
1531.335368
1531.389993
1531.473642
1531.864015
1531.879759
1532.075933
1532.124913
1532.144421
1532.273978
1532.470934
1532.514905
1532.525551
1532.634097
1532.745485
1532.772582
1532.934723
1532.967914
1533.475845
1533.900944
1534.113882
1534.15203
1534.152873
1534.176813
1534.379265
1534.424449
1534.699468
1535.077486
1535.12758
1535.544657
1535.567241
1535.628347
1535.814276
1535.815313
1535.827149
1535.828854
1536.396264
1536.616638
1536.799612
1536.884402
1536.926105
1536.998597
1537.232916
1537.285178
1537.383766
1537.634496
1537.831551
1538.065723
1538.259271
1538.272937
1538.339688
1538.426557
1538.632897
1538.74136
1538.746935
1538.901461
1538.981747
1539.028573
1539.124766
1539.513238
1539.596039
1539.747514
1539.788207
1539.872683
1539.925937
1539.976345
1540.079749
1540.144293
1540.158841
1540.199494
1540.210191
1540.283963
1540.5071
1540.709401
1540.807497
1540.895784
1541.000781
1541.01879
1541.041836
1541.189809
1541.190987
1541.264746
1541.503915
1541.730585
1541.797207
1542.3485
1542.474942
1542.54289
1542.667883
1542.87801
1542.960517
1542.972621
1543.482245
1543.549158
1543.583409
1543.635791
1543.669793
1543.758662
1543.941174
1543.963708
1544.18932
1544.234779
1544.260226
1544.273031
1544.502417
1544.629593
1545.117244
1545.163067
1545.181587
1545.31444
1545.377129
1545.379429
1545.613825
1545.621068
1545.638201
1545.639355
1545.708553
1545.83129
1545.946564
1546.009785
1546.087015
1546.166363
1546.187805
1546.200477
1546.236135
1546.449973
1546.676644
1546.829329
1546.975857
1547.031954
1547.08141
1547.147821
1547.166048
1547.170604
1547.345032
1547.581221
1547.672969
1547.764047
1547.769433
1547.825902
1547.891879
1547.96182
1548.138211
1548.159514
1548.170889
1548.189985
1548.499187
1548.618978
1548.682739
1548.722461
1548.816675
1548.86127
1548.902665
1548.942059
1549.093927
1549.188361
1549.280017
1549.366276
1549.598453
1549.872975
1549.880142
1549.969324
1550.148658
1550.37284
1550.451167
1550.479276
1550.48998
1550.677078
1550.754807
1550.857726
1550.887647
1550.910053
1551.050585
1551.077613
1551.216309
1551.315431
1551.330445
1551.38012
1551.41482
1551.41611
1551.559684
1551.590852
1551.594389
1551.828553
1551.859671
1551.883167
1551.889829
1551.945358
1551.953745
1551.977001
1551.983081
1551.999522
1552.077562
1552.080967
1552.108188
1552.283694
1552.358965
1552.598216
1552.803775
1552.813187
1552.820424
1552.826776
1552.886473
1553.021626
1553.036793
1553.099613
1553.145601
1553.199706
1553.201055
1553.221679
1553.550443
1553.575005
1553.619516
1553.644514
1553.654621
1553.688311
1553.786012
1553.869882
1553.973798
1554.023065
1554.035838
1554.070304
1554.161592
1554.177657
1554.200495
1554.223988
1554.341797
1554.379566
1554.40533
1554.428286
1554.486059
1554.509963
1554.520494
1554.583292
1554.596645
1554.610443
1554.626646
1554.648997
1554.792411
1554.808456
1554.811261
1554.837511
1554.908458
1554.909969
1554.93448
1554.942645
1554.944135
1554.995197
1555.017607
1555.115786
1555.129017
1555.330459
1555.431249
1555.589705
1555.619237
1555.664331
1555.723291
1555.731176
1555.818055
1555.860445
1555.86928
1556.122286
1556.136406
1556.151414
1556.153625
1556.238644
1556.249446
1556.578517
1556.721438
1556.827858
1557.026045
1557.02843
1557.100552
1557.118347
1557.229685
1557.253094
1557.264413
1557.334582
1557.369539
1557.38088
1557.587774
1557.595679
1557.692738
1557.797741
1557.864192
1557.897482
1558.041566
1558.132795
1558.200336
1558.206203
1558.239972
1558.353787
1558.378831
1558.507974
1558.601474
1558.608619
1558.6869
1558.707444
1558.722476
1558.788432
1558.795754
1558.837444
1558.844594
1558.893769
1558.940383
1558.985397
1559.109149
1559.264475
1559.267117
1559.281358
1559.285348
1559.291179
1559.37729
1559.387174
1559.484305
1559.616362
1559.651843
1559.801548
1559.849822
1559.991301
1560.04292
1560.321999
1560.351906
1560.371743
1560.391354
1560.405584
1560.421367
1560.492048
1560.49372
1560.503393
1560.505091
1560.659853
1560.710695
1561.217079
1561.264233
1561.272129
1561.272728
1561.292502
1561.337418
1561.359138
1561.361391
1561.389776
1561.415385
1561.486014
1561.606794
1561.655734
1561.800139
1561.84521
1561.856597
1561.91312
1561.963384
1562.023361
1562.039392
1562.142183
1562.157419
1562.191918
1562.263691
1562.268614
1562.275711
1562.307332
1562.339209
1562.372386
1562.376796
1562.388643
1562.493812
1562.526031
1562.639304
1562.646016
1562.704597
1562.764162
1562.82517
1562.87137
1562.916049
1563.008599
1563.104612
1563.163565
1563.170555
1563.17952
1563.212665
1563.232107
1563.431605
1563.458717
1563.66317
1563.677456
1563.752552
1563.940734
1563.993882
1564.13762
1564.141728
1564.23637
1564.250564
1564.473112
1564.614247
1564.621238
1564.659135
1564.703495
1564.797453
1564.843446
1564.857994
1564.893469
1564.926952
1565.018467
1565.054654
1565.146329
1565.150263
1565.154
1565.281272
1565.293141
1565.335655
1565.505953
1565.528327
1565.53524
1565.597235
1565.621266
1565.653373
1565.715302
1565.775603
1565.781947
1565.865013
1565.894517
1565.897904
1566.149986
1566.15583
1566.327295
1566.334135
1566.434718
1566.43873
1566.452598
1566.682419
1566.756523
1566.849536
1566.879884
1566.891113
1566.9045
1566.92683
1567.029092
1567.042996
1567.211542
1567.287476
1567.441317
1567.54208
1567.571016
1567.745978
1567.791386
1567.823504
1567.866357
1567.937881
1567.938619
1567.981075
1568.031905
1568.045374
1568.171651
1568.19207
1568.313708
1568.3417
1568.514403
1568.524664
1568.652673
1568.677891
1568.684026
1568.773206
1568.786592
1568.802697
1568.850369
1569.077017
1569.137724
1569.156305
1569.158376
1569.367124
1569.379407
1569.407605
1569.51483
1569.573668
1569.606297
1569.611717
1569.612971
1569.699849
1569.714724
1569.724583
1569.772652
1569.795114
1569.796513
1569.805507
1569.821204
1569.860005
1569.88976
1569.922755
1569.973475
1569.995913
1570.073859
1570.080421
1570.098264
1570.13245
1570.14817
1570.300453
1570.315491
1570.349579
1570.464218
1570.474501
1570.585272
1570.586351
1570.589445
1570.74339
1570.745404
1570.779593
1570.802683
1570.830526
1570.842265
1570.871616
1570.937087
1570.975794
1571.031616
1571.063678
1571.083021
1571.178683
1571.198229
1571.256859
1571.276114
1571.31121
1571.347167
1571.362964
1571.397156
1571.436912
1571.469825
1571.528527
1571.528955
1571.588943
1571.602281
1571.619146
1571.680747
1571.734606
1571.793735
1571.859673
1571.93491
1571.955085
1571.966052
1572.003755
1572.004839
1572.056388
1572.078628
1572.095381
1572.226385
1572.311948
1572.327159
1572.336027
1572.350975
1572.441765
1572.480978
1572.535766
1572.669019
1572.691266
1572.735107
1572.755064
1572.8398
1572.865904
1572.866778
1573.00632
1573.091177
1573.114452
1573.119468
1573.201983
1573.202049
1573.203278
1573.333838
1573.338697
1573.397883
1573.421121
1573.421905
1573.425966
1573.49303
1573.507654
1573.527331
1573.52971
1573.593105
1573.605425
1573.624447
1573.661041
1573.670643
1573.85643
1573.870857
1573.97459
1573.985515
1574.089993
1574.104936
1574.121278
1574.122552
1574.153795
1574.157331
1574.179888
1574.202807
1574.220495
1574.305652
1574.47181
1574.501704
1574.624112
1574.646975
1574.671274
1574.685527
1574.705491
1574.788257
1574.856642
1574.889384
1574.906922
1574.992148
1575.118377
1575.158192
1575.185929
1575.223372
1575.224421
1575.306968
1575.336094
1575.399543
1575.401043
1575.414288
1575.451517
1575.464696
1575.468348
1575.498587
1575.526302
1575.556314
1575.580987
1575.589656
1575.648349
1575.657312
1575.659814
1575.715097
1575.790319
1575.817229
1575.826618
1575.838616
1575.948221
1575.960041
1575.968806
1576.007688
1576.01213
1576.051122
1576.066446
1576.096685
1576.190563
1576.214766
1576.358683
1576.386742
1576.389943
1576.446016
1576.575961
1576.579753
1576.59632
1576.642475
1576.669522
1576.729884
1576.730105
1576.774688
1576.822698
1576.893355
1576.893392
1576.899201
1576.901775
1576.913987
1576.920523
1576.92672
1576.934271
1576.963885
1576.970757
1576.974176
1576.992895
1577.163115
1577.18283
1577.243562
1577.270489
1577.296811
1577.376463
1577.385243
1577.407539
1577.59274
1577.814101
1577.849345
1577.857889
1577.887079
1577.900506
1577.924398
1577.94091
1577.964368
1578.006162
1578.015593
1578.075918
1578.086015
1578.116079
1578.122908
1578.224863
1578.274335
1578.288681
1578.380418
1578.383865
1578.4388
1578.457723
1578.471448
1578.509427
1578.522983
1578.556035
1578.648743
1578.689336
1578.698084
1578.734459
1578.755566
1578.813662
1578.831475
1578.867458
1578.964628
1579.013918
1579.058713
1579.087823
1579.099045
1579.164619
1579.17955
1579.295996
1579.318095
1579.328968
1579.443371
1579.616442
1579.678097
1579.696714
1579.721315
1579.746525
1579.813856
1579.853534
1579.991805
1580.013704
1580.042446
1580.116039
1580.135717
1580.34785
1580.34888
1580.387018
1580.426049
1580.450669
1580.468303
1580.505549
1580.529844
1580.616716
1580.650362
1580.741138
1580.769285
1580.797185
1580.802686
1580.890527
1580.923741
1580.928758
1580.940918
1580.941555
1581.082173
1581.116972
1581.202975
1581.205677
1581.218202
1581.23206
1581.262566
1581.284295
1581.311987
1581.330201
1581.335064
1581.354303
1581.369321
1581.397727
1581.410901
1581.422713
1581.423101
1581.443775
1581.46654
1581.478214
1581.61939
1581.664938
1581.687349
1581.753016
1581.755386
1581.795413
1581.865992
1581.886126
1581.889095
1581.926145
1581.957834
1581.993328
1582.034085
1582.045423
1582.075079
1582.077088
1582.080949
1582.108401
1582.116797
1582.131302
1582.220949
1582.295648
1582.312516
1582.32233
1582.421374
1582.422549
1582.562169
1582.57571
1582.580451
1582.604779
1582.610842
1582.653585
1582.658976
1582.66121
1582.681937
1582.682823
1582.686454
1582.764876
1582.794341
1582.93016
1582.9642
1583.115594
1583.125451
1583.233187
1583.241242
1583.308997
1583.347648
1583.35011
1583.446785
1583.454181
1583.466652
1583.593821
1583.627049
1583.639583
1583.735643
1583.742302
1583.758635
1583.829789
1583.862748
1583.887908
1584.019629
1584.035846
1584.162801
1584.175469
1584.193505
1584.203657
1584.207923
1584.237932
1584.385033
1584.441621
1584.496553
1584.516874
1584.542159
1584.656709
1584.758102
1584.776997
1584.777701
1584.835943
1584.956006
1585.101906
1585.180054
1585.191321
1585.285694
1585.298784
1585.416475
1585.476844
1585.496417
1585.513435
1585.542603
1585.555346
1585.587644
1585.596132
1585.617945
1585.633015
1585.660111
1585.677606
1585.727711
1585.766405
1585.794547
1585.858
1585.876451
1585.913691
1585.980685
1586.011745
1586.061996
1586.065266
1586.06751
1586.095288
1586.101658
1586.109079
1586.165448
1586.186455
1586.325098
1586.346564
1586.368693
1586.400665
1586.429634
1586.442991
1586.457255
1586.505862
1586.591706
1586.612911
1586.836874
1587.008581
1587.292142
1587.324338
1587.331684
1587.343683
1587.352687
1587.393353
1587.523118
1587.541734
1587.608295
1587.632565
1587.647295
1587.675324
1587.781217
1587.897037
1587.939586
1587.981578
1588.010671
1588.029071
1588.097792
1588.125886
1588.19705
1588.253294
1588.257959
1588.273421
1588.332785
1588.40219
1588.406835
1588.648774
1588.722951
1588.840033
1588.884904
1588.943616
1588.969929
1588.997721
1588.998114
1589.010519
1589.119174
1589.122738
1589.206274
1589.272633
1589.297693
1589.313922
1589.369158
1589.440593
1589.46643
1589.470343
1589.586517
1589.632231
1589.67006
1589.682315
1589.717634
1589.753169
1589.898747
1590.001589
1590.039315
1590.042727
1590.209917
1590.248313
1590.310858
1590.38215
1590.408984
1590.411801
1590.423665
1590.493187
1590.530285
1590.557513
1590.595371
1590.597774
1590.612239
1590.713949
1590.751662
1590.768766
1590.820384
1590.837189
1590.844976
1590.866982
1590.89134
1590.906021
1590.931253
1590.985913
1590.993355
1591.02318
1591.036642
1591.14414
1591.180303
1591.230877
1591.237307
1591.307049
1591.447109
1591.467105
1591.480766
1591.486355
1591.487621
1591.51237
1591.531495
1591.542894
1591.604012
1591.62518
1591.626683
1591.747348
1591.751446
1591.755424
1591.756358
1591.787466
1591.803414
1591.855413
1591.881431
1591.943997
1591.997475
1592.022687
1592.150159
1592.159169
1592.195512
1592.289403
1592.312394
1592.323669
1592.344855
1592.437687
1592.715578
1592.732149
1592.814956
1592.854778
1592.89873
1592.901131
1593.035501
1593.055077
1593.146509
1593.174218
1593.224282
1593.28516
1593.309519
1593.313301
1593.328129
1593.331166
1593.401106
1593.452024
1593.705359
1593.878619
1593.92181
1593.989238
1594.067788
1594.10671
1594.111415
1594.137543
1594.16088
1594.165742
1594.172469
1594.214007
1594.215864
1594.241017
1594.333578
1594.335884
1594.382807
1594.413988
1594.433669
1594.436929
1594.468805
1594.490607
1594.733099
1594.734525
1594.748565
1594.763972
1594.868786
1594.892611
1594.894024
1594.919845
1594.982696
1594.984831
1595.12794
1595.153454
1595.15467
1595.205291
1595.320786
1595.337799
1595.369665
1595.373051
1595.449116
1595.455608
1595.57696
1595.620259
1595.623962
1595.72896
1595.774637
1595.779816
1595.803221
1595.862604
1595.927145
1596.027695
1596.0297
1596.078073
1596.136034
1596.156891
1596.239033
1596.262632
1596.282138
1596.314709
1596.354753
1596.370535
1596.372864
1596.596158
1596.600069
1596.651222
1596.711778
1596.715762
1596.751692
1596.926767
1596.981619
1596.996015
1597.046103
1597.049843
1597.07977
1597.121178
1597.198619
1597.286896
1597.356434
1597.357156
1597.443993
1597.449312
1597.487534
1597.519603
1597.550932
1597.569958
1597.572638
1597.583044
1597.836027
1597.840673
1597.886009
1597.996695
1598.031007
1598.056188
1598.078049
1598.241157
1598.251174
1598.282938
1598.351323
1598.428339
1598.437136
1598.437989
1598.510834
1598.532691
1598.678081
1598.688426
1598.759234
1598.759254
1598.830019
1598.849599
1599.028814
1599.118872
1599.159018
1599.184236
1599.275868
1599.318681
1599.340827
1599.369731
1599.494796
1599.54464
1599.557525
1599.591495
1599.603965
1599.639376
1599.695746
1599.713753
1599.720488
1599.770316
1599.800971
1599.817961
1599.868265
1599.8936
1599.954083
1600.01341
1600.128757
1600.200321
1600.204511
1600.205027
1600.245484
1600.259686
1600.26018
1600.351401
1600.45547
1600.468452
1600.571051
1600.571449
1600.592256
1600.631449
1600.657252
1600.658691
1600.67001
1600.756082
1600.828039
1600.836591
1600.841119
1600.847792
1600.914425
1601.009448
1601.084129
1601.101459
1601.103601
1601.116177
1601.238819
1601.417471
1601.59685
1601.609761
1601.660571
1601.676445
1601.848629
1601.913707
1601.929772
1601.979664
1602.039422
1602.052395
1602.142347
1602.167346
1602.209839
1602.259545
1602.265386
1602.276872
1602.28796
1602.411584
1602.466565
1602.585557
1602.624207
1602.647322
1602.664743
1602.696746
1602.740617
1602.745486
1602.755461
1602.795624
1602.842947
1602.869621
1602.95368
1602.985779
1603.011819
1603.027684
1603.154064
1603.260801
1603.306256
1603.438961
1603.513932
1603.550062
1603.57676
1603.677836
1603.731784
1603.791156
1603.795218
1603.82541
1603.941972
1604.036712
1604.097926
1604.259749
1604.336513
1604.342285
1604.347312
1604.376594
1604.396267
1604.411212
1604.424939
1604.458859
1604.547762
1604.578164
1604.639678
1604.664616
1604.666053
1604.750492
1604.798215
1604.833623
1604.909097
1604.973505
1605.018706
1605.023767
1605.027949
1605.074847
1605.089733
1605.111976
1605.138994
1605.162505
1605.170132
1605.193082
1605.238005
1605.238991
1605.243687
1605.263786
1605.34416
1605.344172
1605.391328
1605.40271
1605.466091
1605.497229
1605.579876
1605.646659
1605.688828
1605.750212
1605.788611
1605.853171
1605.881519
1605.913434
1605.955385
1606.122287
1606.126969
1606.140006
1606.220189
1606.220942
1606.281364
1606.31115
1606.395825
1606.40647
1606.409052
1606.442607
1606.456178
1606.609256
1606.627935
1606.640508
1606.64888
1606.769594
1606.810452
1606.85036
1606.853679
1606.854858
1606.859163
1606.968693
1606.971144
1607.00314
1607.143779
1607.151367
1607.164176
1607.166748
1607.18858
1607.19569
1607.199998
1607.202129
1607.250625
1607.260405
1607.291327
1607.365789
1607.373837
1607.397423
1607.403344
1607.407454
1607.467512
1607.468983
1607.505341
1607.522273
1607.597194
1607.617828
1607.740412
1607.7795
1607.80111
1607.832971
1607.837974
1607.843049
1607.862127
1607.95005
1607.962065
1608.004009
1608.127281
1608.141085
1608.17003
1608.289743
1608.291644
1608.31744
1608.328968
1608.494952
1608.513331
1608.527416
1608.571498
1608.595224
1608.630448
1608.661454
1608.760251
1608.774796
1608.799279
1608.823491
1608.824155
1608.884122
1608.909943
1608.972542
1609.020874
1609.051072
1609.138325
1609.150794
1609.160709
1609.191432
1609.222717
1609.233071
1609.309294
1609.372265
1609.42218
1609.464731
1609.537332
1609.557232
1609.589444
1609.603031
1609.712855
1609.729236
1609.856246
1609.875648
1609.921317
1610.008182
1610.034428
1610.043512
1610.061325
1610.122673
1610.136215
1610.225674
1610.310117
1610.373188
1610.37941
1610.430414
1610.436252
1610.549967
1610.575297
1610.58543
1610.641346
1610.73418
1610.749525
1610.759129
1610.776891
1610.858412
1610.958401
1611.022978
1611.050261
1611.111494
1611.189793
1611.249246
1611.296083
1611.342591
1611.347307
1611.516438
1611.55513
1611.574178
1611.591093
1611.68272
1611.748575
1611.780168
1611.786328
1611.873972
1611.921085
1611.941964
1611.942073
1611.96834
1612.025512
1612.056983
1612.180467
1612.218284
1612.231833
1612.253449
1612.340598
1612.360022
1612.431496
1612.439951
1612.481497
1612.511581
1612.548027
1612.572353
1612.576253
1612.643409
1612.65538
1612.679892
1612.725632
1612.730039
1612.884273
1612.911936
1612.923497
1612.950526
1612.969006
1613.09109
1613.112286
1613.210594
1613.432996
1613.526349
1613.609401
1613.619732
1613.658838
1613.687992
1613.690004
1613.69382
1613.699491
1613.705577
1613.758349
1613.803642
1613.834662
1613.851672
1613.866115
1613.935534
1614.01319
1614.025501
1614.083549
1614.135149
1614.19269
1614.206937
1614.448327
1614.462913
1614.464648
1614.485896
1614.594629
1614.607272
1614.622308
1614.672787
1614.761258
1614.782567
1614.87659
1614.885709
1614.962947
1614.985757
1615.020988
1615.027315
1615.03045
1615.141219
1615.208438
1615.226986
1615.243158
1615.272787
1615.277604
1615.293823
1615.333476
1615.401836
1615.456943
1615.651253
1615.742912
1615.755338
1615.823941
1615.904837
1615.916424
1615.950415
1615.976633
1616.082292
1616.093741
1616.150245
1616.214671
1616.336534
1616.440675
1616.476408
1616.544506
1616.553103
1616.569268
1616.625408
1616.734235
1616.756137
1617.169002
1617.171039
1617.176116
1617.185174
1617.197577
1617.226853
1617.273863
1617.30144
1617.368873
1617.411751
1617.442875
1617.579194
1617.640515
1617.701373
1617.724298
1617.78131
1617.85613
1617.871466
1618.096005
1618.149198
1618.253622
1618.342299
1618.59041
1618.612593
1618.618744
1618.754267
1618.85034
1618.914138
1619.048535
1619.067642
1619.122709
1619.129861
1619.178268
1619.18144
1619.198535
1619.258059
1619.354886
1619.35998
1619.461434
1619.539655
1619.546247
1619.587755
1619.596015
1619.610346
1619.762645
1619.857867
1619.858584
1619.865304
1619.943781
1619.969164
1619.989247
1620.001267
1620.050942
1620.125044
1620.293411
1620.427372
1620.492356
1620.509677
1620.641477
1620.658131
1620.684516
1620.709704
1620.922061
1620.93303
1620.98803
1621.258014
1621.308537
1621.310395
1621.325868
1621.38633
1621.392767
1621.401952
1621.44991
1621.50398
1621.528294
1621.548633
1621.645862
1621.648115
1621.664616
1621.670436
1621.760927
1621.77389
1621.846857
1621.852594
1621.96289
1621.999988
1622.038955
1622.085562
1622.132763
1622.33905
1622.388217
1622.443626
1622.495051
1622.518725
1622.528463
1622.537552
1622.572637
1622.643739
1622.659676
1622.778488
1622.836504
1622.87561
1622.879144
1622.893897
1622.95632
1622.966482
1622.996009
1623.020513
1623.055643
1623.057194
1623.064225
1623.078266
1623.123052
1623.127994
1623.255832
1623.271853
1623.286088
1623.297807
1623.338423
1623.363954
1623.507573
1623.528114
1623.534683
1623.658932
1623.738977
1623.813956
1624.048363
1624.066519
1624.100125
1624.119161
1624.19323
1624.199096
1624.209801
1624.216227
1624.229861
1624.287691
1624.332433
1624.34527
1624.349005
1624.383479
1624.389168
1624.41033
1624.447108
1624.484865
1624.580422
1624.638927
1624.779591
1624.807567
1624.878031
1624.942474
1625.139916
1625.224633
1625.430346
1625.450428
1625.456661
1625.497669
1625.499555
1625.543155
1625.558949
1625.656298
1625.677553
1625.723532
1625.761617
1625.779841
1625.907388
1625.922368
1625.962229
1626.141775
1626.247569
1626.335012
1626.394752
1626.455662
1626.628878
1626.729974
1626.797494
1626.833933
1626.909639
1627.019177
1627.030153
1627.071349
1627.078259
1627.143965
1627.146071
1627.198393
1627.31871
1627.320024
1627.702883
1627.768257
1627.807802
1627.844966
1627.861512
1627.992881
1628.051537
1628.094894
1628.111999
1628.182152
1628.2914
1628.298724
1628.300552
1628.337447
1628.343635
1628.402528
1628.431405
1628.449377
1628.484591
1628.544994
1628.623257
1628.840083
1629.011861
1629.041695
1629.123046
1629.479375
1629.543483
1629.654348
1629.739864
1629.841869
1629.922408
1629.927115
1629.94887
1629.958552
1630.04502
1630.454244
1630.665411
1630.686857
1630.704093
1630.707815
1630.746459
1630.760117
1630.854436
1630.871905
1630.873468
1630.950424
1631.036277
1631.220964
1631.24776
1631.251995
1631.261254
1631.283356
1631.411717
1631.609373
1631.71623
1631.777652
1631.874255
1631.931899
1631.992047
1631.998083
1632.013879
1632.101066
1632.194917
1632.266508
1632.337968
1632.398926
1632.439258
1632.494556
1632.580184
1632.669773
1632.789081
1632.802888
1632.877561
1632.940805
1632.987162
1632.995411
1633.240285
1633.256367
1633.442297
1633.445983
1633.488816
1633.500671
1633.521998
1633.536532
1633.589676
1633.61631
1633.622287
1633.686136
1633.703552
1633.707449
1633.886077
1633.890601
1634.069906
1634.076573
1634.112087
1634.133946
1634.136572
1634.17364
1634.255354
1634.400412
1634.402512
1634.518744
1634.581824
1634.618612
1634.72986
1634.795992
1634.832236
1634.903486
1635.073299
1635.154373
1635.169076
1635.30226
1635.317974
1635.47144
1635.514257
1635.523352
1635.64545
1636.010186
1636.055601
1636.084346
1636.110134
1636.390452
1636.478181
1636.487759
1636.580836
1636.628417
1636.77689
1636.865308
1636.882043
1637.011166
1637.028404
1637.059632
1637.101181
1637.185846
1637.349449
1637.388443
1637.390578
1637.508943
1637.530781
1637.575041
1637.63663
1637.646572
1637.764076
1637.79317
1637.825759
1637.853888
1637.926571
1637.999818
1638.004402
1638.13452
1638.203249
1638.257059
1638.375843
1638.424644
1638.434895
1638.437822
1638.447585
1638.645568
1638.646682
1638.661404
1638.78607
1638.826556
1638.890238
1638.993399
1639.020578
1639.04489
1639.091089
1639.211258
1639.338912
1639.346965
1639.391284
1639.419655
1639.5724
1639.597839
1639.603515
1639.638839
1639.683737
1639.694294
1639.70454
1639.930363
1639.983815
1640.209109
1640.261982
1640.368087
1640.375601
1640.656948
1640.687772
1640.734573
1640.7498
1640.909771
1640.960726
1640.960972
1641.04829
1641.103103
1641.103433
1641.253339
1641.269925
1641.528625
1641.589373
1641.63406
1641.653796
1641.700294
1641.711343
1641.711995
1641.919552
1641.938601
1642.067329
1642.233669
1642.32603
1642.348994
1642.476954
1642.515114
1642.544267
1642.689579
1642.768291
1642.817778
1642.838357
1643.051399
1643.170564
1643.211887
1643.325614
1643.553789
1643.560809
1643.631502
1643.64342
1643.647973
1644.123674
1644.16975
1644.192629
1644.51177
1644.51584
1644.60346
1644.604264
1644.784995
1644.890976
1644.918467
1644.926064
1645.170096
1645.501638
1645.532322
1645.610107
1645.611522
1645.722686
1645.840028
1645.887789
1646.018325
1646.090346
1646.428476
1646.510373
1646.510901
1646.557831
1646.775315
1646.815879
1646.997089
1647.052248
1647.181736
1647.204743
1647.360405
1647.438216
1647.451496
1647.487402
1647.585551
1647.618314
1647.675854
1647.710316
1647.739792
1647.807443
1647.838532
1647.8616
1647.965193
1648.120191
1648.198028
1648.484925
1648.696101
1648.753327
1648.826209
1648.887199
1648.900667
1649.109387
1649.126682
1649.252522
1649.265267
1649.597176
1649.702127
1649.739752
1649.748996
1649.870833
1650.051989
1650.463756
1650.474912
1650.663815
1650.803383
1650.887646
1651.152115
1651.230106
1651.261321
1651.265094
1651.398999
1651.407017
1651.444262
1651.45812
1651.820839
1651.851111
1651.871405
1651.951675
1651.973218
1651.975184
1652.113987
1652.215164
1652.274091
1652.290666
1652.632151
1652.723725
1652.819543
1652.925831
1652.940531
1652.975351
1653.095974
1653.159437
1653.160643
1653.289112
1653.343643
1653.37662
1653.438623
1653.511523
1653.674241
1654.204797
1654.57392
1654.624071
1654.743239
1655.010647
1655.10837
1655.121955
1655.355518
1655.625027
1655.648214
1655.679451
1655.713174
1655.732337
1655.756421
1655.888439
1655.947985
1656.004229
1656.050533
1656.182186
1656.536728
1656.69993
1656.927615
1657.053897
1657.189586
1657.239185
1657.447332
1657.500222
1657.525409
1657.921922
1657.966791
1657.980342
1657.99396
1658.090184
1658.123656
1658.225844
1658.348913
1658.377776
1658.472156
1658.63107
1658.65186
1658.757453
1658.778346
1658.90259
1659.048332
1659.34649
1659.82425
1659.833995
1660.075036
1660.178919
1660.194349
1660.360138
1660.367538
1660.738833
1660.93948
1661.213785
1661.401404
1661.471892
1661.521519
1661.554275
1661.566213
1662.165391
1662.183411
1662.315168
1662.477966
1662.614557
1663.011099
1663.231951
1663.449535
1663.560477
1663.83782
1664.018602
1664.181074
1664.340521
1664.492045
1664.618219
1664.874727
1664.899204
1664.984139
1665.53218
1665.635915
1665.848838
1665.895789
1665.987652
1666.378092
1666.576381
1666.752383
1666.756411
1667.223562
1667.538074
1667.607656
1667.699329
1667.873552
1667.96474
1668.184781
1668.189793
1668.322585
1668.337427
1668.351653
1668.374432
1668.738044
1668.928771
1668.948241
1669.009622
1669.013406
1669.09948
1669.114886
1669.249546
1669.465679
1669.631789
1669.703824
1670.064143
1670.120153
1670.172852
1670.72832
1671.184522
1671.530393
1671.646717
1672.016598
1672.022526
1672.400989
1672.883644
1673.595119
1673.721454
1673.798908
1673.959849
1674.428445
1674.519897
1674.64383
1674.68224
1674.773572
1674.962297
1675.025536
1675.34856
1675.426942
1675.597206
1675.651991
1675.822725
1676.183103
1676.595281
1676.796245
1676.991285
1677.012187
1677.231768
1677.278975
1677.326543
1677.58478
1677.609198
1677.754149
1677.884934
1677.923965
1678.154835
1678.21806
1678.621582
1678.664745
1678.772908
1678.954845
1679.05035
1679.257393
1679.325892
1679.755751
1679.878481
1679.992654
1680.116111
1680.352027
1680.356541
1680.589529
1681.415129
1681.497758
1681.52255
1681.665984
1681.696231
1681.832883
1682.094003
1682.693516
1682.77948
1682.908206
1683.048126
1683.116053
1683.330572
1683.642085
1683.680399
1684.442694
1684.611431
1684.63824
1684.647963
1685.762976
1686.747833
1686.998715
1687.19178
1687.259875
1687.390933
1687.865117
1687.993288
1688.208975
1688.21552
1688.222527
1688.361264
1689.040907
1689.243685
1689.532974
1689.781183
1690.970616
1691.605066
1691.777058
1692.015052
1692.131545
1692.243507
1692.289492
1692.824666
1692.939272
1692.963464
1693.159433
1693.213682
1693.249492
1693.851496
1694.089289
1694.212796
1694.344627
1694.376624
1694.574461
1694.812184
1695.06845
1695.082134
1695.878594
1696.015788
1696.239321
1696.643179
1696.70095
1696.930854
1697.266402
1697.367903
1697.531382
1698.422388
1698.680721
1698.996024
1699.112391
1699.267343
1699.914469
1700.299607
1701.274747
1701.577766
1701.941778
1702.135084
1702.4406
1702.667546
1703.090155
1703.253277
1703.627515
1704.702155
1705.111203
1705.313659
1705.619281
1705.75694
1707.153995
1707.703777
1708.16596
1709.320403
1709.461463
1709.580884
1709.629352
1709.803281
1710.633374
1711.003626
1711.616624
1711.663772
1712.272406
1712.632287
1714.030271
1714.078643
1714.72046
1715.074549
1716.297882
1716.385549
1716.549416
1716.759433
1717.053475
1717.209917
1717.284037
1718.372571
1719.213681
1719.223626
1719.229398
1719.285118
1719.37386
1719.614809
1719.652145
1720.279755
1720.817943
1721.587511
1721.680839
1723.151764
1723.351709
1723.749898
1723.783466
1723.92116
1725.526671
1725.609376
1725.896611
1726.769651
1727.308023
1727.891692
1728.451329
1729.599532
1730.286022
1731.313151
1733.862681
1734.017089
1734.051322
1734.340692
1734.649359
1734.927361
1735.857385
1736.37553
1736.801868
1737.20613
1737.472562
1737.610206
1737.708943
1737.716201
1739.049601
1739.213767
1739.635241
1741.574978
1741.706788
1741.709318
1743.266633
1743.674345
1744.06746
1744.472573
1744.473169
1744.772783
1745.16138
1745.693508
1746.509604
1747.048833
1747.386587
1748.01224
1748.10367
1748.326787
1749.074761
1749.396427
1749.870906
1750.064587
1751.572899
1751.842342
1752.850296
1753.792958
1754.098962
1754.886625
1756.339325
1756.953818
1757.23003
1757.316655
1758.233869
1758.567116
1759.410385
1759.443917
1763.447765
1763.72065
1764.340893
1764.77552
1767.083975
1768.88577
1769.150141
1769.619154
1770.454486
1770.559553
1770.936746
1771.213556
1771.745696
1771.898558
1772.567921
1773.134065
1774.06886
1774.601001
1775.570071
1778.79911
1778.935884
1779.659588
1780.594593
1781.185438
1782.657101
1782.70705
1782.737702
1783.795572
1785.36694
1785.822193
1787.204142
1788.682391
1789.393689
1789.534248
1789.674252
1790.180308
1790.27916
1791.25827
1792.058858
1792.285951
1794.406636
1797.630725
1798.036715
1798.555509
1799.174115
1799.24334
1799.946857
1800.52501
1801.206628
1802.086057
1803.432424
1808.58072
1811.134138
1811.264489
1811.310984
1811.371607
1811.617468
1811.964166
1812.266656
1813.916383
1814.111862
1815.233621
1816.436441
1816.591418
1816.675336
1817.367023
1817.529324
1817.697342
1818.743346
1819.984814
1819.99885
1820.715491
1821.230755
1821.610483
1823.902718
1824.160759
1824.257869
1824.503609
1824.71317
1825.320969
1826.407326
1827.065384
1827.757427
1827.907556
1829.263384
1829.305437
1829.368977
1829.922147
1829.956689
1830.47775
1830.60153
1831.101094
1832.892849
1834.434905
1836.311667
1836.35438
1836.792049
1837.353502
1837.939593
1838.266889
1838.339174
1839.614321
1842.3817
1842.64477
1843.792218
1848.804451
1849.278939
1849.811098
1850.552091
1851.099221
1852.334103
1853.115898
1856.08813
1856.886831
1859.71615
1859.948929
1860.221474
1861.030703
1864.611449
1869.367697
1869.520359
1869.967919
1870.339919
1873.663396
1874.722376
1876.098284
1876.606516
1882.55591
1883.792172
1887.94252
1892.084347
1893.375092
1896.496037
1898.559762
1898.593048
1899.359484
1900.617407
1903.489238
1906.804057
1909.612578
1913.448714
1916.574517
1917.82576
1929.119888
1929.170377
1931.567654
1933.40219
1933.743916
1936.810663
1938.006874
1940.218168
1940.603891
1956.626698
1958.521251
1960.898943
1961.893325
1966.285393
1969.963138
1983.16409
1996.390683
1996.958636
1998.276769
2008.397239
2012.515161
2024.907475
2034.18647
2045.08237
2046.209868
2094.647623
2112.101318
2120.744217
2150.149669
2169.764622
3023.744269
3068.871755
3560.743631
5410.054072
