55.34058
55.910353
59.307812
59.803963
67.057771
67.969237
78.018259
101.377521
107.219384
107.244547
107.876826
108.070848
110.971608
112.743962
117.140218
117.17124
134.844709
135.815581
136.627254
138.188862
140.554257
141.54682
149.517229
154.876911
158.110508
160.899632
164.627133
166.71512
168.514585
168.559237
168.57482
169.899258
170.272395
170.662057
170.942167
170.949326
171.596801
171.702557
171.721833
171.847252
171.862192
172.754062
172.9134
172.929523
173.11736
173.386543
173.557244
173.590277
173.677865
173.721313
173.749434
173.86732
173.882036
173.882625
174.014153
174.090615
174.249074
174.395649
174.456306
174.487731
174.659417
174.79699
174.855997
174.962289
175.102803
175.279339
175.317461
175.372705
175.373536
175.412286
175.450783
175.45778
175.551865
175.558103
175.558279
175.58899
175.590197
175.650709
175.701262
175.76942
175.788252
175.849039
175.915306
175.982857
175.992611
176.08752
176.098189
176.153531
176.154218
176.158463
176.176496
176.292277
176.304711
176.403354
176.407346
176.460788
176.559514
176.564294
176.604194
176.605084
176.704243
176.896313
176.987998
177.014575
177.033888
177.040357
177.072512
177.114372
177.131233
177.242361
177.271645
177.308861
177.432059
177.48709
177.506703
177.545473
177.631033
177.669562
177.694015
177.945218
177.978552
177.986713
177.986761
178.003477
178.016334
178.040617
178.149981
178.172851
178.17541
178.195318
178.201228
178.255535
178.261058
178.28401
178.307942
178.337545
178.355466
178.372353
178.510951
178.542626
178.573469
178.591842
178.633158
178.661286
178.681023
178.689326
178.713307
178.720921
178.751573
178.758326
178.914712
178.947701
178.962167
178.978095
178.982305
179.010193
179.012177
179.046247
179.136282
179.204878
179.215746
179.220643
179.229665
179.243124
179.308051
179.326762
179.351779
179.406958
179.41702
179.429477
179.440973
179.448094
179.456475
179.561855
179.603055
179.611899
179.637286
179.643673
179.650457
179.661899
179.681837
179.684156
179.757488
179.763645
179.776226
179.783287
179.809724
179.881692
179.883778
179.896975
179.903501
179.920374
179.94137
179.945413
179.953096
179.964854
179.968298
179.983764
179.984811
179.999585
180.037285
180.059748
180.207932
180.252446
180.280028
180.287678
180.326353
180.371007
180.39437
180.394462
180.412989
180.437547
180.457639
180.463095
180.476112
180.487922
180.537254
180.602629
180.626786
180.632622
180.661711
180.677338
180.682052
180.684609
180.685405
180.689105
180.700159
180.714471
180.746127
180.752787
180.769397
180.784628
180.790716
180.801699
180.815741
180.838339
180.851295
180.864751
180.939333
180.957947
180.968033
180.973308
180.99474
181.017087
181.04232
181.044595
181.071237
181.07297
181.137748
181.176043
181.204268
181.22492
181.241205
181.245009
181.248565
181.254179
181.284446
181.292713
181.3057
181.346922
181.366976
181.384763
181.38961
181.403992
181.413388
181.415869
181.439265
181.503683
181.50892
181.517244
181.569958
181.58296
181.628984
181.667845
181.677163
181.68155
181.709293
181.719193
181.769034
181.808817
181.834225
181.857999
181.941587
181.950056
181.957836
181.979219
182.002254
182.004704
182.024324
182.032071
182.07909
182.082312
182.096362
182.097105
182.097139
182.097327
182.098725
182.139199
182.23871
182.247622
182.272944
182.302024
182.303773
182.319932
182.375502
182.380185
182.41019
182.411309
182.459144
182.467393
182.478998
182.491236
182.511909
182.524448
182.570441
182.598104
182.613173
182.623742
182.644019
182.694891
182.70164
182.706582
182.731595
182.746314
182.770418
182.777463
182.780444
182.808016
182.817374
182.81902
182.830301
182.837454
182.844759
182.84833
182.894248
182.918592
182.93021
182.939245
182.967789
182.992795
183.017062
183.026605
183.027327
183.028314
183.061265
183.078708
183.103526
183.113602
183.119637
183.169641
183.182775
183.192463
183.203656
183.225683
183.226192
183.253811
183.254363
183.29142
183.292296
183.322086
183.330764
183.334399
183.37045
183.370754
183.370997
183.375497
183.398463
183.408798
183.452012
183.457494
183.46147
183.464324
183.465149
183.467008
183.489619
183.495361
183.514347
183.548231
183.579226
183.579321
183.580796
183.645324
183.661247
183.675789
183.697536
183.699639
183.701653
183.703728
183.710039
183.712424
183.72474
183.72532
183.739447
183.753412
183.761432
183.781377
183.788804
183.798963
183.804659
183.839871
183.847624
183.856195
183.856442
183.874023
183.887264
183.893938
183.922903
183.94572
183.975961
183.987362
184.024058
184.08141
184.084655
184.086314
184.088219
184.09488
184.096469
184.108529
184.115861
184.119612
184.120436
184.12917
184.129506
184.134075
184.136105
184.136271
184.151207
184.158989
184.165503
184.192131
184.194823
184.195957
184.205893
184.20843
184.212199
184.224027
184.235394
184.236194
184.243063
184.25744
184.272462
184.285873
184.287525
184.28877
184.319543
184.322273
184.35048
184.352701
184.403788
184.406406
184.417976
184.430092
184.434225
184.446333
184.465741
184.474236
184.476706
184.480569
184.48951
184.497212
184.500795
184.515243
184.519628
184.529239
184.542457
184.554695
184.555296
184.555639
184.565319
184.568364
184.571988
184.593561
184.605827
184.614706
184.63263
184.636149
184.649151
184.653769
184.665095
184.687989
184.703039
184.713706
184.716604
184.746126
184.751158
184.755443
184.771945
184.823933
184.827079
184.833272
184.838543
184.848754
184.851925
184.882775
184.888848
184.889619
184.901002
184.905361
184.90834
184.917112
184.926699
184.963974
184.970056
184.981896
184.984592
184.993462
184.996471
185.001391
185.004448
185.025355
185.039102
185.042462
185.050374
185.05786
185.060736
185.063325
185.06417
185.078826
185.097816
185.101337
185.106694
185.107479
185.112119
185.128543
185.12939
185.132156
185.143742
185.178526
185.188016
185.200326
185.213472
185.218718
185.232495
185.248486
185.251554
185.260344
185.26822
185.268365
185.28128
185.354706
185.390888
185.437032
185.441109
185.442486
185.448848
185.451646
185.474897
185.481714
185.48798
185.494276
185.510325
185.516603
185.519351
185.520388
185.528938
185.554174
185.55455
185.56817
185.59244
185.626709
185.640471
185.651483
185.660861
185.667863
185.672789
185.694838
185.723763
185.726821
185.727965
185.745982
185.755152
185.761101
185.763642
185.773767
185.774047
185.800929
185.804074
185.809111
185.821469
185.82829
185.830105
185.836988
185.838316
185.844174
185.850618
185.870467
185.888032
185.899868
185.90766
185.912983
185.920098
185.927284
185.940281
185.950582
185.95143
185.972285
185.984622
185.999112
186.002087
186.014585
186.017133
186.024972
186.025021
186.03777
186.038748
186.045211
186.055079
186.06979
186.072888
186.075111
186.097552
186.099824
186.108123
186.109383
186.113464
186.13134
186.133454
186.139688
186.187486
186.20436
186.213078
186.216328
186.221429
186.224331
186.232674
186.237549
186.24344
186.250719
186.268416
186.284725
186.293424
186.308453
186.308607
186.311432
186.321689
186.333894
186.3386
186.339948
186.354328
186.381587
186.398222
186.410985
186.420746
186.429142
186.431501
186.43283
186.456398
186.481688
186.486924
186.515245
186.528978
186.53442
186.54181
186.550543
186.564469
186.56467
186.568637
186.597044
186.611239
186.613268
186.618472
186.627014
186.628655
186.629202
186.636215
186.667281
186.668823
186.672091
186.689939
186.69256
186.695392
186.721591
186.72998
186.733448
186.760267
186.761334
186.762165
186.763857
186.767392
186.768938
186.775949
186.784703
186.786677
186.786749
186.792873
186.81355
186.817625
186.817881
186.819548
186.829015
186.866152
186.870852
186.872036
186.876102
186.88882
186.892063
186.899806
186.90422
186.906905
186.911928
186.91587
186.928732
186.94361
186.947213
186.948576
186.955761
186.958929
186.958942
186.960481
186.961361
186.963192
186.966922
186.972834
186.980964
186.98511
186.987109
186.989988
186.992213
187.007622
187.013714
187.014184
187.052845
187.057322
187.067157
187.076387
187.079863
187.084376
187.099743
187.101685
187.107237
187.12069
187.120782
187.124938
187.140622
187.140683
187.142199
187.14339
187.153771
187.153846
187.157183
187.171338
187.176981
187.187033
187.188496
187.192874
187.194883
187.204512
187.206604
187.214392
187.217392
187.232667
187.237015
187.24085
187.252289
187.259494
187.271046
187.272491
187.29439
187.296882
187.305087
187.329206
187.331417
187.333247
187.341111
187.343704
187.352088
187.367442
187.38214
187.383404
187.387883
187.392325
187.397246
187.399268
187.415337
187.418761
187.43485
187.437122
187.441019
187.4522
187.457732
187.458064
187.460984
187.465265
187.467358
187.46763
187.472321
187.472636
187.477574
187.478411
187.483962
187.48839
187.488715
187.488837
187.48891
187.489897
187.501495
187.503591
187.505497
187.508146
187.508446
187.509701
187.512548
187.521452
187.527824
187.53039
187.531212
187.538552
187.539343
187.550252
187.557341
187.557976
187.560886
187.56515
187.569897
187.573559
187.579476
187.582217
187.582713
187.588185
187.592335
187.600014
187.602189
187.603532
187.604301
187.605144
187.617994
187.622475
187.626608
187.628638
187.629403
187.63152
187.651885
187.653066
187.666168
187.675442
187.676784
187.68142
187.693807
187.693815
187.694172
187.712228
187.719536
187.731306
187.755921
187.759634
187.760454
187.778427
187.782737
187.795332
187.79637
187.80072
187.800945
187.801614
187.803553
187.809409
187.814859
187.817298
187.823303
187.829575
187.83402
187.835366
187.837467
187.847225
187.856918
187.858232
187.858931
187.869727
187.872155
187.874688
187.884251
187.886458
187.900144
187.902015
187.903313
187.911664
187.914805
187.92159
187.928664
187.929369
187.931388
187.931543
187.941146
187.954651
187.958737
187.98415
187.986418
187.99592
188.000869
188.001587
188.002329
188.003439
188.005222
188.009373
188.01121
188.017334
188.028268
188.033853
188.035265
188.049273
188.053341
188.056326
188.060009
188.063231
188.06581
188.068615
188.07134
188.072946
188.078215
188.081214
188.084829
188.089
188.094384
188.094944
188.099069
188.099654
188.106381
188.131419
188.135382
188.146471
188.160052
188.162702
188.164072
188.171232
188.171976
188.180095
188.180539
188.188457
188.194059
188.196389
188.205765
188.207774
188.209502
188.220438
188.232933
188.246174
188.252211
188.252446
188.256408
188.263267
188.264414
188.279699
188.279995
188.282345
188.292998
188.294225
188.297292
188.298636
188.300991
188.306528
188.311141
188.312644
188.319905
188.324895
188.325429
188.335352
188.338709
188.342509
188.351623
188.35302
188.357609
188.361665
188.363673
188.37332
188.375256
188.386439
188.388143
188.388872
188.393774
188.402717
188.414795
188.416749
188.416925
188.423597
188.425089
188.427666
188.42794
188.434665
188.443698
188.443802
188.448611
188.453709
188.461712
188.463598
188.464311
188.46865
188.470488
188.473293
188.476526
188.476617
188.477267
188.477437
188.488206
188.502227
188.504228
188.518636
188.519703
188.524538
188.530797
188.531247
188.532243
188.539115
188.540263
188.547298
188.547631
188.549909
188.553645
188.555277
188.578796
188.586611
188.602521
188.607248
188.609968
188.624241
188.627297
188.62804
188.649539
188.654708
188.667183
188.676737
188.685826
188.688414
188.690659
188.691859
188.699226
188.710822
188.714716
188.715962
188.719132
188.729203
188.737617
188.738124
188.746761
188.747579
188.750566
188.750703
188.756746
188.765861
188.766251
188.773534
188.775268
188.798917
188.808589
188.81618
188.816519
188.818157
188.819447
188.82566
188.831082
188.835917
188.842051
188.856449
188.859089
188.860766
188.862951
188.871935
188.885808
188.890207
188.891727
188.897653
188.903113
188.906033
188.910478
188.91147
188.912659
188.913846
188.914391
188.92478
188.940114
188.940178
188.946547
188.946853
188.950563
188.959498
188.960342
188.962831
188.967927
188.972884
188.97325
188.978261
188.979783
188.979904
188.982181
188.983279
188.986351
188.991474
188.995013
189.006732
189.016046
189.023418
189.029691
189.03647
189.038016
189.038985
189.040007
189.04006
189.047077
189.052372
189.054546
189.062575
189.067126
189.067849
189.069774
189.079154
189.080937
189.081448
189.086031
189.087851
189.09424
189.094669
189.097074
189.121255
189.122301
189.130588
189.130727
189.134523
189.150539
189.154446
189.154846
189.155325
189.165197
189.172302
189.173967
189.175219
189.176114
189.179793
189.194416
189.202583
189.206905
189.213326
189.213611
189.216497
189.217819
189.218622
189.219589
189.220123
189.220442
189.221354
189.224744
189.226749
189.228481
189.231993
189.244035
189.248216
189.257914
189.27497
189.275782
189.290781
189.29092
189.296366
189.301544
189.302701
189.305129
189.312421
189.327994
189.334621
189.353142
189.354558
189.355399
189.355679
189.372805
189.376336
189.380201
189.394918
189.408009
189.410627
189.41455
189.418796
189.429136
189.433078
189.43709
189.437611
189.439944
189.441754
189.446434
189.464767
189.467464
189.46838
189.472082
189.472395
189.474023
189.474516
189.476586
189.482899
189.489042
189.489953
189.492447
189.496005
189.506166
189.508181
189.509159
189.521245
189.524258
189.530721
189.532724
189.534517
189.540172
189.542237
189.545457
189.546809
189.547053
189.547711
189.549276
189.560918
189.569461
189.574373
189.578615
189.583663
189.596564
189.603941
189.615711
189.620585
189.623594
189.627444
189.636272
189.639303
189.640543
189.643957
189.646602
189.660333
189.665009
189.665371
189.670287
189.670693
189.683592
189.68725
189.693264
189.694521
189.70024
189.702789
189.71271
189.71293
189.719362
189.724323
189.726449
189.73104
189.732543
189.73466
189.736634
189.737292
189.747779
189.750678
189.756358
189.761704
189.768214
189.771012
189.776781
189.777125
189.779986
189.781525
189.783683
189.784835
189.788464
189.792091
189.801119
189.802136
189.80941
189.809979
189.810005
189.810765
189.814577
189.822913
189.829198
189.833924
189.835146
189.835912
189.84131
189.841564
189.849034
189.849573
189.849917
189.858659
189.862983
189.8631
189.865376
189.869675
189.870916
189.881036
189.893022
189.902185
189.902682
189.905176
189.905177
189.916306
189.921596
189.923764
189.924078
189.928102
189.932948
189.937834
189.943658
189.947487
189.947887
189.948713
189.949621
189.951223
189.963042
189.966201
189.970027
189.979702
189.980631
189.983142
189.984503
189.987784
189.991683
189.993048
189.993912
190.008867
190.011036
190.011412
190.015074
190.017372
190.02828
190.033057
190.033572
190.035081
190.036301
190.043393
190.044745
190.048976
190.051297
190.056256
190.056931
190.061501
190.061811
190.063699
190.064988
190.06872
190.077847
190.078632
190.088759
190.097685
190.107725
190.108857
190.113
190.123497
190.124291
190.126337
190.129567
190.132219
190.133255
190.1342
190.138729
190.138983
190.139799
190.147547
190.15253
190.155463
190.167105
190.182109
190.185441
190.191944
190.194057
190.198073
190.202756
190.204987
190.213433
190.215757
190.216711
190.222945
190.226772
190.230114
190.234959
190.235375
190.235475
190.235643
190.236699
190.241417
190.249075
190.250148
190.250199
190.255018
190.257124
190.259178
190.259711
190.262205
190.265982
190.269927
190.271658
190.272482
190.277819
190.279852
190.283215
190.285678
190.287165
190.290554
190.294135
190.299572
190.302592
190.304986
190.308377
190.317277
190.324793
190.324803
190.337437
190.347706
190.363107
190.369273
190.370517
190.372428
190.373583
190.378231
190.383915
190.385149
190.385626
190.397261
190.402152
190.403907
190.405789
190.407363
190.407859
190.411672
190.412375
190.428518
190.430387
190.436094
190.437841
190.44361
190.444019
190.447978
190.448166
190.450643
190.455398
190.456394
190.456599
190.457588
190.460688
190.464916
190.469599
190.471864
190.475861
190.476535
190.479975
190.489227
190.496937
190.503688
190.509183
190.51085
190.517243
190.521628
190.521907
190.52431
190.524995
190.528204
190.534974
190.53546
190.538458
190.540175
190.541453
190.542894
190.545418
190.554756
190.557425
190.568483
190.579495
190.57954
190.590888
190.600847
190.600925
190.604567
190.609936
190.621904
190.622372
190.628465
190.628499
190.630538
190.639878
190.643828
190.647709
190.648932
190.653328
190.653645
190.663011
190.665834
190.674921
190.679933
190.681267
190.683678
190.686022
190.686497
190.702909
190.703932
190.705743
190.709031
190.710637
190.71083
190.715469
190.721974
190.72239
190.72558
190.726326
190.726705
190.730771
190.738197
190.738649
190.739033
190.740788
190.744174
190.745251
190.745935
190.750647
190.754472
190.755638
190.762668
190.763255
190.766444
190.770217
190.778801
190.782269
190.783864
190.785712
190.788692
190.79326
190.799534
190.801315
190.802532
190.802761
190.804185
190.804289
190.804303
190.827605
190.828649
190.829849
190.830131
190.832807
190.835904
190.837396
190.838138
190.842174
190.844197
190.847906
190.853476
190.858203
190.860691
190.8638
190.868559
190.869012
190.869075
190.876754
190.8806
190.88148
190.882808
190.885825
190.892847
190.907203
190.913155
190.913817
190.915516
190.916131
190.920492
190.922541
190.923717
190.92425
190.925592
190.929832
190.937022
190.940006
190.940169
190.944783
190.946614
190.950127
190.952807
190.954789
190.955067
190.956428
190.956909
190.957664
190.958353
190.960868
190.962498
190.965209
190.96821
190.96948
190.975028
190.976743
190.986856
190.987348
190.989004
190.989662
190.992456
190.997157
190.99875
191.003471
191.004818
191.005815
191.007521
191.00788
191.009386
191.009565
191.013892
191.015716
191.016897
191.020696
191.022882
191.027202
191.028313
191.032151
191.03354
191.034343
191.036611
191.044142
191.045172
191.045536
191.046334
191.048436
191.050833
191.05132
191.055352
191.055721
191.059632
191.06098
191.061247
191.062509
191.062579
191.068793
191.068881
191.070971
191.071769
191.073998
191.076627
191.07909
191.080632
191.08126
191.081936
191.086216
191.08717
191.090848
191.093738
191.094116
191.10001
191.100092
191.101297
191.110262
191.111005
191.114125
191.115814
191.118006
191.118279
191.122712
191.124923
191.126799
191.132164
191.133859
191.134
191.146114
191.150289
191.150772
191.152565
191.152715
191.152781
191.155398
191.156729
191.162164
191.166098
191.172251
191.175184
191.176759
191.184014
191.18908
191.190896
191.192038
191.195325
191.196436
191.199121
191.200328
191.201365
191.220896
191.227227
191.228956
191.230498
191.234003
191.24231
191.242965
191.246453
191.2475
191.248524
191.262267
191.265009
191.268799
191.269475
191.270445
191.291572
191.293666
191.295188
191.295522
191.295918
191.296922
191.298326
191.305754
191.310817
191.312192
191.32154
191.325213
191.325356
191.327236
191.329508
191.336227
191.337557
191.339519
191.339554
191.341696
191.344275
191.347674
191.349264
191.35036
191.352625
191.353187
191.354417
191.354721
191.357129
191.357462
191.363896
191.366934
191.367871
191.372151
191.376363
191.377202
191.380589
191.382089
191.384922
191.385189
191.392332
191.406291
191.406339
191.407452
191.408498
191.409303
191.410562
191.41078
191.416386
191.419662
191.420023
191.42126
191.424557
191.433479
191.433514
191.441898
191.44301
191.44447
191.446054
191.448092
191.454748
191.461583
191.464569
191.464833
191.466365
191.471559
191.472016
191.473167
191.473469
191.479147
191.480941
191.489445
191.490916
191.498226
191.502411
191.521295
191.526359
191.528887
191.535924
191.538469
191.538849
191.539438
191.546723
191.548733
191.549103
191.549858
191.549912
191.55111
191.552896
191.554672
191.555448
191.555537
191.557209
191.557951
191.562476
191.565662
191.566306
191.567243
191.567956
191.568409
191.568639
191.569402
191.57607
191.579785
191.58174
191.598154
191.603234
191.605538
191.608729
191.610948
191.6117
191.614115
191.617452
191.618169
191.619663
191.624431
191.624731
191.630175
191.635039
191.639197
191.640015
191.645061
191.656836
191.660218
191.661149
191.664313
191.66548
191.667279
191.673714
191.678974
191.682814
191.688324
191.688903
191.689678
191.689766
191.690744
191.698343
191.701884
191.716914
191.717712
191.721323
191.723942
191.724875
191.727175
191.727743
191.729596
191.730109
191.733327
191.734467
191.736816
191.747086
191.74946
191.752851
191.753557
191.753585
191.756358
191.760788
191.761963
191.771355
191.771627
191.773909
191.774395
191.778325
191.783086
191.785079
191.786082
191.793639
191.797065
191.79835
191.799888
191.804574
191.809134
191.812402
191.814746
191.823002
191.829748
191.831924
191.835828
191.836219
191.837402
191.838799
191.842147
191.844642
191.84499
191.845253
191.848167
191.853689
191.855125
191.855904
191.855968
191.859351
191.865223
191.868195
191.868438
191.873129
191.874046
191.878973
191.879645
191.88877
191.890349
191.890893
191.893954
191.894969
191.899007
191.904133
191.905713
191.907079
191.915427
191.918091
191.923625
191.924407
191.929229
191.930938
191.93532
191.936198
191.939364
191.944961
191.950183
191.951859
191.951865
191.962061
191.967768
191.968878
191.971961
191.975628
191.976394
191.977373
191.983952
191.986909
191.988323
191.988424
191.990277
191.994474
191.997566
192.001207
192.002176
192.003748
192.007274
192.007498
192.010742
192.013137
192.014496
192.018046
192.019738
192.024812
192.029624
192.029875
192.030727
192.033046
192.034613
192.035259
192.035261
192.038495
192.041041
192.041187
192.044342
192.046092
192.04661
192.049564
192.056461
192.059549
192.061045
192.064544
192.064639
192.070631
192.073172
192.075443
192.075935
192.077593
192.077661
192.080122
192.087544
192.090187
192.090482
192.09545
192.099568
192.099854
192.100503
192.101465
192.104782
192.105168
192.106212
192.109047
192.110164
192.113878
192.114521
192.11501
192.117938
192.12156
192.122967
192.123036
192.125732
192.129634
192.137072
192.138648
192.141942
192.145701
192.146513
192.150124
192.154782
192.155653
192.160139
192.161711
192.16268
192.163542
192.164873
192.167587
192.170346
192.176634
192.179243
192.182855
192.183985
192.186
192.187428
192.1901
192.192953
192.198558
192.204996
192.205388
192.208186
192.210773
192.224828
192.226295
192.227873
192.23036
192.238589
192.243374
192.245894
192.253366
192.256183
192.258041
192.259711
192.260382
192.270218
192.274696
192.280852
192.281306
192.284808
192.288943
192.289428
192.291044
192.291747
192.293309
192.2947
192.295092
192.297277
192.300476
192.30328
192.305504
192.305845
192.306825
192.314111
192.317306
192.318498
192.321526
192.32397
192.325181
192.325809
192.326051
192.332104
192.333445
192.340244
192.344113
192.345113
192.348751
192.3515
192.35373
192.355141
192.361358
192.362995
192.363058
192.371048
192.372447
192.378722
192.379962
192.381998
192.382584
192.385465
192.385731
192.388271
192.388543
192.389018
192.389819
192.390962
192.393848
192.397171
192.397186
192.398105
192.404961
192.407226
192.408227
192.408609
192.410705
192.412041
192.416997
192.419196
192.421392
192.421681
192.423231
192.424422
192.424888
192.42583
192.430887
192.441925
192.444635
192.447073
192.45132
192.451648
192.455205
192.457099
192.458621
192.458748
192.461434
192.466529
192.468498
192.469012
192.471598
192.477319
192.490457
192.491906
192.497293
192.499911
192.499953
192.50229
192.503235
192.504826
192.507504
192.508437
192.509742
192.517839
192.51923
192.519406
192.526544
192.527022
192.527938
192.528342
192.53192
192.532192
192.534709
192.53809
192.538368
192.542006
192.54283
192.543997
192.549078
192.54989
192.551298
192.552002
192.553814
192.554086
192.557992
192.560196
192.560706
192.565633
192.566219
192.570736
192.572006
192.573254
192.580716
192.587207
192.587333
192.588861
192.590188
192.590549
192.594431
192.597512
192.597605
192.602195
192.605484
192.605685
192.607871
192.607982
192.609481
192.616194
192.617545
192.618989
192.623361
192.627526
192.628506
192.634927
192.638792
192.638803
192.63963
192.639782
192.639848
192.640247
192.640821
192.643055
192.644536
192.645899
192.648434
192.649986
192.650854
192.65653
192.657042
192.657323
192.660766
192.666115
192.666508
192.675614
192.677375
192.682082
192.683968
192.686761
192.6875
192.69299
192.693868
192.694191
192.694865
192.703458
192.706583
192.70778
192.709341
192.71305
192.719141
192.722272
192.724116
192.730504
192.730955
192.731407
192.73282
192.738358
192.74448
192.74712
192.747777
192.749929
192.753412
192.753892
192.756587
192.75913
192.760729
192.768837
192.77113
192.772452
192.786505
192.786582
192.792179
192.796929
192.79823
192.798492
192.798678
192.801053
192.805752
192.808148
192.808476
192.808692
192.811303
192.815449
192.815724
192.821394
192.825676
192.829558
192.832167
192.832693
192.836614
192.839677
192.841818
192.842123
192.842926
192.846046
192.846954
192.848539
192.851306
192.85919
192.863353
192.864181
192.864665
192.867396
192.867756
192.87007
192.878404
192.887722
192.890095
192.891342
192.89253
192.897722
192.901051
192.90199
192.904148
192.912446
192.912703
192.913316
192.916828
192.923819
192.926115
192.926878
192.928202
192.928978
192.93225
192.933288
192.940119
192.947851
192.950665
192.952573
192.952632
192.955038
192.955997
192.958043
192.959187
192.960543
192.961976
192.964172
192.967927
192.969201
192.971508
192.971574
192.973178
192.973923
192.974238
192.976723
192.978414
192.979474
192.979809
192.980663
192.983084
192.984101
192.984373
192.986121
192.986459
192.990406
193.00162
193.003093
193.004783
193.004957
193.005957
193.008708
193.009882
193.01179
193.012302
193.012468
193.012984
193.013405
193.014653
193.019115
193.019511
193.020508
193.023605
193.024399
193.027199
193.028737
193.034762
193.036287
193.036305
193.042499
193.044917
193.045795
193.048173
193.050703
193.051081
193.056726
193.059278
193.060839
193.071849
193.073094
193.083728
193.087343
193.088154
193.088245
193.089772
193.093695
193.098192
193.098887
193.099314
193.100655
193.102477
193.104355
193.104678
193.10579
193.107635
193.11358
193.12355
193.124089
193.12512
193.126005
193.130323
193.133466
193.133859
193.135474
193.136846
193.13712
193.13775
193.138692
193.138734
193.139024
193.142912
193.14537
193.148339
193.149144
193.153388
193.155273
193.158078
193.164382
193.166468
193.174139
193.180036
193.180249
193.181526
193.184504
193.186332
193.187792
193.191367
193.192192
193.195817
193.197241
193.199055
193.200893
193.204297
193.209407
193.211179
193.216001
193.2166
193.218056
193.22119
193.222759
193.224516
193.230629
193.232334
193.232514
193.234952
193.237851
193.244262
193.246835
193.248228
193.248889
193.249805
193.255403
193.256293
193.259405
193.26116
193.262302
193.263147
193.265265
193.270987
193.272442
193.27704
193.278854
193.281475
193.283358
193.285884
193.288027
193.290213
193.291132
193.294839
193.298441
193.300062
193.304434
193.308369
193.31163
193.312726
193.314208
193.314529
193.316374
193.31739
193.319238
193.32249
193.322702
193.325761
193.329293
193.330875
193.332625
193.333731
193.336473
193.341574
193.353288
193.36258
193.362623
193.365047
193.365728
193.366778
193.367486
193.36842
193.372422
193.373345
193.383605
193.386547
193.386703
193.388898
193.389213
193.394908
193.398877
193.399445
193.402355
193.405578
193.406481
193.408827
193.422543
193.430089
193.430222
193.433912
193.436408
193.439451
193.441223
193.448698
193.454325
193.456402
193.459097
193.462022
193.463161
193.466757
193.466817
193.468829
193.4714
193.471772
193.472827
193.472871
193.473473
193.476903
193.478454
193.479217
193.480653
193.480966
193.482987
193.484293
193.48563
193.491394
193.494807
193.495549
193.501647
193.501716
193.501976
193.502027
193.503589
193.509593
193.510379
193.512207
193.514666
193.51727
193.521012
193.521454
193.523879
193.525285
193.526946
193.529968
193.530836
193.532401
193.536605
193.540095
193.543887
193.548613
193.548916
193.552024
193.554135
193.55596
193.55902
193.559724
193.559996
193.564494
193.567849
193.570999
193.571893
193.572483
193.573313
193.574002
193.575824
193.579783
193.58038
193.580928
193.583926
193.592548
193.594123
193.594725
193.595529
193.59642
193.597009
193.597854
193.600447
193.601435
193.606854
193.609176
193.612127
193.613103
193.613577
193.61525
193.62135
193.622242
193.62295
193.634652
193.646752
193.648089
193.649578
193.649648
193.651166
193.653228
193.654704
193.65608
193.657672
193.661039
193.663633
193.66495
193.668704
193.669454
193.675521
193.67762
193.682058
193.682729
193.689865
193.693079
193.693575
193.697833
193.699659
193.706816
193.707227
193.708108
193.710084
193.716567
193.717955
193.719919
193.72154
193.723276
193.72744
193.731194
193.731984
193.732164
193.732811
193.733074
193.738581
193.747284
193.748174
193.749097
193.750078
193.750398
193.754208
193.761471
193.763468
193.763473
193.764352
193.764686
193.76682
193.771649
193.771717
193.776316
193.778274
193.783374
193.784405
193.785372
193.787954
193.788503
193.793734
193.799568
193.799615
193.799705
193.801641
193.802148
193.809093
193.811748
193.812691
193.813992
193.819629
193.820323
193.821475
193.822621
193.82412
193.825022
193.825456
193.825695
193.825962
193.826918
193.828081
193.828389
193.831927
193.840904
193.842343
193.842498
193.844847
193.845241
193.846926
193.85008
193.852938
193.858138
193.85853
193.859434
193.872393
193.874022
193.885372
193.888669
193.889008
193.890576
193.896981
193.898958
193.900851
193.903419
193.908277
193.910239
193.913667
193.915042
193.916182
193.918317
193.919759
193.92119
193.928487
193.929678
193.931408
193.932443
193.932949
193.942859
193.948127
193.948558
193.950566
193.95105
193.953093
193.954838
193.955282
193.957618
193.963818
193.965027
193.965347
193.969898
193.969972
193.970389
193.971026
193.974338
193.974421
193.976166
193.979638
193.980721
193.981518
193.982198
193.984274
193.986748
193.989428
193.991037
193.992323
193.992352
193.993366
193.994178
193.995113
193.997994
194.000489
194.000569
194.001629
194.001938
194.004572
194.004736
194.006481
194.007271
194.009835
194.011018
194.011171
194.011339
194.011466
194.014114
194.015432
194.016715
194.017055
194.018003
194.022575
194.022609
194.028594
194.030088
194.031393
194.033892
194.034678
194.039283
194.043223
194.045251
194.050007
194.053214
194.055103
194.056715
194.057243
194.057826
194.058383
194.060552
194.066674
194.070188
194.073422
194.07364
194.077127
194.077335
194.079375
194.086329
194.086639
194.08682
194.093808
194.095205
194.096128
194.097107
194.097185
194.09892
194.099509
194.10406
194.106153
194.108227
194.116506
194.117428
194.119017
194.122726
194.122951
194.123245
194.130598
194.150906
194.151556
194.156778
194.159069
194.160485
194.161458
194.165083
194.168733
194.169039
194.169133
194.169833
194.175945
194.177895
194.179503
194.180671
194.183519
194.185975
194.186278
194.188681
194.190584
194.193364
194.193539
194.195247
194.201647
194.214435
194.216118
194.21795
194.223684
194.224235
194.225018
194.225261
194.226631
194.226707
194.226952
194.23109
194.23267
194.234369
194.237043
194.238463
194.242205
194.243497
194.245303
194.247863
194.249566
194.251461
194.25267
194.253378
194.259206
194.259518
194.263301
194.263953
194.265116
194.269074
194.26968
194.274862
194.277422
194.278548
194.279937
194.282136
194.282655
194.284094
194.286853
194.295167
194.295433
194.297916
194.298058
194.299532
194.300005
194.305139
194.305877
194.308378
194.310078
194.311036
194.311279
194.317785
194.319434
194.319475
194.322823
194.325864
194.337034
194.337326
194.33989
194.339902
194.346072
194.348709
194.348876
194.353946
194.356854
194.359624
194.361425
194.363918
194.368215
194.370086
194.371185
194.372791
194.374076
194.374114
194.376645
194.379554
194.38195
194.381972
194.390169
194.39127
194.392722
194.393167
194.394142
194.394516
194.395235
194.398493
194.405478
194.40779
194.408345
194.408759
194.410324
194.416392
194.419837
194.420713
194.421564
194.423083
194.424941
194.427285
194.427396
194.427611
194.427862
194.4318
194.440059
194.44309
194.446692
194.450858
194.451986
194.45314
194.456655
194.456762
194.460074
194.460736
194.470729
194.47171
194.472388
194.474881
194.475067
194.480574
194.488538
194.488726
194.491753
194.498458
194.499106
194.499986
194.501959
194.504685
194.505806
194.508713
194.509465
194.509485
194.510427
194.511217
194.512667
194.520117
194.520915
194.523505
194.525763
194.525785
194.52657
194.533093
194.533161
194.535611
194.538833
194.542333
194.542586
194.542959
194.543453
194.544735
194.545628
194.547179
194.547445
194.547956
194.548467
194.550329
194.551046
194.555018
194.555146
194.55706
194.557253
194.559351
194.559988
194.560329
194.56605
194.572123
194.574675
194.574833
194.575648
194.577996
194.578147
194.58363
194.58479
194.586992
194.587268
194.589748
194.589816
194.591318
194.591393
194.59155
194.593438
194.593576
194.595413
194.599669
194.600885
194.601268
194.60574
194.61048
194.610949
194.618462
194.622408
194.629734
194.632656
194.633031
194.636054
194.636131
194.637979
194.639374
194.640281
194.641361
194.641594
194.641729
194.645044
194.645755
194.646424
194.649166
194.651856
194.654065
194.655294
194.658916
194.66018
194.661776
194.664014
194.664403
194.667338
194.668327
194.66976
194.670751
194.672593
194.676772
194.678288
194.680524
194.680956
194.681799
194.68325
194.689315
194.694673
194.697416
194.705956
194.707556
194.707804
194.708972
194.710064
194.711263
194.720953
194.723487
194.729851
194.731019
194.739027
194.741437
194.742447
194.746219
194.746746
194.746982
194.748082
194.756389
194.75668
194.758699
194.760902
194.761039
194.762399
194.76547
194.765965
194.769215
194.770369
194.77331
194.777151
194.780644
194.781369
194.781967
194.782231
194.78457
194.786138
194.787687
194.794034
194.795192
194.80109
194.801728
194.802406
194.805203
194.807488
194.808252
194.810629
194.815028
194.815467
194.817314
194.820434
194.822711
194.823664
194.82506
194.825096
194.827151
194.82777
194.828261
194.832353
194.839982
194.842872
194.849168
194.849949
194.85038
194.85091
194.856679
194.858
194.858302
194.860764
194.86422
194.876603
194.876855
194.877946
194.879374
194.880436
194.880993
194.884206
194.892042
194.892402
194.893839
194.896485
194.903918
194.908263
194.908728
194.910433
194.911397
194.914329
194.918542
194.920472
194.921618
194.921858
194.924819
194.924921
194.925343
194.925657
194.926802
194.932168
194.937383
194.937433
194.938519
194.939058
194.941199
194.941871
194.941942
194.942347
194.947258
194.947673
194.948938
194.949206
194.951484
194.952189
194.953678
194.954025
194.954498
194.955018
194.955341
194.960875
194.967082
194.969893
194.970328
194.971283
194.976701
194.978216
194.979896
194.980127
194.985981
194.986093
194.98797
194.996394
194.996917
195.0028
195.005859
195.006171
195.010402
195.014205
195.014434
195.015554
195.020498
195.021473
195.023134
195.02871
195.032204
195.034454
195.035736
195.041413
195.042412
195.04242
195.042749
195.043454
195.043457
195.061583
195.061693
195.06214
195.062444
195.062572
195.063698
195.064691
195.070024
195.070586
195.071125
195.071192
195.07732
195.081076
195.081527
195.08532
195.08658
195.088609
195.092665
195.099614
195.101774
195.102043
195.105057
195.106157
195.109016
195.110149
195.113266
195.123899
195.124755
195.129893
195.131262
195.136564
195.139047
195.139684
195.142424
195.143907
195.146687
195.147111
195.148694
195.148983
195.151487
195.15951
195.160769
195.161618
195.166627
195.171656
195.173928
195.174064
195.176717
195.179678
195.180828
195.181924
195.183523
195.18498
195.193863
195.195333
195.198326
195.199557
195.199724
195.203356
195.204689
195.204834
195.205013
195.206155
195.206347
195.208889
195.210985
195.211257
195.219698
195.219762
195.230628
195.234649
195.240572
195.242131
195.246636
195.247843
195.250749
195.258107
195.260763
195.261568
195.261904
195.270838
195.272513
195.272876
195.273173
195.275084
195.275623
195.277504
195.279963
195.282738
195.310794
195.311018
195.313299
195.313994
195.314161
195.317898
195.320811
195.334757
195.339885
195.342795
195.344185
195.34533
195.347389
195.352889
195.353156
195.35374
195.354174
195.354918
195.355065
195.355652
195.35622
195.358139
195.35918
195.360487
195.362756
195.362913
195.367568
195.371244
195.373609
195.373989
195.378205
195.380226
195.389523
195.391412
195.394265
195.411183
195.417034
195.418303
195.421301
195.424717
195.431161
195.431667
195.435871
195.441137
195.447151
195.451061
195.454418
195.462047
195.462937
195.464206
195.468069
195.472672
195.472678
195.47365
195.474513
195.475837
195.476959
195.477114
195.479682
195.480865
195.48128
195.48338
195.485013
195.489862
195.491966
195.493335
195.500623
195.501305
195.50414
195.508818
195.515122
195.515758
195.521341
195.524729
195.52635
195.531578
195.533856
195.535406
195.536387
195.537789
195.53837
195.545312
195.545647
195.550016
195.553986
195.555707
195.557828
195.557983
195.559472
195.559725
195.561363
195.566379
195.567925
195.569089
195.57163
195.578641
195.582974
195.586566
195.58728
195.587687
195.588054
195.58861
195.590845
195.591531
195.592886
195.594977
195.600073
195.600945
195.60188
195.601951
195.609544
195.614979
195.617805
195.618395
195.621606
195.621709
195.621797
195.621829
195.625904
195.627971
195.628394
195.632605
195.637555
195.637648
195.63914
195.639662
195.642631
195.649034
195.649088
195.658854
195.661967
195.663787
195.665417
195.667251
195.669891
195.674001
195.674364
195.674962
195.680579
195.683016
195.683162
195.683478
195.689057
195.691615
195.693055
195.693817
195.693959
195.694027
195.703062
195.708108
195.712774
195.715161
195.719524
195.721285
195.722834
195.723735
195.723977
195.724279
195.725175
195.726686
195.728654
195.730442
195.732274
195.734947
195.737089
195.737849
195.740764
195.741155
195.741336
195.742093
195.744927
195.751629
195.754467
195.76161
195.7705
195.772678
195.774632
195.777026
195.778715
195.788371
195.789894
195.791131
195.791569
195.795369
195.798381
195.798598
195.80548
195.806835
195.80838
195.809298
195.811136
195.817449
195.819626
195.81974
195.822684
195.826923
195.827008
195.827686
195.827735
195.828765
195.831872
195.831968
195.835015
195.835672
195.840678
195.847497
195.853829
195.854046
195.854464
195.856568
195.856668
195.857696
195.859294
195.860306
195.862585
195.867824
195.877379
195.878252
195.880375
195.883714
195.884383
195.889872
195.890923
195.891144
195.892724
195.895242
195.899267
195.901868
195.910867
195.911037
195.911136
195.911865
195.914054
195.927197
195.928252
195.930928
195.932168
195.933115
195.941101
195.942849
195.946801
195.947595
195.952107
195.954055
195.954615
195.95643
195.962479
195.963211
195.966043
195.967662
195.97659
195.977853
195.981459
195.982566
195.98354
195.989579
195.996698
196.003962
196.005792
196.00592
196.00629
196.0074
196.008307
196.009966
196.011027
196.012327
196.014819
196.017999
196.026162
196.026944
196.028241
196.03382
196.034528
196.03618
196.036456
196.038669
196.039475
196.039724
196.044719
196.051236
196.056281
196.058437
196.059016
196.063688
196.068442
196.070423
196.073434
196.074279
196.07755
196.079113
196.081253
196.082347
196.08431
196.084403
196.08655
196.08935
196.090455
196.091381
196.096703
196.097459
196.101066
196.103917
196.106836
196.109908
196.112191
196.114073
196.115277
196.119197
196.12191
196.123288
196.125594
196.126431
196.136316
196.139948
196.140153
196.140739
196.142537
196.146293
196.153727
196.162648
196.17001
196.171526
196.173613
196.177276
196.1812
196.185766
196.189202
196.192172
196.200455
196.203287
196.20348
196.206495
196.207111
196.209631
196.214461
196.215294
196.219448
196.220486
196.2249
196.227527
196.229136
196.229698
196.230096
196.240506
196.242984
196.246635
196.248102
196.251255
196.252337
196.252869
196.254624
196.26808
196.269452
196.271699
196.271755
196.27186
196.272753
196.275539
196.284888
196.288479
196.290666
196.293096
196.294406
196.305977
196.306764
196.309907
196.312599
196.313123
196.313839
196.318346
196.318865
196.31891
196.320264
196.333144
196.333912
196.343589
196.352114
196.354713
196.360421
196.364285
196.365121
196.36605
196.370427
196.373419
196.373843
196.381914
196.384733
196.38513
196.387132
196.389791
196.397963
196.399555
196.404228
196.405537
196.408455
196.408842
196.411495
196.420909
196.421317
196.424535
196.435758
196.437661
196.442262
196.446404
196.449566
196.45255
196.455464
196.455588
196.460153
196.467316
196.468025
196.468513
196.468767
196.468867
196.474295
196.476238
196.477476
196.478059
196.478261
196.481559
196.482375
196.483683
196.487343
196.494494
196.49613
196.497468
196.499086
196.500435
196.503076
196.505483
196.506264
196.510803
196.511154
196.513676
196.529373
196.530316
196.532385
196.535901
196.541739
196.542676
196.544682
196.547711
196.549721
196.550033
196.552848
196.554779
196.555089
196.560812
196.564963
196.568625
196.569957
196.570023
196.57009
196.571646
196.573709
196.57751
196.585767
196.586921
196.590424
196.595176
196.595634
196.597074
196.601088
196.602901
196.603035
196.604685
196.605506
196.607234
196.608527
196.608797
196.611682
196.612377
196.61375
196.618402
196.623172
196.626685
196.627182
196.628582
196.639136
196.639914
196.642115
196.643236
196.644158
196.646794
196.65197
196.65235
196.661036
196.663065
196.669516
196.670729
196.673152
196.673886
196.675795
196.676552
196.679926
196.68232
196.687783
196.689794
196.690592
196.6937
196.696285
196.697124
196.700668
196.700958
196.704676
196.705163
196.707987
196.715451
196.716306
196.71692
196.722474
196.722813
196.7231
196.730025
196.735072
196.741777
196.749881
196.752193
196.7578
196.758357
196.758394
196.759739
196.760636
196.762527
196.763522
196.767713
196.76947
196.780335
196.780829
196.789395
196.792302
196.794187
196.79502
196.797803
196.798272
196.799592
196.811322
196.812781
196.813783
196.820432
196.829924
196.830578
196.831241
196.838753
196.844524
196.847099
196.850005
196.862435
196.870623
196.874169
196.874871
196.879004
196.885742
196.886025
196.886246
196.886693
196.887419
196.888711
196.892211
196.893654
196.895025
196.89771
196.899034
196.901489
196.906914
196.911963
196.91464
196.919687
196.920916
196.926495
196.943784
196.944031
196.944893
196.952028
196.959729
196.961475
196.964394
196.964517
196.969129
196.969354
196.974113
196.978613
196.983268
196.98458
196.990452
196.99255
196.994167
197.017666
197.021055
197.025054
197.025205
197.026398
197.033633
197.033674
197.034819
197.035453
197.037037
197.046454
197.048625
197.056789
197.060895
197.061447
197.065409
197.066963
197.068305
197.069675
197.075299
197.077611
197.077781
197.078102
197.078395
197.085809
197.087126
197.087233
197.095704
197.098097
197.099568
197.102376
197.109624
197.111388
197.111684
197.113974
197.119042
197.121698
197.121867
197.127447
197.131061
197.133489
197.143344
197.143515
197.143968
197.145097
197.146059
197.150327
197.152052
197.152322
197.157656
197.158472
197.159986
197.160212
197.161814
197.163317
197.164801
197.166062
197.168958
197.174579
197.183773
197.186488
197.187007
197.191834
197.193169
197.194182
197.19629
197.201322
197.201625
197.208836
197.214857
197.217326
197.220953
197.221134
197.221962
197.222738
197.226404
197.23308
197.235517
197.243994
197.248319
197.25245
197.253917
197.254061
197.254549
197.268447
197.269743
197.272432
197.272567
197.278664
197.279352
197.281541
197.282663
197.28268
197.288842
197.290626
197.292257
197.299256
197.299563
197.299893
197.303095
197.303233
197.314405
197.332003
197.334532
197.338268
197.341923
197.343082
197.351077
197.351165
197.35222
197.354426
197.361246
197.365495
197.365818
197.368314
197.371461
197.378799
197.384077
197.388547
197.389392
197.398215
197.401319
197.401862
197.403637
197.405015
197.410982
197.412206
197.415498
197.426854
197.429273
197.430823
197.434548
197.436079
197.436968
197.439103
197.440665
197.442303
197.444474
197.454363
197.455484
197.460897
197.462148
197.462329
197.462902
197.463543
197.463744
197.472651
197.472659
197.474079
197.474345
197.474549
197.474975
197.478328
197.480147
197.484409
197.486186
197.489013
197.489574
197.491097
197.493744
197.495714
197.499174
197.501962
197.502826
197.506354
197.508062
197.509088
197.510209
197.511651
197.526311
197.533215
197.533291
197.536023
197.537229
197.539198
197.539773
197.540392
197.54918
197.549212
197.549532
197.549718
197.561165
197.561436
197.562014
197.568227
197.569272
197.56971
197.577853
197.580329
197.58493
197.585554
197.59593
197.598238
197.602057
197.614019
197.615213
197.617535
197.619702
197.622376
197.625822
197.626597
197.627103
197.632404
197.63296
197.637297
197.640664
197.657337
197.664226
197.664782
197.666985
197.668559
197.670224
197.682608
197.682768
197.687779
197.690785
197.691344
197.692878
197.693132
197.695464
197.695484
197.698196
197.701216
197.709774
197.713264
197.713799
197.714296
197.726625
197.73745
197.737534
197.744663
197.750161
197.75943
197.763102
197.76499
197.768923
197.770602
197.775294
197.775346
197.777632
197.787793
197.789748
197.790417
197.79066
197.795635
197.796916
197.801372
197.803758
197.804301
197.813045
197.813862
197.8184
197.828096
197.830657
197.830755
197.831883
197.836524
197.837705
197.841569
197.84206
197.844474
197.845002
197.84662
197.851433
197.853127
197.8536
197.853828
197.859673
197.860655
197.861982
197.862861
197.863206
197.864384
197.865831
197.871588
197.880307
197.891017
197.892857
197.897824
197.898479
197.904434
197.90617
197.90712
197.913215
197.915584
197.924769
197.930258
197.941845
197.942065
197.95674
197.960552
197.960857
197.96292
197.968959
197.969348
197.969864
197.984326
197.987471
197.98762
197.997905
197.999387
198.003278
198.011414
198.012082
198.012494
198.021986
198.030293
198.031774
198.032253
198.035569
198.03583
198.036185
198.037372
198.03972
198.042782
198.046751
198.051253
198.052307
198.061087
198.065266
198.065926
198.070122
198.07677
198.078448
198.082199
198.083964
198.086538
198.087089
198.089816
198.090439
198.090935
198.091216
198.096532
198.096765
198.099489
198.102275
198.102292
198.105056
198.105409
198.109228
198.1101
198.11535
198.116858
198.12473
198.125156
198.125762
198.125955
198.130752
198.131138
198.145584
198.146049
198.151692
198.152557
198.152712
198.152801
198.152846
198.15295
198.16435
198.166942
198.168697
198.171245
198.171387
198.184313
198.184472
198.194313
198.199615
198.203204
198.204276
198.208854
198.211227
198.216318
198.226062
198.232947
198.239409
198.245487
198.246755
198.248938
198.25073
198.254075
198.260314
198.260522
198.263364
198.263723
198.266924
198.268893
198.275192
198.28094
198.281582
198.287277
198.302978
198.316984
198.322045
198.322733
198.324638
198.325652
198.329188
198.335777
198.341153
198.343762
198.360269
198.369498
198.370285
198.374191
198.376219
198.394969
198.396126
198.396853
198.39919
198.402823
198.406377
198.407123
198.409658
198.412546
198.415675
198.420041
198.421914
198.444428
198.444556
198.445506
198.447771
198.452474
198.453027
198.463416
198.47596
198.47604
198.480256
198.483504
198.484405
198.485606
198.493607
198.497591
198.506237
198.511752
198.514784
198.516279
198.523624
198.525139
198.52837
198.529363
198.53402
198.545604
198.547186
198.550489
198.555335
198.556508
198.573433
198.588867
198.59068
198.591123
198.595142
198.603668
198.607671
198.608497
198.611121
198.611537
198.613147
198.619268
198.620844
198.628
198.63149
198.633165
198.642084
198.652622
198.657051
198.657991
198.661133
198.663571
198.67123
198.673124
198.674086
198.67591
198.688846
198.696452
198.700956
198.703723
198.706778
198.708102
198.719707
198.731261
198.734559
198.737387
198.75005
198.754474
198.756867
198.757831
198.758451
198.759016
198.762103
198.770525
198.773573
198.776622
198.777887
198.778749
198.782569
198.783765
198.785211
198.786887
198.788077
198.801249
198.815275
198.815994
198.825991
198.827654
198.830623
198.830689
198.83338
198.834238
198.84614
198.847428
198.848604
198.853925
198.854177
198.854705
198.859322
198.860655
198.861986
198.865117
198.866975
198.867024
198.874337
198.875264
198.876918
198.87751
198.878672
198.884709
198.885046
198.888627
198.89969
198.903067
198.909478
198.911645
198.914313
198.915897
198.919484
198.921903
198.924445
198.924459
198.925284
198.926428
198.927519
198.935296
198.937058
198.943711
198.945239
198.947305
198.959297
198.972238
198.973249
198.973285
198.97573
198.976518
198.979521
198.984341
198.985022
198.986499
198.986621
198.991825
198.99625
198.999763
199.000744
199.004359
199.006941
199.008554
199.013434
199.015843
199.018128
199.023836
199.032812
199.042142
199.042147
199.048252
199.051504
199.057858
199.06282
199.069849
199.073205
199.073738
199.086886
199.0921
199.093326
199.095327
199.097807
199.105983
199.112432
199.127228
199.131644
199.133203
199.134874
199.135488
199.136131
199.136134
199.143282
199.144308
199.144691
199.149673
199.15623
199.157739
199.159872
199.160126
199.163858
199.174795
199.182655
199.189388
199.197089
199.197993
199.198611
199.204224
199.208017
199.211311
199.214418
199.215701
199.220053
199.234622
199.237383
199.237792
199.239751
199.242186
199.24303
199.243311
199.246563
199.249397
199.25156
199.256104
199.257879
199.261503
199.265452
199.265695
199.266358
199.266972
199.267206
199.282239
199.288435
199.292057
199.296953
199.299964
199.303479
199.304747
199.314329
199.317541
199.321612
199.334859
199.335562
199.342082
199.344065
199.351478
199.359539
199.359697
199.360742
199.362061
199.363587
199.368088
199.37614
199.379182
199.388823
199.400343
199.408065
199.413503
199.420451
199.428337
199.436807
199.442023
199.442671
199.444152
199.446919
199.44971
199.450646
199.45885
199.459769
199.459853
199.462148
199.471742
199.474562
199.479521
199.480185
199.481123
199.481137
199.48132
199.490121
199.497625
199.498744
199.509514
199.52137
199.523782
199.528725
199.530152
199.530731
199.531176
199.534691
199.537526
199.541026
199.54225
199.563531
199.570903
199.588766
199.589844
199.596764
199.601776
199.60215
199.602257
199.604616
199.604758
199.607204
199.610251
199.619222
199.623518
199.624506
199.625513
199.634609
199.636435
199.636712
199.64822
199.653633
199.653987
199.655267
199.657977
199.660796
199.667982
199.668084
199.668344
199.678619
199.681813
199.681962
199.683324
199.69147
199.693479
199.699384
199.700402
199.704902
199.713352
199.720741
199.722672
199.72367
199.724998
199.728992
199.729488
199.729873
199.735112
199.736161
199.738827
199.738943
199.741136
199.741643
199.747024
199.751387
199.766348
199.767194
199.768086
199.770963
199.77113
199.774205
199.779497
199.782634
199.78363
199.785197
199.787419
199.788901
199.789468
199.796774
199.798226
199.798789
199.804943
199.816468
199.817777
199.820078
199.822411
199.823385
199.836307
199.838099
199.844258
199.846511
199.847004
199.847038
199.847808
199.853411
199.855572
199.856823
199.85762
199.877685
199.88079
199.895982
199.908249
199.921004
199.925413
199.935252
199.935413
199.937207
199.945864
199.953414
199.958067
199.968255
199.977497
199.97948
199.980545
199.980956
199.981551
199.986661
199.988761
199.993015
199.994261
199.994565
199.995256
199.998551
199.999232
200.01061
200.011988
200.01485
200.0157
200.019216
200.02444
200.033534
200.035408
200.0468
200.052091
200.054339
200.057503
200.065207
200.065331
200.066238
200.068426
200.074327
200.074544
200.082273
200.091001
200.093664
200.09462
200.098358
200.102973
200.106357
200.107578
200.107977
200.110424
200.117475
200.119072
200.123483
200.12379
200.12716
200.129111
200.13007
200.131672
200.138559
200.139264
200.146809
200.150983
200.15504
200.160217
200.161262
200.168832
200.171811
200.175299
200.176368
200.181344
200.182777
200.190693
200.194152
200.203845
200.207353
200.209669
200.214273
200.215111
200.217764
200.224334
200.230397
200.232927
200.234033
200.234717
200.236767
200.240591
200.25292
200.264011
200.266054
200.280415
200.284046
200.286903
200.287201
200.289369
200.290861
200.293211
200.299797
200.325774
200.327315
200.328648
200.32968
200.340766
200.350555
200.359584
200.359668
200.373137
200.374752
200.375621
200.377719
200.381169
200.381326
200.383243
200.388039
200.395026
200.39742
200.406503
200.407405
200.422952
200.429373
200.433411
200.435973
200.437261
200.441255
200.4449
200.450034
200.456145
200.459498
200.468904
200.4695
200.482107
200.497309
200.498123
200.500517
200.507526
200.511592
200.526746
200.531184
200.538665
200.551171
200.554432
200.56024
200.563192
200.564313
200.567282
200.573047
200.586776
200.592502
200.595074
200.595279
200.604597
200.617119
200.621431
200.648003
200.652582
200.667066
200.673146
200.674267
200.675935
200.690592
200.695941
200.706472
200.711513
200.713424
200.715998
200.718051
200.728083
200.729857
200.731021
200.738473
200.763016
200.769461
200.780254
200.781325
200.782791
200.791192
200.793512
200.80221
200.805963
200.806786
200.815558
200.819768
200.819897
200.839159
200.841319
200.842517
200.847419
200.848287
200.85388
200.856945
200.86314
200.869507
200.878321
200.883037
200.885292
200.889945
200.891006
200.897383
200.897399
200.906025
200.90619
200.906468
200.923216
200.936288
200.941015
200.944969
200.945329
200.947446
200.953721
200.954225
200.958132
200.966931
200.970379
200.973525
200.97535
200.97595
200.976717
200.976733
201.009938
201.011893
201.01588
201.025634
201.031717
201.035248
201.036136
201.040974
201.044929
201.05696
201.060372
201.067611
201.070293
201.075453
201.080015
201.085527
201.086779
201.091723
201.111699
201.118901
201.120139
201.120744
201.125602
201.127696
201.131803
201.132244
201.13954
201.140421
201.149463
201.149505
201.157317
201.158344
201.16053
201.161798
201.174388
201.176836
201.18395
201.187243
201.190988
201.198142
201.203305
201.204373
201.224241
201.23032
201.239104
201.24855
201.252246
201.254448
201.255706
201.267717
201.267782
201.27524
201.285348
201.286163
201.287153
201.288942
201.291253
201.291711
201.300755
201.301043
201.30265
201.315293
201.321982
201.327529
201.330558
201.332434
201.336172
201.344218
201.34496
201.348152
201.361184
201.36202
201.366541
201.373995
201.381445
201.383696
201.39247
201.396483
201.397907
201.406781
201.413323
201.415766
201.421682
201.42575
201.428321
201.430695
201.432643
201.442697
201.449339
201.450344
201.453324
201.458441
201.462356
201.47409
201.483068
201.495692
201.496329
201.502047
201.505319
201.511844
201.516278
201.518341
201.52045
201.531975
201.534358
201.536308
201.54577
201.567788
201.570376
201.571004
201.590202
201.59553
201.627484
201.628637
201.640662
201.645898
201.64784
201.649055
201.651526
201.652188
201.655404
201.657009
201.657725
201.663663
201.677007
201.724205
201.725318
201.731197
201.739978
201.742407
201.749799
201.751961
201.753093
201.754344
201.756879
201.76002
201.760581
201.766028
201.777466
201.781156
201.783831
201.789538
201.789842
201.796507
201.799748
201.802391
201.804313
201.812825
201.819783
201.822791
201.828592
201.841805
201.849468
201.850783
201.850925
201.853669
201.857875
201.862318
201.865129
201.868923
201.869283
201.870017
201.872744
201.873049
201.877287
201.880752
201.883126
201.886996
201.899425
201.900726
201.918588
201.925289
201.932207
201.938133
201.938329
201.957779
201.971502
201.980082
201.984595
201.986348
201.989347
201.998404
201.998742
202.007986
202.011775
202.023182
202.023332
202.031368
202.032052
202.035469
202.039112
202.047453
202.048819
202.050408
202.051536
202.052696
202.052699
202.055042
202.058247
202.06612
202.069221
202.073429
202.0787
202.093776
202.096535
202.101801
202.110388
202.111511
202.12898
202.146148
202.159372
202.160444
202.168285
202.172781
202.18452
202.186466
202.187904
202.193174
202.200625
202.205868
202.220159
202.226738
202.22878
202.234811
202.242143
202.251856
202.253191
202.261744
202.266608
202.268679
202.283614
202.294567
202.296045
202.30351
202.310361
202.310838
202.311893
202.316246
202.320183
202.320831
202.326021
202.326768
202.330662
202.335568
202.344266
202.351978
202.360682
202.367375
202.372735
202.377731
202.383225
202.383635
202.391215
202.430348
202.446803
202.460702
202.46191
202.469359
202.474337
202.483987
202.496713
202.497055
202.51342
202.525809
202.530512
202.535726
202.538724
202.545304
202.545682
202.549427
202.560966
202.579921
202.585822
202.591991
202.593561
202.594918
202.597011
202.602575
202.602706
202.615494
202.640733
202.646
202.649874
202.65394
202.673871
202.680047
202.693681
202.699986
202.738878
202.74937
202.755461
202.773064
202.774445
202.774995
202.788407
202.795796
202.801196
202.808959
202.809528
202.81112
202.814479
202.816592
202.840348
202.872355
202.872597
202.875016
202.877477
202.891622
202.892305
202.892619
202.892654
202.895353
202.911971
202.936834
202.940936
202.942677
202.954655
202.959831
202.9696
202.974154
202.980122
202.98744
202.989819
203.014609
203.015662
203.038197
203.057793
203.072277
203.076583
203.087539
203.106984
203.111164
203.126476
203.128263
203.129091
203.129362
203.140524
203.141755
203.142812
203.161922
203.1623
203.179445
203.183183
203.183328
203.233123
203.239475
203.265043
203.274681
203.281811
203.322972
203.323086
203.341613
203.349931
203.351546
203.356035
203.365414
203.382588
203.39795
203.408732
203.418166
203.433304
203.434782
203.444157
203.461855
203.467945
203.474468
203.476923
203.485202
203.488657
203.500712
203.510718
203.512642
203.514745
203.544983
203.545606
203.571584
203.579114
203.587106
203.593688
203.603383
203.605595
203.611563
203.636977
203.641093
203.65089
203.656263
203.660638
203.667095
203.66711
203.670491
203.677575
203.690423
203.702821
203.708609
203.713238
203.717138
203.729847
203.745825
203.777951
203.782047
203.788099
203.804258
203.807867
203.823405
203.823407
203.828009
203.828221
203.847469
203.849816
203.851974
203.858992
203.864425
203.866086
203.866895
203.934089
203.953916
203.975449
203.979632
203.991126
204.036179
204.039262
204.045406
204.066482
204.081568
204.116481
204.141666
204.142646
204.15215
204.152385
204.153611
204.154134
204.15449
204.163997
204.168188
204.169294
204.173231
204.206005
204.208951
204.230935
204.245098
204.256003
204.260839
204.277591
204.282727
204.288496
204.301666
204.306678
204.338319
204.34788
204.37696
204.380491
204.383374
204.414708
204.418385
204.459466
204.461458
204.462997
204.477526
204.477586
204.4814
204.492607
204.514175
204.517344
204.54219
204.571727
204.580193
204.582661
204.590659
204.595818
204.626232
204.660398
204.661245
204.661386
204.667198
204.675073
204.750618
204.752242
204.752417
204.773222
204.794926
204.851445
204.85346
204.85787
204.860356
204.862755
204.864317
204.86495
204.880182
204.881821
204.902726
204.908974
204.923903
204.928746
204.954008
204.973305
204.977325
204.97872
205.001507
205.001885
205.015294
205.032086
205.035959
205.122477
205.154602
205.1547
205.167373
205.17561
205.208521
205.242901
205.249604
205.273276
205.274835
205.277783
205.314552
205.325379
205.330519
205.344663
205.389625
205.40777
205.415283
205.432326
205.439189
205.465131
205.476223
205.490199
205.518672
205.547107
205.565832
205.600184
205.614028
205.664114
205.679337
205.685683
205.695246
205.69757
205.69826
205.706004
205.709649
205.736044
205.776041
205.814459
205.823519
205.833094
205.842733
205.859172
205.876661
205.890798
205.897803
205.909747
205.910497
205.913908
205.966426
206.006454
206.010226
206.024206
206.038604
206.087524
206.105975
206.121798
206.154508
206.155685
206.159229
206.193105
206.198937
206.23365
206.262708
206.273672
206.319153
206.324081
206.353041
206.380309
206.398161
206.409619
206.411303
206.424826
206.432347
206.448718
206.449717
206.454996
206.479298
206.490664
206.503359
206.572975
206.595481
206.62004
206.682338
206.691604
206.701792
206.710761
206.720043
206.728133
206.731246
206.759918
206.77768
206.794477
206.831638
206.832978
206.862516
206.865034
206.879667
206.885553
206.888709
206.901584
206.907326
206.970723
207.020289
207.064822
207.075763
207.075811
207.080307
207.089988
207.106082
207.107926
207.12326
207.15373
207.157586
207.160418
207.171164
207.176486
207.176802
207.195022
207.244566
207.248032
207.258488
207.261204
207.267768
207.322649
207.350316
207.387283
207.508624
207.531034
207.531547
207.561333
207.567389
207.581247
207.586276
207.609865
207.616645
207.628289
207.640252
207.641124
207.664775
207.682949
207.69138
207.728048
207.741402
207.743323
207.776889
207.863801
207.867313
207.870198
207.968246
207.98333
208.030802
208.033466
208.074306
208.110275
208.122777
208.123372
208.134776
208.1764
208.197119
208.20244
208.218248
208.218573
208.221144
208.29818
208.330331
208.424383
208.488672
208.551025
208.573749
208.581494
208.594826
208.603788
208.626203
208.718631
208.769074
208.785561
208.788854
208.857086
208.885069
208.930649
208.934739
208.936438
208.957972
208.986774
209.058577
209.066725
209.095486
209.09969
209.232478
209.240428
209.310246
209.312358
209.389509
209.400704
209.419524
209.458913
209.470988
209.478387
209.583632
209.589682
209.596924
209.74982
209.779611
209.833026
209.874222
209.913119
209.978122
210.049704
210.308221
210.308868
210.347083
210.37642
210.398218
210.398591
210.461505
210.476345
210.582472
210.663968
210.678089
210.682434
210.74528
210.785019
210.787083
210.987367
211.000258
211.085052
211.136728
211.169625
211.276107
211.289461
211.377597
211.4142
211.421227
211.523951
211.729273
211.787445
211.864773
211.880756
211.883225
212.006429
212.026315
212.061159
212.167711
212.213022
212.251259
212.484111
212.63825
212.744736
212.786597
212.822374
212.92052
212.977526
213.249984
213.421731
213.547008
213.996653
214.206801
214.350586
214.569966
214.619389
214.673883
214.683127
214.778705
214.855555
215.075776
215.236498
215.279893
215.644676
215.669579
215.69622
215.760579
215.786825
215.981388
216.317292
216.383675
216.444219
216.485299
216.606205
216.71665
216.732
216.758683
216.864655
217.434377
217.647831
217.694917
217.816465
217.971364
217.978173
219.107037
219.368786
219.532338
219.725112
219.842511
219.846912
219.953711
220.003633
220.569279
220.682628
220.705819
220.960477
221.048486
221.441166
222.012962
222.092425
222.907116
223.162114
224.886759
225.427175
226.904279
227.264593
227.314209
228.345372
229.606153
229.954311
230.006662
230.48553
231.493755
232.291066
233.230012
233.887715
235.733367
235.748564
237.857251
239.829148
239.876716
243.461476
243.585883
244.479317
245.369824
246.130093
248.750978
249.744476
251.084774
251.915996
251.924839
254.560595
256.258523
258.18369
258.86598
261.828461
264.289335
267.041269
268.621585
286.05495
286.661088
295.351033
300.681448
306.51185
314.781713
315.95875
322.391418
323.855285
327.119596
335.507889
343.839854
349.857354
356.094
369.374817
390.732965
405.652233
408.481186
423.561839
424.853865
429.242829
453.975167
463.155874
476.458565
489.261018
532.061556
535.405371
537.678726
542.126845
549.904456
571.041708
644.241644
655.50584
696.949065
829.314243
861.562512
1355.334283
1381.772916
