0.231091
22.644896
137.617432
144.319399
144.731845
146.593
148.572011
151.595515
151.970549
153.452408
153.592087
156.193754
156.291733
156.550461
165.776274
168.888137
169.119711
169.411744
169.59025
170.619085
170.653629
170.748851
170.763967
170.808168
171.277007
171.31736
171.48531
171.590464
171.786294
172.491186
172.943494
173.147134
173.189825
173.210804
174.141812
174.167802
174.416399
174.709298
174.798999
175.270388
175.527844
175.724879
175.78195
175.862571
176.594471
176.661618
176.771543
178.031406
178.125885
178.515118
178.772211
178.853226
179.156659
179.241024
179.531706
180.394199
181.110459
181.391824
181.483797
181.684113
181.796168
181.804311
181.823663
181.855919
182.106928
182.218109
182.407742
182.499108
182.565076
182.835153
182.897313
183.349274
183.665131
183.826843
184.077794
184.116868
184.157172
184.231667
184.248411
184.519982
184.647838
184.652834
185.053483
185.557251
186.020292
186.394228
186.565927
187.070526
187.157494
187.576909
187.837609
188.000139
188.348311
188.794565
188.869439
189.437161
189.653766
189.824073
189.919934
190.199786
190.31555
190.77285
190.87867
191.049537
191.434173
191.98513
192.105933
192.558616
193.173334
194.695071
195.334074
195.440027
196.137245
199.61679
199.979195
201.325839
203.83442
204.834394
205.830456
