0.231091
22.644896
28.449001
37.930466
38.579615
135.746372
137.344847
137.617432
142.355036
144.319399
144.731845
146.479824
146.593
148.572011
148.651396
148.735574
149.664777
151.595515
151.607314
151.970549
151.996705
152.538899
153.132195
153.452408
153.592087
154.907312
156.193754
156.291733
156.550461
158.756976
160.05503
165.212987
165.776274
168.888137
169.119711
169.179088
169.411744
169.59025
170.55652
170.619085
170.653629
170.748851
170.763967
170.808168
171.277007
171.31736
171.48531
171.590464
171.786294
172.491186
172.943494
173.07
173.147134
173.189825
173.210804
174.141812
174.167802
174.416399
174.709298
174.798999
175.270388
175.527844
175.724879
175.78195
175.862571
176.441745
176.594471
176.661618
176.771543
178.031406
178.125885
178.252782
178.515118
178.772211
178.853226
178.996024
179.156659
179.241024
179.531706
179.541128
179.724427
180.030936
180.095349
180.394199
180.743197
180.943473
180.957922
180.961385
181.110459
181.391824
181.483797
181.684113
181.754311
181.796168
181.804311
181.823663
181.855919
182.106928
182.218109
182.407742
182.432875
182.447087
182.499108
182.565076
182.835153
182.897313
183.095267
183.181439
183.349274
183.408126
183.495329
183.619352
183.665131
183.826843
184.077794
184.116868
184.157172
184.231667
184.248411
184.293636
184.338883
184.519982
184.594229
184.647838
184.652834
184.996096
185.053483
185.557251
185.629422
185.685687
185.988471
186.020292
186.091729
186.232983
186.391896
186.394228
186.565927
186.831376
187.070526
187.157494
187.437609
187.576909
187.837609
187.866101
188.000139
188.012393
188.046034
188.205674
188.348311
188.613263
188.794565
188.869439
189.415109
189.437161
189.653766
189.824073
189.919934
190.107583
190.199786
190.31555
190.77285
190.87867
191.049537
191.434173
191.857518
191.98513
191.997565
192.105933
192.558616
193.173334
194.695071
195.334074
195.440027
196.137245
196.445426
196.941284
199.61679
199.979195
201.325839
201.742422
203.83442
204.834394
205.830456
221.557426
250.227339
