59.803963
107.219384
110.971608
117.140218
140.554257
149.517229
154.876911
158.110508
160.899632
164.627133
166.71512
168.514585
168.559237
169.899258
170.662057
170.942167
171.596801
171.702557
171.721833
171.847252
171.862192
172.754062
172.9134
173.557244
173.677865
173.721313
173.749434
173.86732
173.882036
174.014153
174.090615
174.249074
174.395649
174.456306
174.487731
174.855997
175.373536
175.412286
175.45778
175.551865
175.558279
175.650709
175.849039
175.915306
175.992611
176.08752
176.153531
176.304711
176.987998
177.014575
177.033888
177.072512
177.271645
177.432059
177.669562
177.945218
177.986713
177.986761
178.003477
178.016334
178.172851
178.255535
178.261058
178.307942
178.542626
178.573469
178.661286
178.751573
178.962167
179.010193
179.204878
179.308051
179.326762
179.351779
179.406958
179.440973
179.456475
179.637286
179.643673
179.681837
179.883778
179.903501
179.94137
179.984811
179.999585
180.037285
180.207932
180.252446
180.280028
180.287678
180.326353
180.412989
180.476112
180.537254
180.626786
180.632622
180.677338
180.682052
180.714471
180.769397
180.784628
180.790716
180.851295
180.99474
181.017087
181.04232
181.176043
181.204268
181.22492
181.241205
181.245009
181.254179
181.284446
181.3057
181.366976
181.384763
181.38961
181.413388
181.50892
181.517244
181.569958
181.628984
181.667845
181.769034
181.834225
181.857999
181.979219
182.004704
182.024324
182.096362
182.097105
182.097139
182.098725
182.139199
182.247622
182.303773
182.319932
182.380185
182.411309
182.459144
182.491236
182.570441
182.598104
182.770418
182.817374
182.837454
182.844759
182.894248
182.918592
182.93021
182.939245
182.992795
183.017062
183.026605
183.028314
183.061265
183.113602
183.119637
183.169641
183.182775
183.192463
183.225683
183.226192
183.254363
183.29142
183.292296
183.330764
183.37045
183.370754
183.370997
183.408798
183.452012
183.46147
183.467008
183.495361
183.514347
183.548231
183.580796
183.661247
183.675789
183.697536
183.701653
183.72532
183.739447
183.761432
183.788804
183.798963
183.839871
183.856442
183.887264
183.94572
183.975961
183.987362
184.024058
184.08141
184.088219
184.09488
184.096469
184.108529
184.115861
184.12917
184.134075
184.136105
184.151207
184.158989
184.192131
184.194823
184.195957
184.205893
184.224027
184.25744
184.272462
184.285873
184.287525
184.319543
184.322273
184.403788
184.434225
184.476706
184.48951
184.497212
184.500795
184.515243
184.519628
184.542457
184.555296
184.555639
184.571988
184.614706
184.63263
184.649151
184.653769
184.665095
184.703039
184.713706
184.751158
184.827079
184.833272
184.838543
184.851925
184.882775
184.888848
184.905361
184.90834
184.926699
184.963974
184.981896
184.984592
184.993462
185.001391
185.025355
185.050374
185.05786
185.060736
185.063325
185.06417
185.097816
185.101337
185.107479
185.128543
185.12939
185.132156
185.178526
185.200326
185.218718
185.232495
185.251554
185.26822
185.28128
185.354706
185.390888
185.437032
185.451646
185.481714
185.48798
185.494276
185.516603
185.519351
185.528938
185.626709
185.640471
185.651483
185.667863
185.672789
185.694838
185.755152
185.761101
185.773767
185.800929
185.82829
185.836988
185.838316
185.850618
185.870467
185.90766
185.920098
185.927284
185.940281
185.950582
185.95143
185.972285
185.999112
186.002087
186.024972
186.025021
186.045211
186.072888
186.097552
186.109383
186.113464
186.13134
186.187486
186.213078
186.221429
186.224331
186.268416
186.284725
186.293424
186.308453
186.308607
186.311432
186.333894
186.3386
186.354328
186.381587
186.429142
186.431501
186.481688
186.53442
186.54181
186.550543
186.564469
186.611239
186.613268
186.618472
186.627014
186.628655
186.629202
186.667281
186.689939
186.695392
186.733448
186.760267
186.761334
186.762165
186.763857
186.767392
186.768938
186.775949
186.786677
186.786749
186.81355
186.817625
186.817881
186.819548
186.829015
186.866152
186.876102
186.899806
186.911928
186.91587
186.94361
186.955761
186.960481
186.963192
186.980964
186.98511
186.989988
187.013714
187.014184
187.052845
187.057322
187.067157
187.076387
187.099743
187.101685
187.107237
187.142199
187.14339
187.153771
187.157183
187.171338
187.176981
187.187033
187.188496
187.192874
187.194883
187.204512
187.214392
187.217392
187.24085
187.252289
187.271046
187.296882
187.331417
187.341111
187.38214
187.392325
187.397246
187.418761
187.43485
187.441019
187.4522
187.458064
187.465265
187.46763
187.472636
187.477574
187.478411
187.488715
187.488837
187.48891
187.501495
187.503591
187.505497
187.509701
187.53039
187.531212
187.550252
187.557976
187.560886
187.573559
187.582713
187.588185
187.592335
187.604301
187.628638
187.651885
187.653066
187.666168
187.676784
187.693807
187.693815
187.712228
187.755921
187.759634
187.760454
187.79637
187.80072
187.800945
187.801614
187.814859
187.835366
187.856918
187.872155
187.886458
187.903313
187.911664
187.914805
187.92159
187.928664
187.941146
187.954651
187.986418
187.99592
188.001587
188.002329
188.003439
188.009373
188.01121
188.028268
188.035265
188.06581
188.068615
188.07134
188.072946
188.078215
188.084829
188.094944
188.099069
188.106381
188.131419
188.135382
188.146471
188.164072
188.171232
188.171976
188.188457
188.194059
188.209502
188.220438
188.232933
188.256408
188.263267
188.279995
188.282345
188.292998
188.294225
188.297292
188.300991
188.306528
188.319905
188.324895
188.325429
188.335352
188.338709
188.361665
188.37332
188.375256
188.414795
188.427666
188.42794
188.443698
188.443802
188.448611
188.461712
188.463598
188.476526
188.477267
188.504228
188.518636
188.530797
188.531247
188.539115
188.547298
188.547631
188.553645
188.578796
188.624241
188.627297
188.62804
188.649539
188.676737
188.685826
188.688414
188.690659
188.699226
188.737617
188.738124
188.750703
188.798917
188.808589
188.819447
188.82566
188.831082
188.842051
188.856449
188.860766
188.862951
188.871935
188.885808
188.891727
188.910478
188.912659
188.913846
188.940178
188.950563
188.979783
188.979904
188.983279
188.986351
189.023418
189.029691
189.038985
189.062575
189.086031
189.09424
189.094669
189.097074
189.122301
189.130588
189.130727
189.134523
189.154446
189.154846
189.155325
189.165197
189.173967
189.175219
189.176114
189.194416
189.202583
189.206905
189.218622
189.220442
189.221354
189.231993
189.248216
189.27497
189.290781
189.302701
189.312421
189.327994
189.334621
189.353142
189.354558
189.355399
189.394918
189.410627
189.429136
189.441754
189.446434
189.464767
189.467464
189.46838
189.472395
189.474023
189.474516
189.476586
189.489953
189.492447
189.496005
189.508181
189.509159
189.524258
189.542237
189.545457
189.546809
189.547711
189.569461
189.578615
189.603941
189.615711
189.620585
189.627444
189.639303
189.643957
189.670693
189.683592
189.71271
189.71293
189.719362
189.724323
189.732543
189.73466
189.747779
189.750678
189.761704
189.771012
189.776781
189.777125
189.779986
189.783683
189.784835
189.792091
189.802136
189.809979
189.810005
189.822913
189.833924
189.835146
189.84131
189.849573
189.849917
189.8631
189.865376
189.869675
189.870916
189.902185
189.902682
189.916306
189.921596
189.924078
189.928102
189.932948
189.943658
189.948713
189.949621
189.963042
189.979702
189.983142
189.984503
189.991683
190.008867
190.011036
190.011412
190.017372
190.02828
190.033572
190.056256
190.061811
190.063699
190.078632
190.107725
190.113
190.123497
190.124291
190.126337
190.132219
190.133255
190.138729
190.15253
190.167105
190.182109
190.198073
190.204987
190.213433
190.216711
190.234959
190.235375
190.236699
190.249075
190.255018
190.262205
190.269927
190.277819
190.279852
190.285678
190.290554
190.299572
190.302592
190.304986
190.308377
190.317277
190.324803
190.369273
190.385626
190.397261
190.403907
190.407363
190.407859
190.436094
190.44361
190.447978
190.448166
190.450643
190.455398
190.456599
190.460688
190.471864
190.479975
190.503688
190.509183
190.521907
190.528204
190.534974
190.538458
190.540175
190.541453
190.542894
190.545418
190.554756
190.557425
190.590888
190.609936
190.621904
190.628465
190.628499
190.648932
190.653645
190.663011
190.665834
190.674921
190.681267
190.686022
190.686497
190.705743
190.709031
190.71083
190.726326
190.740788
190.744174
190.745251
190.750647
190.754472
190.763255
190.766444
190.778801
190.785712
190.799534
190.802761
190.804289
190.804303
190.828649
190.835904
190.837396
190.838138
190.842174
190.858203
190.8638
190.869012
190.876754
190.8806
190.885825
190.907203
190.915516
190.916131
190.922541
190.923717
190.940169
190.944783
190.956909
190.957664
190.958353
190.960868
190.962498
190.965209
190.96948
190.976743
190.986856
190.989004
190.989662
190.992456
190.99875
191.007521
191.00788
191.022882
191.034343
191.036611
191.044142
191.046334
191.059632
191.062579
191.068881
191.070971
191.081936
191.094116
191.101297
191.110262
191.111005
191.114125
191.118006
191.122712
191.124923
191.126799
191.133859
191.134
191.146114
191.150289
191.150772
191.152715
191.152781
191.162164
191.175184
191.184014
191.192038
191.195325
191.228956
191.230498
191.242965
191.2475
191.269475
191.270445
191.291572
191.295188
191.295522
191.310817
191.312192
191.32154
191.325213
191.325356
191.329508
191.336227
191.337557
191.341696
191.344275
191.349264
191.35036
191.353187
191.357462
191.376363
191.384922
191.392332
191.406339
191.407452
191.408498
191.41078
191.416386
191.446054
191.461583
191.466365
191.471559
191.472016
191.479147
191.480941
191.498226
191.502411
191.521295
191.535924
191.538469
191.549912
191.55111
191.566306
191.610948
191.614115
191.617452
191.618169
191.630175
191.645061
191.656836
191.660218
191.673714
191.682814
191.689678
191.690744
191.698343
191.701884
191.727175
191.727743
191.729596
191.730109
191.736816
191.74946
191.756358
191.760788
191.778325
191.797065
191.829748
191.835828
191.837402
191.838799
191.844642
191.84499
191.853689
191.865223
191.873129
191.874046
191.878973
191.88877
191.890349
191.890893
191.899007
191.918091
191.923625
191.929229
191.944961
191.951859
191.962061
191.968878
191.971961
191.983952
191.994474
192.014496
192.018046
192.029624
192.030727
192.034613
192.035259
192.041041
192.04661
192.049564
192.059549
192.064544
192.064639
192.073172
192.075443
192.080122
192.09545
192.099568
192.104782
192.114521
192.11501
192.117938
192.12156
192.129634
192.137072
192.141942
192.146513
192.154782
192.155653
192.16268
192.167587
192.170346
192.176634
192.179243
192.182855
192.183985
192.187428
192.1901
192.192953
192.198558
192.205388
192.210773
192.23036
192.243374
192.253366
192.259711
192.270218
192.274696
192.284808
192.288943
192.291044
192.2947
192.297277
192.314111
192.317306
192.32397
192.325181
192.326051
192.333445
192.340244
192.344113
192.348751
192.361358
192.362995
192.379962
192.382584
192.388543
192.389819
192.397171
192.404961
192.408227
192.412041
192.419196
192.421681
192.423231
192.455205
192.458621
192.468498
192.469012
192.491906
192.499953
192.50229
192.508437
192.517839
192.51923
192.526544
192.527938
192.53192
192.53809
192.538368
192.542006
192.54283
192.549078
192.553814
192.554086
192.560196
192.560706
192.580716
192.587333
192.588861
192.597512
192.597605
192.602195
192.609481
192.616194
192.617545
192.618989
192.627526
192.634927
192.638803
192.639782
192.640247
192.640821
192.644536
192.645899
192.65653
192.657323
192.666115
192.6875
192.703458
192.706583
192.70778
192.709341
192.719141
192.724116
192.731407
192.73282
192.74448
192.74712
192.768837
192.77113
192.792179
192.798678
192.808692
192.815724
192.821394
192.825676
192.836614
192.839677
192.842926
192.846046
192.867396
192.878404
192.891342
192.90199
192.912446
192.912703
192.913316
192.923819
192.926115
192.926878
192.93225
192.950665
192.952573
192.955997
192.959187
192.960543
192.973923
192.974238
192.976723
192.978414
192.984101
192.986459
193.00162
193.003093
193.004783
193.004957
193.01179
193.019115
193.020508
193.027199
193.045795
193.048173
193.051081
193.059278
193.060839
193.088245
193.093695
193.098192
193.098887
193.107635
193.124089
193.12512
193.130323
193.133859
193.13712
193.138692
193.139024
193.149144
193.164382
193.166468
193.180036
193.180249
193.181526
193.187792
193.191367
193.192192
193.195817
193.199055
193.216001
193.2166
193.218056
193.22119
193.224516
193.232334
193.234952
193.244262
193.248228
193.248889
193.255403
193.26116
193.262302
193.263147
193.272442
193.281475
193.290213
193.291132
193.308369
193.316374
193.31739
193.319238
193.322702
193.325761
193.330875
193.333731
193.336473
193.341574
193.353288
193.36258
193.366778
193.367486
193.36842
193.373345
193.386547
193.386703
193.389213
193.394908
193.399445
193.402355
193.405578
193.422543
193.430089
193.436408
193.439451
193.454325
193.463161
193.466757
193.466817
193.468829
193.4714
193.473473
193.478454
193.480966
193.484293
193.495549
193.501647
193.501716
193.503589
193.509593
193.514666
193.51727
193.521012
193.521454
193.532401
193.540095
193.554135
193.55902
193.559724
193.559996
193.564494
193.567849
193.570999
193.571893
193.575824
193.579783
193.583926
193.594725
193.597009
193.597854
193.609176
193.622242
193.62295
193.634652
193.649578
193.651166
193.657672
193.668704
193.669454
193.675521
193.67762
193.682058
193.682729
193.693079
193.693575
193.697833
193.706816
193.710084
193.719919
193.72744
193.731194
193.747284
193.748174
193.749097
193.763468
193.763473
193.764352
193.764686
193.771649
193.771717
193.778274
193.783374
193.784405
193.785372
193.787954
193.793734
193.799705
193.809093
193.811748
193.819629
193.821475
193.822621
193.82412
193.825022
193.825456
193.826918
193.840904
193.852938
193.898958
193.900851
193.908277
193.910239
193.918317
193.92119
193.929678
193.931408
193.932949
193.942859
193.948558
193.950566
193.95105
193.953093
193.955282
193.957618
193.965027
193.969972
193.970389
193.971026
193.974421
193.976166
193.991037
193.992323
193.993366
193.994178
193.997994
194.004572
194.007271
194.011339
194.011466
194.015432
194.030088
194.031393
194.033892
194.045251
194.057826
194.060552
194.066674
194.079375
194.09892
194.099509
194.10406
194.117428
194.160485
194.161458
194.165083
194.186278
194.188681
194.195247
194.223684
194.23267
194.234369
194.238463
194.245303
194.249566
194.251461
194.259206
194.259518
194.265116
194.274862
194.277422
194.279937
194.282136
194.286853
194.295167
194.297916
194.305877
194.319475
194.322823
194.325864
194.337034
194.337326
194.348709
194.348876
194.353946
194.363918
194.368215
194.372791
194.374114
194.38195
194.394142
194.394516
194.398493
194.405478
194.408759
194.419837
194.421564
194.427285
194.427396
194.427611
194.427862
194.4318
194.44309
194.450858
194.45314
194.456655
194.456762
194.460074
194.47171
194.472388
194.475067
194.488538
194.488726
194.491753
194.499106
194.499986
194.504685
194.505806
194.509465
194.511217
194.520117
194.533093
194.535611
194.542333
194.543453
194.548467
194.555018
194.555146
194.55706
194.559351
194.574675
194.574833
194.575648
194.577996
194.578147
194.58363
194.58479
194.586992
194.599669
194.600885
194.601268
194.61048
194.632656
194.633031
194.639374
194.641594
194.641729
194.646424
194.66018
194.661776
194.664014
194.667338
194.668327
194.66976
194.670751
194.676772
194.678288
194.680956
194.694673
194.705956
194.707556
194.708972
194.711263
194.723487
194.731019
194.739027
194.742447
194.746746
194.748082
194.75668
194.760902
194.762399
194.76547
194.765965
194.769215
194.77331
194.780644
194.781369
194.786138
194.787687
194.794034
194.80109
194.801728
194.807488
194.815467
194.822711
194.82777
194.828261
194.839982
194.849949
194.85038
194.856679
194.860764
194.86422
194.876603
194.876855
194.880993
194.892042
194.892402
194.893839
194.896485
194.924819
194.925343
194.925657
194.926802
194.939058
194.942347
194.949206
194.954025
194.954498
194.955341
194.970328
194.978216
194.986093
194.996394
195.014434
195.015554
195.020498
195.023134
195.04242
195.043457
195.061693
195.062444
195.062572
195.064691
195.070024
195.071125
195.081076
195.101774
195.110149
195.123899
195.131262
195.136564
195.139684
195.142424
195.146687
195.147111
195.148694
195.15951
195.160769
195.161618
195.166627
195.171656
195.174064
195.176717
195.179678
195.181924
195.18498
195.193863
195.198326
195.204689
195.205013
195.211257
195.219698
195.230628
195.246636
195.247843
195.250749
195.260763
195.272513
195.273173
195.277504
195.279963
195.311018
195.313299
195.320811
195.334757
195.339885
195.342795
195.347389
195.352889
195.353156
195.354174
195.362913
195.373609
195.380226
195.391412
195.394265
195.418303
195.424717
195.431161
195.431667
195.447151
195.464206
195.472672
195.47365
195.476959
195.480865
195.485013
195.501305
195.515122
195.515758
195.521341
195.524729
195.531578
195.535406
195.536387
195.53837
195.550016
195.553986
195.555707
195.559472
195.569089
195.57163
195.582974
195.588054
195.590845
195.600073
195.600945
195.60188
195.617805
195.621797
195.621829
195.628394
195.63914
195.639662
195.649088
195.658854
195.663787
195.665417
195.674001
195.674962
195.683478
195.693817
195.693959
195.703062
195.712774
195.715161
195.722834
195.726686
195.728654
195.730442
195.734947
195.740764
195.751629
195.774632
195.788371
195.789894
195.791569
195.80548
195.806835
195.80838
195.817449
195.819626
195.822684
195.827686
195.831872
195.831968
195.840678
195.847497
195.854464
195.856568
195.856668
195.857696
195.860306
195.862585
195.878252
195.883714
195.889872
195.895242
195.899267
195.901868
195.910867
195.911865
195.914054
195.928252
195.946801
195.947595
195.952107
195.954615
195.962479
195.966043
195.982566
196.005792
196.00592
196.00629
196.0074
196.008307
196.017999
196.026944
196.028241
196.038669
196.039724
196.044719
196.051236
196.056281
196.063688
196.074279
196.08431
196.084403
196.08655
196.090455
196.091381
196.109908
196.112191
196.115277
196.12191
196.125594
196.136316
196.140739
196.146293
196.162648
196.171526
196.177276
196.185766
196.189202
196.192172
196.203287
196.206495
196.209631
196.227527
196.229698
196.242984
196.246635
196.251255
196.252337
196.252869
196.269452
196.271755
196.27186
196.272753
196.275539
196.284888
196.290666
196.294406
196.305977
196.309907
196.318346
196.320264
196.333144
196.333912
196.370427
196.373843
196.381914
196.384733
196.38513
196.387132
196.389791
196.397963
196.408455
196.408842
196.411495
196.420909
196.424535
196.435758
196.442262
196.446404
196.449566
196.460153
196.476238
196.494494
196.49613
196.500435
196.503076
196.506264
196.510803
196.513676
196.529373
196.530316
196.532385
196.541739
196.542676
196.549721
196.550033
196.552848
196.554779
196.555089
196.560812
196.568625
196.569957
196.570023
196.57009
196.571646
196.57751
196.595634
196.601088
196.602901
196.607234
196.608527
196.608797
196.612377
196.618402
196.623172
196.626685
196.65197
196.661036
196.669516
196.673152
196.675795
196.676552
196.679926
196.68232
196.6937
196.697124
196.700668
196.700958
196.704676
196.705163
196.707987
196.715451
196.716306
196.71692
196.722474
196.7231
196.730025
196.752193
196.7578
196.758357
196.759739
196.763522
196.780829
196.789395
196.792302
196.794187
196.79502
196.797803
196.811322
196.812781
196.813783
196.820432
196.830578
196.831241
196.847099
196.870623
196.874169
196.886025
196.887419
196.888711
196.892211
196.895025
196.89771
196.906914
196.91464
196.944893
196.952028
196.959729
196.964394
196.964517
196.978613
197.017666
197.021055
197.033674
197.034819
197.035453
197.056789
197.060895
197.061447
197.065409
197.066963
197.075299
197.077781
197.078395
197.087126
197.087233
197.095704
197.102376
197.111684
197.113974
197.121867
197.133489
197.143344
197.143515
197.146059
197.150327
197.157656
197.158472
197.159986
197.160212
197.163317
197.164801
197.166062
197.168958
197.174579
197.183773
197.191834
197.194182
197.19629
197.201322
197.201625
197.208836
197.214857
197.217326
197.221134
197.221962
197.226404
197.248319
197.254549
197.268447
197.269743
197.272432
197.281541
197.282663
197.288842
197.290626
197.299563
197.299893
197.303095
197.314405
197.332003
197.334532
197.338268
197.341923
197.351077
197.361246
197.378799
197.384077
197.398215
197.401319
197.401862
197.405015
197.412206
197.415498
197.426854
197.434548
197.439103
197.444474
197.460897
197.462148
197.462902
197.474345
197.474549
197.484409
197.486186
197.489013
197.495714
197.499174
197.509088
197.510209
197.511651
197.526311
197.533291
197.536023
197.539198
197.540392
197.549718
197.562014
197.568227
197.569272
197.577853
197.58493
197.585554
197.59593
197.598238
197.602057
197.615213
197.617535
197.619702
197.626597
197.632404
197.640664
197.657337
197.670224
197.682608
197.682768
197.691344
197.692878
197.693132
197.695484
197.701216
197.714296
197.75943
197.763102
197.76499
197.770602
197.775294
197.777632
197.790417
197.795635
197.813045
197.8184
197.841569
197.84206
197.84662
197.853828
197.859673
197.860655
197.863206
197.892857
197.904434
197.90712
197.913215
197.915584
197.960552
197.960857
197.969348
197.969864
198.011414
198.012082
198.021986
198.030293
198.035569
198.052307
198.065266
198.070122
198.07677
198.078448
198.082199
198.089816
198.090935
198.102275
198.102292
198.105056
198.1101
198.11535
198.12473
198.125156
198.125762
198.125955
198.146049
198.152557
198.15295
198.171245
198.194313
198.226062
198.245487
198.246755
198.254075
198.260314
198.263364
198.268893
198.275192
198.28094
198.281582
198.287277
198.322045
198.322733
198.324638
198.360269
198.369498
198.374191
198.376219
198.396853
198.39919
198.409658
198.415675
198.421914
198.444428
198.445506
198.447771
198.47596
198.483504
198.485606
198.493607
198.506237
198.511752
198.529363
198.53402
198.547186
198.555335
198.556508
198.573433
198.59068
198.595142
198.608497
198.611121
198.611537
198.619268
198.642084
198.652622
198.657051
198.661133
198.673124
198.674086
198.67591
198.700956
198.703723
198.708102
198.719707
198.737387
198.757831
198.758451
198.773573
198.777887
198.782569
198.783765
198.785211
198.788077
198.825991
198.834238
198.84614
198.847428
198.848604
198.853925
198.854177
198.859322
198.865117
198.866975
198.867024
198.876918
198.87751
198.878672
198.884709
198.888627
198.909478
198.914313
198.921903
198.924445
198.926428
198.927519
198.935296
198.937058
198.943711
198.947305
198.972238
198.984341
198.991825
198.99625
199.013434
199.015843
199.042142
199.051504
199.057858
199.06282
199.073738
199.086886
199.0921
199.105983
199.112432
199.131644
199.134874
199.135488
199.136131
199.143282
199.144308
199.15623
199.157739
199.159872
199.189388
199.197089
199.197993
199.204224
199.208017
199.220053
199.237383
199.237792
199.239751
199.243311
199.249397
199.265452
199.265695
199.288435
199.304747
199.317541
199.321612
199.335562
199.351478
199.359697
199.360742
199.362061
199.368088
199.37614
199.408065
199.420451
199.436807
199.442671
199.45885
199.459853
199.471742
199.479521
199.509514
199.528725
199.530731
199.531176
199.534691
199.537526
199.54225
199.570903
199.596764
199.601776
199.602257
199.604616
199.610251
199.634609
199.636435
199.64822
199.653633
199.653987
199.655267
199.668084
199.681813
199.681962
199.683324
199.69147
199.693479
199.704902
199.720741
199.722672
199.729488
199.736161
199.738827
199.741136
199.770963
199.774205
199.779497
199.782634
199.787419
199.788901
199.789468
199.796774
199.804943
199.816468
199.823385
199.836307
199.846511
199.847038
199.877685
199.88079
199.925413
199.935413
199.953414
199.97948
199.980545
199.980956
199.986661
199.994565
199.995256
199.998551
200.011988
200.01485
200.0157
200.019216
200.02444
200.052091
200.054339
200.057503
200.065331
200.066238
200.068426
200.074327
200.082273
200.093664
200.098358
200.106357
200.110424
200.138559
200.160217
200.161262
200.168832
200.181344
200.215111
200.232927
200.234717
200.240591
200.25292
200.266054
200.280415
200.284046
200.289369
200.290861
200.350555
200.359584
200.359668
200.373137
200.374752
200.381169
200.381326
200.383243
200.395026
200.39742
200.422952
200.433411
200.435973
200.437261
200.456145
200.459498
200.4695
200.482107
200.497309
200.498123
200.507526
200.511592
200.563192
200.592502
200.595074
200.595279
200.617119
200.621431
200.648003
200.652582
200.667066
200.674267
200.690592
200.715998
200.728083
200.731021
200.738473
200.780254
200.782791
200.791192
200.793512
200.805963
200.806786
200.815558
200.819768
200.819897
200.839159
200.841319
200.85388
200.878321
200.891006
200.897383
200.936288
200.941015
200.944969
200.945329
200.953721
200.966931
200.970379
200.97535
200.97595
200.976717
201.011893
201.025634
201.031717
201.036136
201.040974
201.067611
201.070293
201.075453
201.086779
201.111699
201.120139
201.127696
201.13954
201.140421
201.149463
201.158344
201.16053
201.161798
201.176836
201.18395
201.190988
201.198142
201.224241
201.23032
201.24855
201.252246
201.255706
201.285348
201.286163
201.300755
201.30265
201.315293
201.327529
201.330558
201.344218
201.34496
201.361184
201.366541
201.373995
201.381445
201.383696
201.39247
201.413323
201.415766
201.421682
201.42575
201.428321
201.432643
201.449339
201.458441
201.495692
201.496329
201.502047
201.505319
201.511844
201.516278
201.52045
201.531975
201.54577
201.567788
201.570376
201.571004
201.590202
201.59553
201.628637
201.640662
201.645898
201.651526
201.652188
201.677007
201.724205
201.725318
201.731197
201.739978
201.749799
201.754344
201.756879
201.76002
201.766028
201.781156
201.789538
201.789842
201.796507
201.812825
201.819783
201.828592
201.849468
201.850783
201.857875
201.865129
201.868923
201.870017
201.877287
201.880752
201.925289
201.938133
201.957779
201.980082
201.998404
202.007986
202.023182
202.023332
202.032052
202.035469
202.039112
202.047453
202.048819
202.050408
202.051536
202.052696
202.055042
202.058247
202.073429
202.093776
202.101801
202.12898
202.146148
202.159372
202.172781
202.186466
202.187904
202.193174
202.226738
202.253191
202.261744
202.266608
202.268679
202.296045
202.310361
202.316246
202.320183
202.326021
202.326768
202.351978
202.372735
202.377731
202.383225
202.430348
202.469359
202.474337
202.483987
202.496713
202.497055
202.51342
202.525809
202.579921
202.593561
202.597011
202.602706
202.615494
202.649874
202.65394
202.693681
202.699986
202.738878
202.788407
202.795796
202.801196
202.808959
202.81112
202.816592
202.872597
202.875016
202.892654
202.911971
202.9696
202.980122
202.98744
203.038197
203.076583
203.106984
203.126476
203.128263
203.129091
203.129362
203.141755
203.161922
203.1623
203.179445
203.183183
203.233123
203.239475
203.265043
203.274681
203.322972
203.323086
203.351546
203.356035
203.382588
203.408732
203.433304
203.467945
203.474468
203.485202
203.500712
203.510718
203.545606
203.579114
203.587106
203.593688
203.636977
203.641093
203.667095
203.677575
203.702821
203.713238
203.717138
203.745825
203.777951
203.804258
203.828221
203.849816
203.851974
203.934089
203.953916
203.979632
203.991126
204.036179
204.066482
204.142646
204.153611
204.15449
204.163997
204.169294
204.173231
204.206005
204.208951
204.230935
204.260839
204.282727
204.288496
204.301666
204.338319
204.414708
204.418385
204.459466
204.461458
204.462997
204.477586
204.4814
204.54219
204.571727
204.582661
204.590659
204.626232
204.660398
204.675073
204.750618
204.752242
204.773222
204.851445
204.85346
204.85787
204.860356
204.862755
204.864317
204.881821
204.908974
204.923903
204.954008
204.973305
204.97872
205.015294
205.032086
205.122477
205.167373
205.17561
205.273276
205.314552
205.389625
205.40777
205.415283
205.439189
205.465131
205.518672
205.547107
205.565832
205.614028
205.679337
205.685683
205.695246
205.69826
205.706004
205.776041
205.823519
205.842733
205.909747
205.910497
205.966426
206.105975
206.121798
206.155685
206.198937
206.23365
206.324081
206.353041
206.380309
206.409619
206.411303
206.448718
206.454996
206.503359
206.572975
206.595481
206.62004
206.682338
206.691604
206.701792
206.731246
206.77768
206.794477
206.862516
206.865034
206.888709
206.901584
206.907326
206.970723
207.080307
207.089988
207.106082
207.12326
207.15373
207.157586
207.160418
207.171164
207.176486
207.267768
207.350316
207.567389
207.586276
207.640252
207.641124
207.664775
207.682949
207.69138
207.743323
207.867313
207.968246
208.030802
208.074306
208.1764
208.197119
208.218248
208.218573
208.330331
208.424383
208.551025
208.603788
208.718631
208.788854
208.885069
208.934739
209.095486
209.240428
209.312358
209.389509
209.419524
209.470988
209.583632
209.779611
209.913119
209.978122
210.049704
210.308868
210.461505
210.663968
210.678089
210.682434
210.74528
210.785019
210.787083
210.987367
211.169625
211.421227
211.729273
212.006429
212.061159
212.251259
212.63825
212.822374
213.249984
214.350586
214.569966
214.619389
214.673883
214.683127
214.855555
215.075776
215.279893
215.669579
215.760579
215.786825
216.317292
216.383675
216.444219
216.864655
217.647831
217.978173
219.107037
219.368786
219.725112
219.842511
219.846912
219.953711
220.705819
220.960477
222.092425
223.162114
224.886759
225.427175
227.314209
228.345372
229.954311
230.48553
233.230012
233.887715
235.748564
237.857251
239.829148
239.876716
243.461476
264.289335
300.681448
343.839854
349.857354
356.094
390.732965
405.652233
429.242829
463.155874
489.261018
532.061556
535.405371
537.678726
542.126845
549.904456
861.562512
1355.334283
1381.772916
