1.600695
1.684501
7.036588
7.426326
7.441776
7.614492
7.715885
7.744436
7.849565
7.868258
8.255638
8.420635
8.60433
8.648949
8.656364
8.863379
8.964313
9.109893
9.23234
9.247006
9.286338
9.440776
9.442914
9.534347
9.800737
9.910454
10.238295
10.272998
10.285972
10.326348
10.415133
10.415622
10.646765
10.734118
10.751735
10.780368
10.956902
11.016123
11.049198
11.049834
11.128535
11.177409
11.472819
11.568032
11.643261
11.721832
11.76085
11.783705
11.817815
11.975641
11.987354
11.992181
12.052317
12.179554
12.315223
12.341434
12.378932
12.397738
12.405115
12.504948
12.607688
12.624765
12.651545
12.653963
12.654262
12.704244
12.738303
12.751655
12.822466
12.831796
12.937914
12.944115
13.003065
13.06763
13.115593
13.14611
13.293723
13.409906
13.415491
13.504133
13.53692
13.558861
13.613355
13.783739
13.874836
13.932478
13.949735
14.011832
14.321055
14.332981
14.378515
14.399406
14.553488
14.633535
14.687651
14.777584
14.786246
14.813633
14.889093
14.891759
14.923454
14.986599
15.030611
15.12811
15.293912
15.295374
15.382281
15.458271
15.478567
15.503018
15.546412
15.803348
15.825751
15.92779
15.936564
15.959291
15.975113
16.078089
16.097115
16.098628
16.23809
16.262178
16.338108
16.44826
16.452316
16.499414
16.73255
16.761861
16.78127
16.785293
16.855507
17.163694
17.575565
17.662548
17.897119
17.944524
17.981784
18.069946
18.304086
18.447258
18.562064
18.972058
19.012154
19.237188
19.29258
19.435358
19.667308
19.762686
19.767408
19.79626
19.994995
20.212212
20.283154
20.70451
20.73738
20.942814
21.002321
21.253288
21.272602
21.445709
21.456176
21.466179
21.621403
21.809371
21.850567
21.952165
21.969265
22.032521
22.210202
22.930137
22.933377
23.173044
23.197378
23.353609
23.379985
23.501281
24.023866
24.031405
24.703813
24.970432
25.329443
25.811351
25.921887
26.043608
26.077664
26.513135
26.899542
27.213866
27.219338
27.52874
27.968237
28.330676
30.016794
33.454882
33.492853
33.598307
34.562856
34.96513
35.488764
35.92423
38.574472
39.348465
40.132467
40.192784
40.496833
42.727104
43.463983
46.972736
47.067124
51.200479
59.468317
59.648168
63.309149
69.238904
69.29143
72.288888
80.523571
83.427777
84.373154
86.713821
87.334037
91.381474
92.592465
92.867628
93.75432
97.042507
99.716701
103.090522
106.073639
106.373513
106.765253
108.078294
108.097893
108.823041
108.974493
109.403735
112.201159
112.695314
112.749739
113.051413
113.131331
113.312665
113.420535
113.608388
113.941801
114.745888
114.884773
115.388153
116.209649
116.491539
117.179503
117.224107
118.051192
118.32221
119.043858
120.497723
120.985983
121.28785
121.514334
122.161538
122.204531
122.673683
122.698779
122.707733
123.055732
123.133022
123.470239
123.926381
124.371057
124.471877
124.641572
124.67561
124.963153
124.98393
125.134085
125.168678
125.175212
125.389768
125.474175
125.603
125.740121
125.815204
125.9356
125.974253
125.998889
126.125701
126.334629
126.568857
127.046876
127.05798
127.183687
127.198505
127.28561
127.325442
127.365985
127.577386
127.731385
127.761982
127.85823
128.3171
128.410084
128.570443
128.95393
129.045408
129.117819
129.25938
129.326766
129.334715
129.718595
129.723824
130.043252
130.175046
130.221485
130.249958
130.366287
130.418502
130.516292
130.632558
130.640004
130.653008
130.711576
130.837757
130.881458
130.947216
131.115808
131.20091
131.495605
131.741916
131.90348
132.034879
132.040799
132.155593
132.331206
132.555088
132.635847
132.733324
132.781637
132.821035
132.869197
132.970701
133.064691
133.719857
133.926882
133.957023
134.2041
134.210662
134.783664
135.110163
135.461022
135.510974
136.006613
136.08812
136.407189
136.436022
137.251286
137.408173
137.461538
137.615913
137.687483
137.748852
139.276803
139.463912
139.613007
139.981361
140.125102
140.483186
141.151606
141.233431
141.267384
141.317818
142.000874
142.799885
142.810041
143.156259
143.205812
143.455721
144.293967
144.630539
146.058858
148.620242
148.638348
149.097217
149.217396
149.385638
149.5865
149.610825
149.697096
149.700845
149.766154
149.965988
150.121111
151.737469
151.79983
152.036356
152.261848
154.659496
154.929364
154.997407
155.11878
155.716423
155.740971
155.758561
156.097145
157.676088
158.965077
159.312614
161.592488
162.088121
163.946809
164.333896
166.236554
166.870596
167.84788
168.288156
170.238545
170.339211
170.949171
171.702803
172.960536
173.325276
173.596882
174.812878
174.929331
175.557776
175.969059
176.79629
177.215779
177.415722
177.492044
177.507815
177.570943
178.400772
178.72958
178.808016
179.671801
180.073595
180.385213
181.106195
181.315805
181.316175
182.384098
182.868328
182.899433
183.255543
183.478047
183.834639
184.242877
184.344446
184.888955
184.953052
184.998258
185.269085
185.567569
185.65254
185.919818
185.938171
186.041142
186.205691
186.495844
187.379842
187.418208
187.690221
187.984115
188.531517
188.663589
188.763932
188.844836
188.917793
189.210875
189.419795
189.460378
189.523716
189.553348
189.662563
189.692243
189.78529
189.799616
189.878504
190.138256
190.343894
190.462055
190.465238
190.566909
190.799408
191.676859
191.680527
191.825911
192.488516
192.621502
192.698217
193.080676
193.086582
193.126914
193.2409
193.502214
193.611771
193.625923
193.780726
193.877882
193.954777
194.162674
194.397058
194.496274
194.567988
194.732677
194.746352
194.863745
194.886099
194.942504
195.008597
195.128339
195.424743
195.43112
195.450951
195.541499
195.853975
195.951113
196.112504
196.184508
196.297426
196.714677
196.7689
196.889368
196.915839
197.169217
197.214778
197.289423
197.408513
197.506338
197.629612
197.803186
197.921862
198.09036
198.144212
198.242926
198.251849
198.30563
198.30597
198.645325
199.220322
199.260084
199.323668
199.335116
199.462906
199.800442
199.937188
199.985279
200.006618
200.426206
200.456715
200.760981
200.821081
200.873852
200.9063
200.950612
200.97771
201.09397
201.106173
201.260768
201.287909
201.35403
201.488263
201.510822
201.547417
201.582312
201.674749
201.72481
201.79342
201.967004
202.193272
202.203189
202.333783
202.425573
202.467603
202.500068
202.534814
202.600518
202.733911
202.758413
202.802117
202.812168
202.846512
202.876548
202.894208
202.950948
203.0053
203.222004
203.488655
203.567768
203.61094
203.639539
203.745718
203.769954
203.887802
203.937234
204.08376
204.119649
204.15947
204.307901
204.375699
204.408952
204.42508
204.541606
204.574778
204.611188
204.629917
204.691885
204.790109
204.820973
204.895564
205.33383
205.474275
205.677212
205.755111
205.979716
205.983582
206.533057
206.573584
206.598673
206.666941
206.692056
206.917504
206.956562
207.060861
207.133067
207.27187
207.433754
207.673763
207.800444
207.834923
207.921673
207.989199
208.060588
208.188326
208.411521
208.502596
208.802183
209.055348
209.23007
209.29665
209.418398
209.712116
209.925948
209.944587
210.149767
210.220444
210.544904
210.797548
210.969816
211.041021
211.118244
211.146897
211.489852
211.761768
211.817829
211.849383
211.907722
211.936525
212.543865
212.736182
212.934909
212.992966
213.078401
213.194078
213.365785
213.45681
214.045614
214.070752
214.779432
214.795809
214.969251
215.080116
215.362443
215.486407
215.814849
215.956309
216.085748
216.106479
216.305781
216.49933
216.626885
216.802725
217.061835
217.177641
217.255373
217.789065
217.815137
217.876182
218.279962
218.665317
218.702798
218.762106
219.208993
219.239521
219.357986
219.422901
219.532141
219.541621
219.57847
220.062087
220.334786
220.939998
221.229902
221.385405
221.437437
221.683331
222.125971
222.267068
223.185503
223.199065
223.261234
223.547339
223.736641
224.061574
224.706872
224.781009
224.889873
225.249425
225.462304
226.401695
227.132106
227.280049
227.29851
227.392931
227.882341
228.320027
228.507866
228.716127
228.747372
229.000538
229.013837
230.405585
231.207347
232.164389
232.559326
232.774608
233.052203
233.230654
234.311562
234.328336
234.610194
234.631498
234.813484
235.564505
235.685637
235.964144
236.433256
237.012594
237.029155
237.099653
237.767995
238.002676
238.402467
238.533503
239.32136
240.133577
241.72646
243.003628
245.204245
246.270025
246.690384
249.762912
251.450129
251.638752
253.034216
253.168758
255.222903
256.437693
257.986671
258.097655
262.72426
263.609021
265.055954
265.179145
265.228016
265.744794
265.747767
268.035108
270.014515
271.423535
271.72211
273.737582
273.905852
274.917602
275.043286
276.006625
276.336631
276.951963
277.298453
277.855705
277.916157
279.009955
279.501827
280.358652
281.613407
283.008349
284.323845
285.750881
286.73217
290.855078
290.869196
290.877256
293.924943
295.324592
296.464603
296.547466
297.239373
299.604853
300.861939
300.906322
300.958024
302.804967
304.016276
305.187944
305.277706
305.798524
306.839816
307.116739
307.221582
308.085943
309.370316
310.149564
311.704166
311.900893
312.141434
312.467073
313.207828
314.931432
315.022787
315.530444
315.950696
317.659814
317.867722
319.06534
319.387051
319.481547
319.888875
320.633092
320.962765
321.027719
321.441482
321.952639
322.399552
323.582688
323.617511
324.105428
325.704105
328.272382
328.354544
328.547707
329.668505
329.725169
330.083261
330.439534
332.731121
334.656645
336.35991
337.740085
338.698449
341.50384
344.458262
344.597949
347.585782
348.109938
351.199929
351.501408
351.610709
352.692614
354.729511
357.206341
360.05343
360.50259
361.816277
362.239925
362.263273
364.763982
365.002273
367.787548
369.83536
374.266221
374.550963
374.869699
374.980252
377.532912
379.760091
381.164834
381.284514
383.072678
383.782857
384.137588
384.680835
385.009638
385.567353
388.630641
388.868779
389.38787
390.155483
390.206058
392.189712
394.434044
395.529235
396.368969
396.749574
398.155802
398.20007
401.511187
401.5317
401.683678
402.075507
402.300981
405.070755
406.371503
407.167507
407.602098
408.373845
408.623161
409.497658
410.428816
413.886357
414.842952
414.95807
415.330981
416.394168
417.197583
417.756117
419.022008
421.954631
425.579644
425.651769
429.098592
430.752582
434.168113
436.056371
437.309209
438.854057
442.87386
446.093598
446.151538
447.134919
448.327309
450.290076
451.707338
452.442532
452.77282
454.191217
459.81147
462.385373
462.562164
463.041019
465.441498
465.561817
472.289816
472.631503
474.95586
475.367226
477.991119
479.539851
480.979006
481.829423
482.014223
486.962717
486.990421
489.998632
491.839109
493.14676
494.852732
495.815518
500.660673
501.180941
504.650356
505.397449
505.468175
505.735294
507.789086
507.977056
511.09578
511.326384
515.663367
518.440131
520.583376
523.377252
523.908261
524.762356
527.484388
527.804907
528.718206
530.062752
530.16092
530.965544
532.933074
535.218481
535.250147
535.359838
536.740491
536.960313
540.284538
542.95064
548.537927
549.10271
549.497151
552.924914
558.204316
560.408899
560.672064
561.477266
561.780603
564.512123
568.399881
568.959392
572.207976
578.484243
578.510114
578.545235
578.95177
581.575521
584.045746
584.259442
586.476169
586.864752
587.75747
588.010375
590.196215
590.371421
592.140582
593.39087
594.951132
595.606778
596.596974
601.373397
610.063559
610.158702
610.865048
610.933796
619.063245
620.770687
627.925582
632.010529
632.039536
639.633293
642.248957
646.591913
649.096833
658.918687
660.13937
663.557
668.852955
670.976655
671.53163
674.894019
675.042998
676.843671
677.9984
678.069413
681.133459
688.355041
692.544978
695.642385
702.79613
706.568308
708.62682
712.040136
722.943199
733.11914
736.561442
741.310408
747.900929
754.559479
765.706034
768.196928
799.304589
803.458943
812.965174
819.444916
823.308322
830.851527
835.651726
835.949496
839.237735
865.567188
878.250383
890.673427
894.790415
899.64795
909.979278
916.838672
926.121461
936.762209
952.430685
961.143851
973.662346
978.450467
992.893437
1001.813615
1024.30404
1029.657816
1064.52732
1065.80072
1070.237244
1092.073315
1097.460401
1101.219217
1108.431373
1109.823905
1120.186178
1125.605082
1132.054504
1136.439319
1147.720715
1158.776284
1161.313045
1165.055177
1167.638114
1203.181248
1228.335764
1229.697349
1231.96718
1232.106262
1243.696774
1253.58893
1273.348214
1308.304983
1341.294745
1351.818296
1381.075673
1389.454429
1391.12938
1404.335661
1429.029407
1441.659212
1449.202542
1475.470864
1476.333234
1478.867705
1480.758908
1485.463946
1493.907655
1508.114894
1511.006232
1513.059726
1518.512438
1562.503522
1581.425177
1594.588656
1596.573994
1601.046556
1609.132561
1609.266989
1627.207827
1636.835927
1643.852105
1647.993513
1650.842213
1652.485034
1654.919117
1654.966749
1664.868846
1672.01834
1682.319262
1686.36848
1702.845652
1711.216205
1715.760101
1717.774873
1724.753205
1728.375464
1733.835664
1744.467863
1762.904585
1770.76779
1781.30935
1790.726056
1793.797999
1794.263393
1816.802855
1820.131343
1822.395405
1828.968997
1836.920579
1838.635316
1840.979524
1842.715584
1845.349079
1848.034537
1854.501633
1857.586298
1858.271033
1859.694102
1861.590433
1867.006928
1871.711353
1872.37428
1873.494419
1876.448024
1880.757842
1881.414976
1887.868423
1891.57489
1894.710276
1895.120218
1895.39415
1896.636322
1896.736847
1897.572871
1898.851637
1899.491114
1901.854578
1901.956956
1903.531989
1903.922203
1904.019323
1906.605537
1907.68592
1909.540826
1909.864443
1909.943223
1912.393715
1913.906343
1914.129895
1915.826679
1917.173449
1917.220224
1918.83039
1919.41965
1920.286693
1922.9097
1923.956615
1927.015373
1927.861366
1928.320738
1929.294603
1929.77692
1930.947792
1931.328818
1932.186239
1932.196605
1932.254135
1932.329777
1933.187665
1933.742221
1933.811369
1933.988307
1934.300281
1934.594134
1935.97976
1936.912052
1936.947397
1938.077606
1938.192471
1938.305674
1938.343508
1940.828025
1940.860269
1942.137209
1942.544797
1943.4891
1945.989546
1946.254094
1946.585557
1946.879923
1947.327914
1949.30318
1949.729202
1950.160223
1951.614777
1952.647322
1952.698901
1953.165482
1953.627483
1954.294379
1954.772648
1955.330853
1955.598199
1959.135026
1962.083175
1963.30235
1963.653203
1965.511785
1966.011711
1966.626119
1967.548868
1969.262301
1971.337837
1972.081894
1973.315083
1973.475891
1974.052606
1976.951862
1977.467747
1977.514644
1977.635497
1980.211627
1989.885124
1990.147211
1993.153575
1993.766197
1993.793909
1993.896133
1994.896385
1995.079664
1995.265796
1995.36177
1995.437725
1997.600298
1997.677266
1999.080159
2000.311488
2000.365545
2000.57758
2004.165273
2005.9773
2007.23405
2008.814182
2009.34732
2009.74107
2009.81852
2011.605586
2012.614181
2013.541745
2013.887774
2014.045453
2017.447794
2020.319548
2021.071413
2025.621392
2027.40321
2027.437309
2027.512962
2028.785919
2028.908734
2029.026664
2031.992468
2032.431982
2034.103062
2034.352118
2035.102162
2036.188814
2036.189827
2039.100349
2039.80893
2040.496642
2046.095844
2051.637152
2052.355394
2054.741752
2060.697272
2062.7929
2063.815337
2075.135705
2075.451491
2080.793678
2081.385554
2082.874646
2084.337805
2086.522497
2087.160446
2092.77603
2107.803308
2111.556883
2122.249015
2124.643187
2125.261493
2128.097025
2128.539086
2129.751116
2131.985956
2134.429207
2137.705042
2139.048312
2142.955012
2145.60826
2147.490363
2148.915694
2153.418039
2158.345588
2160.70335
2162.421942
2175.270997
2176.903084
2178.291357
2182.557808
2185.698263
2186.428665
2189.703746
2192.970219
2193.373198
2194.353828
2194.918394
2201.371848
2216.304224
2216.35187
2237.291453
2237.7616
2238.677359
2239.677949
2240.304078
2244.239644
2247.843623
2259.686976
2263.541134
2281.843922
2291.204145
2293.174306
2299.008944
2299.141174
2311.796203
2314.400278
2315.42331
2316.055246
2328.03578
2329.940561
2334.270004
2337.662064
2339.712346
2340.386454
2343.451379
2353.12255
2354.172713
2359.902638
2360.166415
2364.580214
2375.868426
2408.541221
2433.206936
2438.55268
2445.581045
2448.196425
2500.681503
2510.158318
2520.926134
2525.982451
2532.730388
2540.674226
2562.602622
2567.35377
2573.10831
2574.311976
2598.585847
2600.691935
2613.875459
2617.315525
2618.758267
2619.302382
2636.141333
2640.109041
2646.962494
2653.807165
2659.849973
2660.64465
2663.095897
2671.415847
2673.65187
2679.469235
2680.175769
2692.928781
2695.286625
2696.253867
2697.289348
2705.302732
2711.071535
2726.074488
2743.83559
2746.347521
2766.548943
2773.41429
2791.883019
2871.726371
2887.752818
3017.035725
3058.714969
3064.401984
3073.848179
3196.641127
3219.158857
3278.802501
3361.587177
3376.318849
3407.52155
3417.698391
3526.030566
3529.808114
3551.564167
3578.125864
3615.774522
3745.336228
3769.006516
3821.237509
3871.691031
3958.886926
3962.254508
4009.257354
4130.246957
4164.850337
4169.643184
4230.632544
4265.430799
4300.587743
4374.592746
4394.47759
4443.763165
4611.154631
4660.916037
4718.612031
4829.150768
5256.456936
5854.514044
6748.220188
6793.054573
7690.256676
7715.498457
9173.627751
10385.424849
10800.741264
10801.430551
10801.565734
10801.701713
10802.41502
10805.939208
10811.390783
10811.772768
10812.010057
10812.275106
10812.415609
10813.056994
10814.132434
10814.602213
10815.495201
10815.591781
10815.781144
10816.587916
10816.816174
10817.604793
10818.772433
10818.999454
10820.481116
10820.757798
10823.226359
10921.765686
10921.774317
10921.780804
10921.784016
10921.79122
10921.80602
10921.83628
10921.841345
10921.847539
10921.873018
10921.881331
10921.904083
10921.905294
10921.916224
10921.941999
10921.944125
10921.950866
10921.953387
10921.973798
10921.974312
10921.977706
10921.97987
10921.989069
10922.038029
10922.047908
10922.050491
10922.1024
10922.122308
10922.124301
10922.147626
10922.287328
10922.338551
10922.352392
10922.453142
10922.484912
10922.578462
10922.967614
18246.777437
21601.150795
21607.653178
24035.546968
