421.082454
1505.558435
2676.314253
2754.916641
2816.893137
2817.311194
2822.745745
2836.217632
2892.558286
2908.831271
2934.631644
2959.663213
2975.038735
2975.33732
2988.609757
2995.740134
3012.70974
3016.998058
3046.293062
3051.58889
3072.74059
3094.03413
3102.578732
3107.378137
3116.835896
3156.840204
3217.075194
3224.85439
3225.261642
3259.450476
3264.464722
3299.680037
3315.279242
3341.685295
3359.813433
3376.058851
3381.018871
3679.353546
3835.692961
3841.81358
3858.105839
3867.177654
3867.624574
3870.767097
3881.071205
3882.144668
3882.468691
3884.220465
3890.232079
3891.557735
3894.665142
3895.497506
3896.544725
3897.963968
3898.34176
3900.788874
3903.436405
3905.49272
3906.697447
3909.317172
3910.621666
3916.779925
3916.923929
3919.334842
3922.008568
3922.267719
3922.851113
3925.407694
3927.13102
3927.647978
3930.188079
3931.202059
3931.249098
3932.597184
3933.33142
3935.596008
3938.534006
3945.176115
3945.782441
3946.650379
3947.25549
3948.073058
3948.117551
3948.730867
3948.987349
3949.381797
3951.343692
3951.995254
3952.122787
3952.695352
3952.758606
3953.071617
3954.21961
3954.331313
3954.335805
3955.373749
3956.068319
3956.369689
3956.654995
3956.684136
3957.703361
3957.901725
3960.373265
3960.540161
3961.231883
3962.305962
3962.369734
3963.292404
3963.404417
3965.247359
3965.415064
3966.682871
3967.173311
3967.453238
3968.624537
3969.115708
3969.26404
3969.745167
3969.901889
3970.003307
3971.296125
3971.687437
3972.118438
3972.530959
3973.349124
3973.374778
3973.610244
3974.057664
3974.152506
3975.248191
3975.462599
3976.62982
3976.747781
3976.902071
3977.235364
3978.452337
3979.534351
3981.719725
3982.608749
3982.642304
3982.800396
3983.311024
3983.434091
3983.436169
3983.723454
3983.768794
3984.265969
3984.345404
3985.155025
3985.24839
3985.330144
3985.336012
3985.901009
3986.947506
3987.094277
3987.549417
3987.774156
3988.461838
3988.566349
3989.54727
3990.41994
3991.699675
3992.13462
3992.227316
3993.319175
3993.770023
3993.885943
3995.012197
3995.027696
3995.663106
3995.784649
3996.04259
3996.85711
3997.131569
3998.02176
3998.496054
3998.578113
3998.721055
3998.932566
3999.149622
3999.154048
3999.327232
3999.370577
4000.957799
4000.960423
4001.056082
4001.243374
4001.293157
4001.614394
4002.917386
4003.263023
4003.349232
4003.694564
4003.750524
4004.247273
4005.213701
4005.649053
4006.148651
4006.611413
4007.196544
4007.258625
4007.488459
4007.609603
4008.2829
4008.71401
4009.06165
4009.917849
4009.949177
4010.730772
4010.878539
4010.999574
4011.193566
4011.318263
4012.045849
4012.120057
4012.390221
4012.905936
4013.387133
4013.67173
4014.045035
4014.084868
4014.170143
4014.17975
4014.704707
4014.931429
4015.105968
4015.377101
4015.479645
4016.154817
4016.225004
4016.656974
4016.810613
4016.887062
4017.017526
4017.083081
4017.764277
4018.321752
4018.362813
4018.788142
4019.342279
4019.487061
4020.292702
4020.448458
4020.526085
4020.639704
4020.811933
4021.194432
4021.474041
4021.783731
4021.870344
4022.086823
4022.136667
4022.439298
4022.514155
4022.959813
4023.088604
4023.206385
4023.506499
4023.904385
4024.051437
4024.290889
4024.552366
4024.886765
4025.207447
4025.988991
4026.097164
4027.047512
4027.063996
4027.418383
4027.755238
4027.827786
4028.237805
4028.760025
4029.196672
4029.448801
4030.296792
4030.499686
4030.915682
4031.46755
4031.702483
4031.750771
4031.832036
4032.620697
4032.660381
4032.797397
4033.164022
4033.17883
4033.649605
4033.813108
4033.870419
4034.594906
4034.701537
4034.759774
4034.922554
4035.332561
4036.208864
4036.29217
4036.318245
4036.683617
4036.771754
4036.848723
4036.876849
4037.283622
4037.650237
4037.751207
4038.206068
4038.456187
4038.633983
4038.95302
4039.034335
4039.051433
4039.076293
4039.483196
4039.838998
4040.218381
4040.686121
4040.795076
4041.185619
4041.513382
4041.694518
4042.1226
4042.247233
4042.295496
4042.419783
4042.497686
4042.538571
4042.779749
4042.893751
4043.786213
4043.79784
4043.982394
4044.11976
4044.634086
4045.608088
4045.646732
4045.786475
4045.85625
4046.01339
4046.153352
4046.51428
4046.87503
4047.197044
4047.546
4048.014545
4049.373583
4049.473344
4050.133264
4050.152534
4050.522089
4050.742249
4050.974299
4051.144853
4051.217283
4051.613869
4051.770131
4051.787985
4053.591016
4053.937813
4054.298158
4054.451825
4054.536701
4054.719077
4054.846552
4054.961524
4054.961996
4054.985137
4055.010285
4057.468197
4057.713214
4057.75963
4057.885417
4057.888538
4058.229685
4058.230076
4058.374379
4058.914315
4059.384266
4059.430709
4059.821399
4059.891761
4059.929843
4059.989509
4060.051377
4061.040919
4061.527745
4061.53336
4061.547584
4061.7033
4061.722833
4061.967549
4062.106968
4062.471188
4062.500266
4062.617175
4063.023607
4063.663179
4063.998946
4064.084352
4064.385657
4064.553468
4065.0517
4065.618559
4065.63547
4065.786615
4066.164906
4066.19422
4066.392704
4066.685301
4066.998467
4067.143487
4067.210067
4067.233502
4067.384136
4067.990098
4068.085536
4068.390212
4068.676549
4068.771523
4069.119819
4069.177516
4069.337669
4070.097006
4070.187852
4070.579789
4071.244566
4071.402419
4071.707107
4071.764165
4071.807917
4072.255425
4072.618733
4072.91203
4073.0545
4073.446898
4073.696987
4073.815268
4073.831763
4074.077023
4074.154527
4074.463088
4074.477028
4074.766525
4074.90103
4075.054109
4075.299455
4075.595805
4075.780986
4075.879414
4076.26822
4076.327133
4076.387482
4076.417423
4076.569909
4076.62129
4076.97182
4077.113201
4077.369744
4077.966926
4078.27868
4078.56776
4078.64924
4078.764721
4078.906672
4079.150423
4079.290342
4079.411913
4079.55926
4079.607362
4079.93486
4080.025516
4080.190063
4080.914757
4080.963976
4081.429593
4081.6103
4082.039989
4082.644677
4082.64908
4082.728477
4082.797297
4083.029434
4083.036368
4083.281974
4083.410993
4083.574334
4084.349221
4084.561085
4084.782554
4085.005139
4085.332661
4085.35735
4085.427348
4085.433622
4085.720596
4086.027387
4086.815535
4086.855731
4086.942651
4087.037529
4087.143897
4087.280911
4087.420921
4087.538027
4087.695832
4087.720077
4087.769701
4087.994775
4088.507062
4088.661769
4088.830375
4089.028627
4089.069878
4089.208796
4089.314235
4089.332084
4089.655732
4090.044614
4090.256801
4090.329387
4090.850875
4091.206135
4091.354747
4091.545525
4091.657805
4091.781464
4091.862143
4091.922498
4092.147641
4092.213568
4092.352742
4092.51846
4092.541341
4092.869279
4092.876068
4092.958131
4093.518126
4093.612812
4093.624729
4093.62816
4094.665077
4094.894567
4095.13194
4095.73616
4095.927218
4096.179949
4096.498546
4097.062726
4097.178102
4097.492625
4097.915376
4098.084948
4098.55247
4098.636808
4098.65311
4098.790054
4098.814667
4099.031028
4099.146828
4099.316181
4099.437134
4099.75267
4099.997335
4100.12849
4100.190086
4100.196638
4100.272863
4100.820962
4100.895136
4101.081738
4101.203781
4101.277108
4101.585695
4101.606636
4101.671656
4101.680995
4102.109251
4102.266748
4102.975131
4103.233268
4103.501139
4103.510688
4103.696981
4103.737315
4103.981249
4104.255066
4104.292718
4104.357533
4104.377444
4104.462477
4104.611946
4104.646773
4104.742755
4104.751149
4105.060742
4105.086038
4105.120128
4105.124072
4105.131402
4105.381459
4105.709488
4105.73813
4105.766789
4105.82115
4105.994241
4106.271963
4106.29713
4106.476516
4106.481733
4106.515427
4106.579366
4106.727028
4106.801266
4106.871972
4107.021777
4107.308066
4107.680726
4107.778213
4107.791403
4107.865326
4108.059524
4108.354018
4108.434454
4108.573929
4109.046569
4109.067217
4109.379281
4109.432857
4109.80262
4109.802926
4109.893897
4110.089496
4110.440199
4110.876869
4111.136757
4111.307715
4111.445402
4111.998947
4112.126429
4112.182007
4112.185552
4113.06977
4113.092079
4113.124743
4113.185725
4113.191422
4113.482154
4113.661104
4113.816233
4113.836383
4113.943297
4114.472867
4114.725705
4114.853917
4115.380593
4115.432858
4116.376906
4116.411216
4116.677056
4116.984825
4117.133794
4117.16578
4117.306582
4117.82237
4117.866581
4117.87826
4117.959601
4118.089163
4118.12693
4118.353292
4118.406155
4118.560795
4118.567721
4118.6241
4118.641765
4118.924257
4118.950109
4119.020806
4119.173739
4119.387796
4119.418111
4119.422252
4119.469803
4119.475454
4119.543772
4119.622918
4119.77377
4119.78049
4119.799293
4120.080571
4120.146472
4120.27474
4120.3803
4120.565839
4120.597095
4120.657252
4121.316259
4121.356097
4121.364552
4121.44418
4121.520436
4121.576115
4121.723889
4121.910228
4121.930366
4121.978776
4122.004526
4122.191481
4122.435315
4122.471728
4122.61036
4123.034079
4123.151237
4123.229611
4123.266558
4123.59293
4124.202579
4124.294292
4124.841071
4124.846635
4125.241419
4125.399699
4125.47565
4125.498816
4125.672823
4125.739718
4125.790379
4125.84336
4125.845919
4126.153163
4126.429808
4126.692759
4126.703729
4127.126454
4127.19871
4127.268151
4127.272502
4127.284665
4127.451592
4127.517064
4127.521314
4127.56856
4127.730004
4127.974366
4127.995181
4128.1926
4128.488565
4128.672838
4128.891045
4129.053682
4129.146757
4129.234504
4129.327457
4129.473273
4129.487962
4129.677313
4129.728593
4129.838517
4130.178511
4130.541892
4130.663997
4130.814526
4131.0149
4131.208399
4131.242361
4131.288458
4131.368967
4131.563276
4131.577613
4131.658968
4131.715557
4132.055078
4132.412481
4132.465843
4132.545852
4133.198144
4133.245322
4133.283783
4133.648607
4134.035785
4134.142499
4134.265531
4134.397915
4134.491572
4134.586595
4134.688573
4134.780872
4135.011062
4135.171861
4135.297703
4135.381628
4135.508119
4136.004742
4136.310838
4136.659558
4137.23207
4137.242214
4137.490196
4137.846437
4137.873418
4137.959044
4137.982816
4138.230399
4138.505461
4138.66252
4139.291798
4139.403403
4139.546749
4139.859106
4140.049612
4140.176297
4140.281809
4140.499074
4140.541464
4140.813717
4141.088957
4141.290138
4141.327338
4141.458305
4142.591829
4142.676038
4142.788731
4142.94444
4143.038421
4143.211288
4143.238277
4143.347956
4143.492551
4143.62813
4143.846937
4143.928576
4144.038111
4144.14295
4144.386877
4144.41508
4144.452576
4144.512502
4144.822349
4144.899395
4145.535867
4145.855303
4146.195095
4146.57967
4146.626741
4146.651658
4146.721216
4146.8157
4147.579431
4147.624855
4147.758004
4147.794132
4148.352512
4148.457238
4148.570546
4148.697136
4148.851162
4149.112173
4149.872873
4149.938518
4150.42898
4150.51072
4150.69748
4150.717625
4151.049937
4151.298839
4151.365424
4151.641761
4151.691865
4151.953759
4152.08435
4152.212114
4152.509409
4152.519788
4152.535737
4152.997327
4153.423273
4153.58192
4153.934784
4154.308601
4154.541772
4154.639275
4154.640297
4154.837492
4155.036209
4155.233917
4155.306108
4155.400378
4155.578418
4155.700441
4155.709101
4155.871582
4156.056897
4156.097484
4156.321066
4156.357301
4156.881314
4157.067938
4157.172381
4157.658531
4157.776007
4157.862273
4158.086282
4158.370045
4158.482959
4158.965523
4159.19412
4159.308578
4159.323236
4159.427275
4159.556483
4159.67197
4159.946473
4160.081763
4160.115008
4160.190324
4160.498278
4160.773996
4161.278899
4161.320862
4161.350656
4161.765222
4161.875536
4162.013116
4162.026504
4162.187975
4162.237612
4162.530447
4162.80062
4162.823293
4162.842277
4163.033211
4163.326146
4163.453524
4163.464414
4164.09384
4164.099323
4164.209936
4164.232055
4164.28172
4164.301077
4164.36209
4164.609601
4164.728167
4164.744546
4165.152185
4165.661785
4165.748586
4165.879147
4165.986128
4166.09576
4166.260803
4166.266148
4166.27443
4166.659135
4167.055949
4167.094865
4167.100135
4167.262669
4167.315483
4167.316023
4167.341421
4167.668147
4167.741236
4167.756778
4167.782892
4167.912552
4168.318459
4168.758509
4169.021324
4169.097296
4169.104872
4169.267222
4169.395298
4169.417808
4169.981188
4170.012679
4170.305874
4170.305957
4170.352941
4170.404164
4170.729742
4170.832006
4170.867603
4170.914133
4171.087108
4171.138626
4171.308945
4171.76306
4171.819213
4171.93117
4172.072847
4172.079148
4172.149515
4172.222179
4172.336887
4172.843624
4172.913878
4172.957683
4173.169627
4173.364262
4173.479901
4173.735921
4173.906015
4173.974652
4174.020262
4174.051462
4174.461423
4174.948774
4175.016986
4175.062599
4175.38801
4175.697137
4175.793607
4176.164467
4176.175319
4176.399292
4176.49673
4176.526033
4176.588447
4176.935703
4177.144855
4177.17562
4177.205037
4177.235311
4178.079457
4178.436653
4178.877822
4179.533656
4179.544778
4179.756456
4179.788358
4179.951903
4180.015711
4180.037367
4180.364315
4180.524454
4180.648323
4181.422751
4181.592758
4181.688882
4181.787009
4181.813553
4181.818684
4181.876829
4181.918419
4182.529007
4182.911424
4182.938662
4183.309309
4183.792439
4183.910841
4183.982969
4184.111519
4184.139316
4184.239145
4184.434493
4184.745602
4184.79753
4184.98985
4185.248297
4186.051404
4186.234185
4186.248502
4186.535837
4186.540054
4186.68763
4186.804755
4186.899342
4186.949997
4187.076099
4187.352088
4187.709499
4188.056229
4188.19649
4188.654385
4188.701351
4188.871466
4189.22252
4189.251806
4189.389552
4190.038442
4190.121827
4190.279504
4190.464403
4190.669939
4190.857285
4190.953591
4191.173897
4191.46461
4191.558699
4191.775972
4191.821593
4191.880839
4191.985676
4191.99188
4192.305583
4192.312059
4192.95408
4193.093425
4193.110279
4193.303787
4193.634588
4193.742915
4193.83921
4193.985099
4194.498079
4194.585491
4194.71022
4195.157991
4195.173028
4195.453809
4195.972749
4196.032856
4196.305925
4196.386545
4196.393737
4197.071489
4197.095762
4197.133097
4197.138677
4197.716488
4197.720159
4197.973691
4198.345834
4198.625567
4199.635878
4199.648066
4199.783623
4199.8123
4199.908095
4200.470085
4200.49483
4200.50793
4200.741635
4200.769136
4200.783649
4200.979879
4201.43648
4201.525861
4201.773866
4202.155245
4202.247458
4202.700057
4202.751457
4203.232579
4203.508833
4203.630761
4203.748917
4203.909642
4204.158074
4204.162821
4204.218106
4204.437399
4204.552792
4204.562825
4204.779862
4204.892303
4204.954238
4204.966993
4205.088233
4205.13725
4205.171151
4205.254485
4205.441306
4205.719953
4205.817908
4205.940706
4206.01295
4206.146471
4206.231853
4206.4115
4206.824975
4206.941945
4207.996072
4208.803159
4209.352764
4209.729499
4209.743007
4209.795089
4209.856844
4209.892701
4209.894976
4210.054631
4210.16869
4210.341992
4210.952148
4211.001937
4211.145222
4211.194959
4211.618825
4211.701544
4211.724295
4212.028121
4212.16906
4212.29483
4212.534316
4213.16969
4213.182855
4214.113215
4214.249119
4214.270274
4214.358219
4214.374296
4214.415055
4214.806513
4214.859552
4215.004732
4215.063898
4215.095226
4215.169176
4215.402171
4215.467532
4215.705929
4217.059783
4217.068802
4217.406142
4217.412144
4217.569392
4217.999129
4218.014173
4218.442106
4218.476449
4218.82441
4218.898121
4219.036676
4219.041767
4219.168855
4219.306459
4219.627961
4219.811126
4219.899294
4219.92094
4220.321173
4220.507185
4220.741394
4220.773647
4220.836895
4221.615249
4222.393596
4222.49606
4222.505936
4222.613999
4222.959775
4222.994262
4223.005375
4223.272271
4224.024931
4224.178014
4224.224477
4224.562472
4224.89184
4224.964887
4225.69066
4225.807025
4226.107501
4226.14282
4226.823366
4226.953631
4226.967748
4227.080526
4227.17524
4227.438138
4227.571646
4227.770082
4227.90574
4227.966278
4228.20169
4228.295459
4228.442701
4228.970084
4229.189192
4229.364842
4229.366657
4229.406798
4229.585833
4229.862652
4229.939458
4230.484717
4230.540485
4230.615633
4230.941381
4231.035847
4232.390134
4232.482525
4233.119924
4233.905889
4234.337518
4234.52121
4234.69561
4235.190596
4235.338031
4235.354425
4235.460663
4235.496397
4236.012924
4236.093422
4236.393499
4236.483847
4236.943758
4237.074719
4237.35112
4237.679549
4237.944232
4238.259383
4238.531412
4238.571941
4238.987406
4239.089822
4239.123003
4239.637585
4239.83472
4239.838223
4240.276117
4240.42489
4240.889903
4241.225481
4241.292215
4241.928613
4242.306566
4242.373176
4242.432696
4242.507358
4242.793741
4243.30255
4243.522025
4244.278402
4244.861597
4245.442234
4245.622347
4245.624823
4245.9441
4245.992766
4246.101053
4246.295857
4246.347784
4246.691446
4246.735931
4246.867127
4247.154019
4247.53755
4248.111185
4248.180011
4248.187911
4248.305754
4248.594399
4248.676591
4248.851253
4249.324634
4249.639926
4249.879245
4250.012983
4250.416207
4250.717191
4250.806732
4250.961905
4251.169924
4252.193597
4252.200014
4252.415801
4252.506604
4252.733823
4252.968051
4253.475501
4253.549535
4253.744848
4253.956056
4254.36463
4254.433105
4254.465061
4255.728842
4255.781876
4255.934455
4256.262606
4256.323708
4256.672757
4256.686336
4256.713704
4256.929485
4256.955286
4257.101009
4257.148798
4258.339856
4258.39895
4258.504589
4258.618763
4258.729922
4258.765352
4259.160045
4259.558901
4259.614209
4260.346469
4260.499271
4260.516269
4261.244141
4261.262229
4261.752628
4262.18048
4262.415411
4262.614385
4263.167513
4263.460198
4263.469596
4263.482639
4263.629691
4264.123756
4264.202225
4264.545789
4264.588495
4264.782632
4264.870696
4264.947063
4265.365528
4265.445185
4265.456839
4265.832649
4266.057193
4266.496531
4266.523061
4267.043956
4267.295343
4267.573074
4267.659936
4267.836819
4267.84998
4268.348559
4268.808874
4268.86875
4269.139584
4270.113391
4270.410542
4270.531386
4270.848862
4270.95242
4271.518574
4271.644249
4271.7465
4271.843901
4272.228382
4272.609371
4272.612214
4273.207135
4273.528009
4273.637729
4274.647058
4275.010948
4275.1591
4275.194077
4275.642432
4276.297359
4276.696902
4276.885999
4277.306099
4277.791511
4277.815542
4278.096344
4278.356636
4278.45952
4278.483493
4278.662467
4278.718849
4278.913242
4279.72038
4279.750439
4279.924568
4280.129717
4280.786516
4280.854972
4280.876578
4280.883761
4280.920953
4281.116669
4281.118084
4281.540765
4281.654134
4282.444844
4282.491573
4282.796759
4282.86356
4283.151314
4283.443369
4283.469015
4283.569554
4283.593935
4283.964405
4284.248059
4284.573689
4284.827013
4285.048413
4285.598724
4285.818643
4286.033296
4286.095379
4286.627017
4286.646382
4286.662122
4286.946277
4287.078532
4287.126929
4287.367049
4287.408314
4287.68225
4288.088563
4288.562215
4288.798234
4288.853344
4289.001949
4289.146451
4289.254981
4289.26731
4289.419099
4289.567776
4289.794222
4289.94951
4290.027607
4290.136565
4290.224494
4290.411442
4290.58688
4290.786514
4290.99776
4291.255988
4292.105015
4292.461689
4292.528221
4293.293379
4293.359261
4293.637846
4294.287637
4294.331602
4294.343156
4294.571996
4295.098306
4295.161961
4295.295244
4295.621909
4295.819086
4296.548495
4296.668741
4296.912243
4297.107411
4297.181834
4297.661432
4298.085712
4298.098924
4298.145073
4298.177207
4298.423742
4298.949536
4299.241628
4299.318428
4299.883987
4300.086027
4300.260078
4300.308068
4300.352523
4300.658537
4300.777552
4300.894314
4301.24759
4301.302528
4301.521843
4301.873077
4301.956876
4302.080055
4302.246349
4302.246642
4302.374183
4302.439812
4302.648555
4303.021332
4303.288062
4303.604953
4304.140717
4304.254002
4304.353491
4304.603154
4304.705475
4304.941326
4305.034792
4305.287077
4305.702225
4305.871371
4305.891454
4306.234845
4306.78662
4307.242062
4307.264303
4307.977267
4308.066504
4308.312166
4308.365701
4308.464471
4308.563099
4308.778559
4308.814601
4308.955592
4309.014911
4309.151765
4309.558206
4309.704518
4309.931615
4309.987988
4310.042985
4310.12248
4310.497734
4310.676725
4311.621128
4311.923785
4312.013649
4312.551946
4312.737219
4313.736754
4313.741189
4314.213944
4314.323088
4314.407672
4314.894964
4314.904457
4314.981879
4315.018
4315.045636
4315.32789
4315.451725
4316.32002
4316.67804
4317.232475
4317.265393
4317.589087
4317.72136
4318.074047
4318.471334
4318.755011
4319.172178
4319.437561
4319.626269
4320.473518
4320.569946
4320.647779
4320.878083
4321.058424
4321.294725
4321.403185
4321.639393
4322.223596
4322.643266
4322.902195
4322.995071
4323.177014
4323.882723
4324.303002
4324.620188
4324.62565
4325.182786
4325.281744
4326.746728
4327.103945
4327.511916
4327.691891
4328.070022
4328.176996
4329.21275
4330.051969
4330.096044
4330.146552
4331.982412
4332.062065
4332.085537
4332.263852
4332.386729
4332.534403
4332.705795
4333.314623
4333.481351
4333.919958
4334.608236
4334.648464
4335.140262
4335.493356
4335.683461
4335.892398
4336.580236
4336.980739
4337.060399
4338.165769
4338.385192
4338.921423
4339.109393
4339.838989
4340.606474
4340.945755
4340.968182
4341.483731
4341.55634
4341.701712
4341.817281
4341.937419
4341.951
4341.980759
4342.208047
4342.268479
4342.278758
4342.375473
4342.446877
4343.825469
4344.182118
4344.399013
4345.049376
4345.979082
4346.396714
4346.559828
4346.570915
4346.707139
4346.855895
4347.2505
4348.147927
4348.509227
4349.109065
4349.556506
4349.760199
4349.846249
4349.849015
4350.519658
4351.856059
4352.540211
4352.725953
4353.256403
4353.482164
4353.509652
4353.663327
4354.166642
4354.462798
4354.567039
4354.841481
4355.029182
4355.260725
4355.460017
4355.781683
4355.800544
4356.16709
4356.559771
4357.132292
4357.199493
4357.359995
4357.388277
4357.743859
4357.762836
4358.049276
4358.39142
4358.410797
4358.660247
4358.713224
4358.796917
4359.044887
4359.197762
4359.635566
4359.694065
4360.370674
4360.79203
4361.00174
4361.179751
4361.537632
4362.157703
4362.560985
4362.81548
4363.287267
4363.581238
4363.905826
4363.90847
4363.99087
4365.213496
4366.166229
4366.232928
4366.314061
4366.417638
4367.128753
4367.365575
4367.594055
4367.77465
4367.948799
4368.03936
4368.228812
4368.4909
4368.521705
4368.534778
4368.740563
4369.006736
4369.22163
4369.234313
4369.331213
4370.285141
4372.240612
4373.332327
4373.458955
4373.848249
4374.826642
4375.220827
4375.714792
4375.796868
4376.590681
4376.592722
4377.014255
4377.248545
4377.919695
4378.127794
4378.204031
4379.928327
4381.793592
4382.577554
4382.616459
4382.872587
4382.912774
4383.130715
4383.400498
4383.707696
4384.175059
4384.745615
4385.501006
4385.838342
4386.082479
4386.727992
4387.119419
4387.2706
4387.542999
4387.917199
4388.626447
4388.884357
4390.79256
4390.812068
4391.354112
4391.483235
4391.984217
4392.40094
4392.460731
4392.52581
4392.914091
4393.326344
4393.577192
4393.722907
4393.804313
4393.9507
4394.171552
4394.357061
4395.030906
4396.242138
4397.001841
4397.135617
4397.15807
4397.353633
4397.877591
4397.922086
4398.095693
4398.154816
4398.325514
4398.765846
4399.215958
4399.556079
4399.629128
4399.864302
4399.949787
4400.01469
4400.59553
4401.974093
4403.79764
4404.418448
4404.610747
4405.194297
4405.480358
4405.690896
4406.459233
4408.077286
4408.08922
4408.327525
4408.575512
4409.088857
4409.277831
4409.555391
4409.675348
4409.686413
4409.743224
4410.735054
4410.762014
4411.098226
4411.519021
4411.808341
4411.898463
4411.946046
4411.993857
4412.261452
4413.057606
4413.183267
4413.277461
4413.381588
4414.107788
4415.28313
4415.749466
4416.169254
4416.38171
4416.557984
4416.561042
4417.269991
4419.215867
4419.277475
4419.858099
4420.399779
4420.766106
4421.087109
4421.100128
4421.332722
4421.72836
4421.74534
4421.844298
4422.206313
4422.30282
4422.370587
4423.747481
4423.823244
4423.888664
4424.073668
4424.126179
4424.785638
4424.953736
4426.207347
4426.843051
4426.877167
4427.050722
4427.558654
4428.571326
4429.194378
4429.514101
4429.726953
4430.067117
4430.310487
4430.354911
4430.701664
4430.723712
4430.954026
4431.333897
4431.731856
4432.080941
4432.281115
4432.347484
4432.667861
4432.982313
4434.255719
4434.423816
4434.846774
4435.652822
4435.797198
4436.652732
4437.478084
4437.655561
4437.956152
4437.963715
4438.290268
4439.635983
4439.722252
4439.779665
4440.486461
4440.603455
4440.688146
4441.140136
4441.597495
4442.958401
4443.162158
4443.230399
4443.352296
4444.164824
4444.995665
4445.090691
4445.386021
4445.56319
4445.636874
4445.943814
4446.386059
4446.647992
4446.81667
4447.001128
4447.127789
4447.407184
4447.418662
4447.582901
4447.973352
4448.978112
4449.239082
4450.554483
4450.956165
4452.15478
4453.202257
4453.242519
4454.134625
4454.660062
4455.06719
4455.231356
4455.3876
4455.511682
4455.634707
4455.841714
4455.946907
4456.474977
4457.079688
4457.21481
4457.215657
4457.294536
4458.514711
4458.910122
4459.181459
4459.298257
4459.359861
4459.719289
4459.990948
4460.2828
4460.471307
4461.234936
4461.288654
4461.788652
4461.913845
4462.181558
4462.679084
4463.596385
4463.676425
4463.895451
4464.305529
4464.496817
4466.544119
4466.822142
4466.828581
4467.785532
4467.994991
4468.016883
4468.305387
4468.697803
4469.141533
4469.559805
4470.149504
4470.579351
4471.307015
4471.591468
4472.300088
4473.418678
4474.3192
4474.702345
4474.916865
4475.4037
4475.700384
4476.011548
4476.283189
4477.272687
4477.81829
4477.920343
4478.529892
4478.980877
4479.123593
4479.128839
4479.190949
4479.437686
4479.554714
4479.677312
4479.765541
4480.823618
4481.172175
4482.645969
4482.799107
4483.207324
4484.335496
4484.455608
4484.7964
4485.486204
4485.918345
4485.941105
4487.858651
4487.905267
4489.438888
4489.606979
4489.672697
4490.823941
4491.292507
4492.276078
4492.366584
4492.497223
4494.731751
4494.978787
4494.97987
4496.061859
4497.831709
4498.996156
4500.097015
4500.285267
4500.445598
4500.4638
4501.580676
4501.715049
4502.628859
4503.234762
4503.515821
4503.565496
4504.512189
4505.408809
4505.455702
4507.632922
4509.911429
4510.49506
4510.68904
4513.20354
4513.51338
4513.562529
4514.420891
4514.571646
4515.003341
4515.02639
4515.497608
4515.634328
4515.868548
4515.912535
4516.038624
4517.565147
4517.825117
4518.051568
4518.122806
4519.116161
4519.548641
4520.002354
4520.647499
4521.837674
4522.886482
4522.974146
4523.308542
4523.468098
4523.56363
4524.162574
4524.217971
4524.651541
4525.105158
4525.417918
4525.61671
4526.15824
4527.361398
4528.915708
4529.307097
4529.379616
4529.414498
4530.054266
4530.393792
4530.539438
4530.696563
4530.740709
4531.057469
4531.314436
4532.035033
4532.110089
4532.2312
4532.371459
4532.866569
4532.871665
4535.755974
4536.901889
4537.586658
4538.705316
4539.435131
4539.524687
4541.410467
4542.870376
4543.094601
4543.435115
4544.431519
4544.510767
4546.060644
4546.088016
4546.162775
4546.434056
4547.267714
4548.229739
4548.282398
4549.017255
4549.198535
4549.432344
4549.444982
4550.009058
4550.189757
4550.583016
4550.852346
4551.532573
4551.652688
4551.863788
4552.174708
4553.255517
4554.10768
4554.430763
4555.260107
4555.99179
4556.027664
4556.117196
4557.735611
4558.270737
4559.290869
4559.539891
4559.625913
4559.704953
4560.235094
4560.379723
4560.808513
4561.049141
4561.354679
4561.543222
4561.694992
4563.70489
4564.104201
4565.794741
4567.147712
4568.040526
4568.403519
4568.866238
4569.10313
4569.762834
4570.280912
4571.491335
4572.028502
4572.511625
4574.095007
4574.241549
4574.572935
4574.682899
4575.249732
4575.488199
4576.894011
4577.548379
4578.199479
4578.473776
4578.944447
4579.041185
4580.264357
4580.60326
4580.846224
4582.525194
4583.441354
4585.824884
4586.433473
4588.481621
4588.709192
4588.779469
4589.073387
4589.48236
4589.561438
4590.515584
4591.066057
4591.278878
4591.573538
4591.735242
4591.997487
4592.885941
4592.942208
4593.896405
4594.578235
4594.887263
4596.271291
4597.726674
4598.09739
4599.229345
4599.81328
4602.024561
4602.619312
4602.999711
4604.88155
4605.631729
4606.153237
4608.989928
4609.471437
4609.997048
4610.64177
4611.105758
4612.373506
4613.834364
4613.85732
4614.555522
4615.663081
4619.134395
4619.367607
4620.196779
4620.33387
4620.474966
4621.533065
4621.807028
4622.323624
4622.491319
4622.960872
4626.215514
4626.994691
4627.550376
4628.403077
4629.313199
4629.433308
4635.771728
4636.535883
4637.262694
4637.593455
4638.403225
4639.45278
4639.789045
4641.093888
4641.704234
4643.041655
4643.22058
4644.370715
4644.54415
4644.966764
4645.390146
4646.110382
4646.194932
4647.271957
4647.664713
4647.717241
4648.150671
4649.483043
4650.849151
4651.969408
4652.396297
4653.857127
4653.972364
4654.70399
4655.429197
4656.114906
4657.177893
4658.354059
4658.684362
4662.139667
4662.256106
4662.53311
4662.847591
4664.542808
4665.964727
4668.921934
4669.584724
4670.732006
4670.997946
4671.120649
4672.021835
4672.806199
4672.979851
4676.168164
4677.399321
4678.64546
4678.803556
4680.074277
4681.095284
4682.135981
4683.707506
4683.72934
4683.865316
4684.309663
4684.659085
4685.503019
4685.905723
4685.968931
4687.52223
4688.147164
4689.34814
4690.508496
4690.867489
4691.082065
4691.83117
4693.909136
4694.111918
4694.98178
4695.356228
4696.505484
4698.985317
4699.492407
4700.620396
4704.838273
4705.27237
4705.2922
4705.724122
4708.13207
4708.176254
4711.140014
4711.466297
4713.73471
4715.089027
4717.025326
4717.142569
4717.782712
4718.856971
4720.218102
4727.605125
4727.619627
4727.908875
4728.599746
4731.424628
4732.932301
4734.304759
4734.439744
4735.40091
4735.971159
4736.397298
4736.978096
4739.698603
4741.593935
4745.531864
4747.395648
4749.050628
4749.675371
4755.328065
4756.36016
4757.979291
4760.277198
4760.731273
4765.167072
4768.427459
4768.908021
4769.760074
4769.897125
4772.182324
4772.220746
4772.687971
4772.706326
4774.072261
4777.132158
4778.530281
4779.542129
4779.916204
4780.589402
4781.696269
4783.91191
4790.915794
4793.068898
4794.645706
4798.716706
4801.592841
4802.632858
4804.722601
4804.789065
4805.155322
4805.339242
4806.207956
4806.739361
4806.878213
4809.709357
4813.55665
4814.564151
4815.645921
4815.714163
4818.563986
4820.096387
4820.753666
4822.423841
4824.31623
4826.027094
4826.227569
4827.317171
4828.796723
4837.451766
4838.292757
4841.393932
4843.879443
4844.089003
4846.853501
4848.717249
4849.837531
4858.348273
4861.282275
4863.669559
4870.193955
4871.930874
4877.139025
4878.062783
4878.667458
4882.402413
4883.037858
4884.117684
4888.148966
4889.336266
4891.048773
4892.482757
4897.601351
4900.096976
4901.981218
4903.108099
4904.037841
4905.273916
4906.140549
4908.560524
4908.631858
4913.126932
4914.542462
4914.73633
4918.402367
4918.548108
4919.095241
4927.076572
4937.278989
4937.33543
4941.05849
4941.147177
4945.084219
4946.539472
4948.65775
4950.897625
4951.820893
4952.433255
4953.647026
4954.872678
4960.465701
4965.643478
4969.429091
4971.438702
4975.632419
4978.681336
4982.715145
4987.700409
4992.276413
4996.297716
5006.935223
5012.296955
5034.036906
5036.944247
5037.957947
5042.486308
5046.543932
5050.312502
5053.974123
5055.0846
5056.23958
5060.308844
5061.829697
5067.265249
5072.869033
5073.564995
5083.14402
5084.706244
5086.217172
5090.416506
5093.785298
5099.41706
5105.283891
5108.068139
5113.613343
5123.285109
5135.013073
5138.020538
5151.592736
5156.204731
5156.521727
5173.688273
5175.699694
5177.18925
5204.691407
5205.738889
5219.196764
5232.944602
5234.599346
5245.923285
5255.063005
5265.076162
5267.945238
5274.675361
5283.215414
5296.559377
5297.932611
5324.684695
5352.883862
5358.981317
5389.854382
5396.83985
5426.222238
5436.326149
5442.278713
5461.500661
5461.559467
5489.513721
5502.145877
5507.193663
5523.184798
5536.850467
5550.3961
5653.47374
5809.541931
5906.832534
5916.080192
5984.533253
5991.844577
6101.965717
6113.118891
6143.802516
6284.038772
7494.158244
