23.501281
148.620242
149.385638
152.261848
182.868328
183.834639
184.953052
186.205691
188.663589
188.763932
190.138256
192.698217
193.080676
193.126914
193.2409
193.502214
193.611771
193.877882
193.954777
194.567988
194.863745
194.942504
195.008597
195.424743
195.43112
195.450951
195.541499
196.112504
196.889368
197.169217
197.214778
197.506338
198.09036
198.144212
198.242926
199.220322
199.260084
199.985279
200.456715
200.760981
200.821081
200.873852
200.9063
200.950612
200.97771
201.106173
201.260768
201.287909
201.35403
201.72481
201.79342
201.967004
202.193272
202.203189
202.500068
202.534814
202.600518
202.846512
202.876548
202.894208
202.950948
203.0053
203.488655
203.745718
203.769954
203.887802
204.08376
204.574778
204.629917
204.790109
204.820973
205.474275
205.979716
205.983582
206.533057
206.573584
206.598673
206.666941
207.133067
207.433754
207.800444
207.921673
207.989199
208.411521
209.29665
209.418398
209.712116
210.220444
210.544904
211.817829
211.907722
212.543865
212.992966
213.078401
213.365785
214.045614
215.486407
216.106479
216.305781
217.177641
218.279962
219.239521
219.541621
220.062087
221.437437
222.267068
223.185503
223.261234
224.706872
224.781009
225.462304
226.401695
227.392931
228.716127
230.405585
232.164389
232.774608
234.311562
234.328336
234.631498
235.564505
237.099653
237.767995
238.402467
243.003628
246.270025
251.638752
268.035108
273.737582
273.905852
276.006625
277.855705
277.916157
290.869196
290.877256
295.324592
297.239373
300.861939
300.906322
364.763982
452.77282
481.829423
491.839109
494.852732
504.650356
507.977056
511.09578
520.583376
530.16092
535.359838
632.010529
649.096833
660.13937
671.53163
722.943199
803.458943
1609.132561
1672.01834
1854.501633
2160.70335
2194.918394
2887.752818
3407.52155
4660.916037
4829.150768
5256.456936
10805.939208
10815.591781
